enter,exit,date,id,location
5,19,2023-08-15T17:41:03.093Z,638,3
12,7,2023-08-15T17:41:03.093Z,94,8
33,21,2023-08-15T17:40:13.093Z,122,6
35,29,2023-08-15T17:40:13.093Z,853,10
3,9,2023-08-15T17:40:23.093Z,381,2
7,1,2023-08-15T17:40:23.093Z,27,1
12,10,2023-08-15T17:40:23.093Z,686,8
14,17,2023-08-15T17:40:23.093Z,964,3
17,22,2023-08-15T17:40:23.093Z,332,9
27,31,2023-08-15T17:40:23.093Z,154,5
33,28,2023-08-15T17:40:23.093Z,337,6
5,13,2023-08-15T17:40:33.093Z,230,3
14,17,2023-08-15T17:40:33.093Z,458,3
21,23,2023-08-15T17:40:33.093Z,738,9
32,34,2023-08-15T17:40:33.093Z,131,6
13,14,2023-08-15T17:40:43.093Z,862,13
20,26,2023-08-15T17:40:43.093Z,288,4
32,21,2023-08-15T17:40:43.093Z,495,6
8,11,2023-08-15T17:40:53.093Z,381,2
12,10,2023-08-15T17:40:53.093Z,791,8
17,23,2023-08-15T17:40:53.093Z,908,9
21,16,2023-08-15T17:40:53.093Z,306,9
27,34,2023-08-15T17:40:53.093Z,667,5
1,1,2023-08-15T17:41:03.093Z,5,7
9,14,2023-08-15T17:41:03.093Z,686,13
14,13,2023-08-15T17:41:03.093Z,347,3
15,13,2023-08-15T17:41:03.093Z,134,3
20,35,2023-08-15T17:41:03.093Z,342,4
32,25,2023-08-15T17:41:03.093Z,515,6
4,9,2023-08-15T17:41:13.093Z,292,2
32,34,2023-08-15T17:39:53.093Z,147,6
0,3,2023-08-15T17:40:03.093Z,381,1
13,8,2023-08-15T17:40:03.093Z,583,13
17,22,2023-08-15T17:40:03.093Z,722,9
30,32,2023-08-15T17:40:03.093Z,732,12
2,1,2023-08-15T17:40:13.093Z,54,1
10,10,2023-08-15T17:40:13.093Z,93,2
17,16,2023-08-15T17:40:13.093Z,945,9
22,34,2023-08-15T17:40:13.093Z,343,6
29,27,2023-08-15T17:40:13.093Z,0,11
34,33,2023-08-15T17:40:13.093Z,509,7
5,17,2023-08-15T17:40:23.093Z,965,3
13,8,2023-08-15T17:40:23.093Z,104,13
18,20,2023-08-15T17:40:23.093Z,838,3
26,27,2023-08-15T17:40:23.093Z,819,11
32,34,2023-08-15T17:40:23.093Z,81,6
3,11,2023-08-15T17:40:33.093Z,954,2
12,10,2023-08-15T17:40:33.093Z,539,8
20,35,2023-08-15T17:40:33.093Z,361,4
30,32,2023-08-15T17:40:33.093Z,658,12
10,5,2023-08-15T17:40:43.093Z,93,2
17,22,2023-08-15T17:40:43.093Z,40,9
31,32,2023-08-15T17:40:43.093Z,144,12
4,5,2023-08-15T17:40:53.093Z,472,2
10,9,2023-08-15T17:40:53.093Z,686,2
20,26,2023-08-15T17:40:53.093Z,164,4
32,25,2023-08-15T17:40:53.093Z,526,6
17,16,2023-08-15T17:41:03.093Z,757,9
23,15,2023-08-15T17:41:03.093Z,908,14
33,25,2023-08-15T17:41:03.093Z,431,6
14,12,2023-08-15T17:41:13.093Z,100,3
20,35,2023-08-15T17:41:13.093Z,117,4
6,10,2023-08-15T17:41:23.093Z,212,8
13,14,2023-08-15T17:41:23.093Z,230,13
21,16,2023-08-15T17:41:23.093Z,870,9
7,1,2023-08-15T17:41:13.093Z,94,1
15,12,2023-08-15T17:41:13.093Z,734,3
1,18,2023-08-15T17:41:23.093Z,430,7
11,7,2023-08-15T17:41:23.093Z,954,8
14,4,2023-08-15T17:41:23.093Z,24,3
19,0,2023-08-15T17:41:23.093Z,561,7
30,32,2023-08-15T17:41:23.093Z,774,12
33,21,2023-08-15T17:41:23.093Z,509,6
8,8,2023-08-15T17:41:33.093Z,292,2
14,19,2023-08-15T17:41:33.093Z,2,3
20,35,2023-08-15T17:41:33.093Z,473,4
18,17,2023-08-15T17:41:03.093Z,18,3
21,16,2023-08-15T17:41:03.093Z,465,9
1,18,2023-08-15T17:41:13.093Z,619,7
27,31,2023-08-15T17:39:53.093Z,69,5
34,33,2023-08-15T17:39:53.093Z,431,7
7,1,2023-08-15T17:40:03.093Z,949,1
15,17,2023-08-15T17:40:03.093Z,128,3
27,31,2023-08-15T17:40:03.093Z,456,5
34,18,2023-08-15T17:40:03.093Z,784,7
7,3,2023-08-15T17:40:13.093Z,954,1
14,12,2023-08-15T17:40:13.093Z,94,3
20,26,2023-08-15T17:40:13.093Z,775,4
25,15,2023-08-15T17:40:13.093Z,312,14
32,21,2023-08-15T17:40:13.093Z,870,6
1,0,2023-08-15T17:40:23.093Z,597,7
9,14,2023-08-15T17:40:23.093Z,583,13
15,12,2023-08-15T17:40:23.093Z,196,3
23,24,2023-08-15T17:40:23.093Z,389,14
29,27,2023-08-15T17:40:23.093Z,32,11
34,33,2023-08-15T17:40:23.093Z,143,7
9,8,2023-08-15T17:40:33.093Z,381,13
16,13,2023-08-15T17:40:33.093Z,538,3
20,35,2023-08-15T17:42:13.093Z,227,4
22,25,2023-08-15T17:40:33.093Z,48,6
5,13,2023-08-15T17:40:43.093Z,289,3
14,19,2023-08-15T17:40:43.093Z,735,3
22,25,2023-08-15T17:40:43.093Z,722,6
0,6,2023-08-15T17:40:53.093Z,212,1
5,13,2023-08-15T17:40:53.093Z,607,3
14,13,2023-08-15T17:40:53.093Z,297,3
23,15,2023-08-15T17:40:53.093Z,738,14
11,10,2023-08-15T17:41:03.093Z,381,8
22,25,2023-08-15T17:41:03.093Z,210,6
29,27,2023-08-15T17:41:03.093Z,951,11
34,34,2023-08-15T17:41:03.093Z,605,7
17,22,2023-08-15T17:41:13.093Z,132,9
4,5,2023-08-15T17:41:23.093Z,357,2
10,9,2023-08-15T17:41:23.093Z,791,2
17,22,2023-08-15T17:41:23.093Z,769,9
34,0,2023-08-15T17:41:23.093Z,779,7
13,14,2023-08-15T17:41:13.093Z,694,13
21,16,2023-08-15T17:41:13.093Z,114,9
9,8,2023-08-15T17:41:23.093Z,292,13
12,7,2023-08-15T17:41:23.093Z,196,8
15,12,2023-08-15T17:41:23.093Z,604,3
20,35,2023-08-15T17:41:23.093Z,249,4
32,21,2023-08-15T17:41:23.093Z,9,6
7,3,2023-08-15T17:41:33.093Z,954,1
13,8,2023-08-15T17:41:33.093Z,538,13
17,16,2023-08-15T17:41:33.093Z,554,9
25,15,2023-08-15T17:41:33.093Z,722,14
1,1,2023-08-15T17:41:33.093Z,578,7
34,33,2023-08-15T17:41:33.093Z,630,7
21,22,2023-08-15T17:41:33.093Z,122,9
32,21,2023-08-15T17:41:33.093Z,861,6
9,8,2023-08-15T17:41:33.093Z,791,13
8,2,2023-08-15T17:41:43.093Z,791,2
10,5,2023-08-15T17:41:43.093Z,212,2
12,7,2023-08-15T17:41:43.093Z,185,8
13,8,2023-08-15T17:41:43.093Z,289,13
14,17,2023-08-15T17:41:43.093Z,946,3
16,20,2023-08-15T17:41:43.093Z,945,3
20,26,2023-08-15T17:41:43.093Z,752,4
21,23,2023-08-15T17:41:43.093Z,495,9
33,28,2023-08-15T17:41:43.093Z,143,6
34,34,2023-08-15T17:41:43.093Z,446,7
0,6,2023-08-15T17:41:53.093Z,597,1
1,1,2023-08-15T17:41:53.093Z,675,7
3,2,2023-08-15T17:41:53.093Z,954,2
5,13,2023-08-15T17:41:53.093Z,93,3
7,3,2023-08-15T17:41:53.093Z,196,1
10,5,2023-08-15T17:41:53.093Z,104,2
14,4,2023-08-15T17:41:53.093Z,26,3
15,19,2023-08-15T17:41:53.093Z,37,3
17,23,2023-08-15T17:41:53.093Z,80,9
18,13,2023-08-15T17:41:53.093Z,619,3
20,35,2023-08-15T17:41:53.093Z,201,4
25,15,2023-08-15T17:41:53.093Z,526,14
28,30,2023-08-15T17:41:53.093Z,143,10
31,32,2023-08-15T17:41:53.093Z,456,12
2,6,2023-08-15T17:42:03.093Z,791,1
8,5,2023-08-15T17:42:03.093Z,538,2
12,7,2023-08-15T17:42:03.093Z,734,8
13,14,2023-08-15T17:42:03.093Z,893,13
14,12,2023-08-15T17:42:03.093Z,583,3
16,20,2023-08-15T17:42:03.093Z,63,3
17,23,2023-08-15T17:42:03.093Z,462,9
20,26,2023-08-15T17:42:03.093Z,975,4
21,16,2023-08-15T17:42:03.093Z,9,9
25,15,2023-08-15T17:42:03.093Z,210,14
33,28,2023-08-15T17:42:03.093Z,630,6
2,6,2023-08-15T17:42:13.093Z,954,1
3,11,2023-08-15T17:42:13.093Z,196,2
4,2,2023-08-15T17:42:13.093Z,24,2
5,12,2023-08-15T17:42:13.093Z,472,3
8,5,2023-08-15T17:42:13.093Z,292,2
10,9,2023-08-15T17:42:13.093Z,539,2
12,7,2023-08-15T17:42:13.093Z,604,8
14,17,2023-08-15T17:42:13.093Z,862,3
16,20,2023-08-15T17:42:13.093Z,306,3
17,22,2023-08-15T17:42:13.093Z,236,9
18,4,2023-08-15T17:42:13.093Z,430,3
19,18,2023-08-15T17:42:13.093Z,735,7
22,34,2023-08-15T17:42:13.093Z,40,6
23,15,2023-08-15T17:42:13.093Z,80,14
25,15,2023-08-15T17:42:13.093Z,515,14
28,30,2023-08-15T17:42:13.093Z,630,10
31,32,2023-08-15T17:42:13.093Z,154,12
32,34,2023-08-15T17:42:13.093Z,732,6
34,33,2023-08-15T17:42:13.093Z,701,7
1,18,2023-08-15T17:42:23.093Z,804,7
4,9,2023-08-15T17:42:23.093Z,26,2
5,19,2023-08-15T17:42:23.093Z,357,3
6,10,2023-08-15T17:42:23.093Z,597,8
7,6,2023-08-15T17:42:23.093Z,185,1
9,14,2023-08-15T17:42:23.093Z,539,13
14,12,2023-08-15T17:42:23.093Z,220,3
15,17,2023-08-15T17:42:23.093Z,872,3
16,13,2023-08-15T17:42:23.093Z,757,3
17,22,2023-08-15T17:42:23.093Z,355,9
20,26,2023-08-15T17:42:23.093Z,915,4
21,16,2023-08-15T17:42:23.093Z,509,9
23,15,2023-08-15T17:42:23.093Z,462,14
25,15,2023-08-15T17:42:23.093Z,431,14
28,30,2023-08-15T17:42:23.093Z,337,10
30,32,2023-08-15T17:42:23.093Z,630,12
31,32,2023-08-15T17:42:23.093Z,69,12
32,25,2023-08-15T17:42:23.093Z,455,6
1,18,2023-08-15T17:42:33.093Z,878,7
9,8,2023-08-15T17:42:33.093Z,26,13
10,11,2023-08-15T17:42:33.093Z,597,2
13,14,2023-08-15T17:42:33.093Z,607,13
14,14,2023-08-15T17:42:33.093Z,686,3
15,17,2023-08-15T17:42:33.093Z,488,3
17,23,2023-08-15T17:42:33.093Z,112,9
20,35,2023-08-15T17:42:33.093Z,737,4
21,22,2023-08-15T17:42:33.093Z,861,9
22,28,2023-08-15T17:42:33.093Z,132,6
30,32,2023-08-15T17:42:33.093Z,143,12
33,21,2023-08-15T17:42:33.093Z,701,6
2,1,2023-08-15T17:42:43.093Z,24,1
7,1,2023-08-15T17:42:43.093Z,734,1
8,9,2023-08-15T17:42:43.093Z,289,2
10,5,2023-08-15T17:42:43.093Z,381,2
11,7,2023-08-15T17:42:43.093Z,597,8
14,12,2023-08-15T17:42:43.093Z,694,3
15,13,2023-08-15T17:42:43.093Z,48,3
16,4,2023-08-15T17:42:43.093Z,114,3
17,16,2023-08-15T17:42:43.093Z,844,9
20,35,2023-08-15T17:42:43.093Z,295,4
22,34,2023-08-15T17:42:43.093Z,769,6
23,24,2023-08-15T17:42:43.093Z,112,14
27,34,2023-08-15T17:42:43.093Z,33,5
28,30,2023-08-15T17:42:43.093Z,132,10
30,32,2023-08-15T17:42:43.093Z,337,12
31,32,2023-08-15T17:42:43.093Z,10,12
32,34,2023-08-15T17:42:43.093Z,658,6
34,33,2023-08-15T17:42:43.093Z,865,7
4,11,2023-08-15T17:42:53.093Z,430,2
6,10,2023-08-15T17:42:53.093Z,954,8
7,3,2023-08-15T17:42:53.093Z,604,1
8,11,2023-08-15T17:42:53.093Z,26,2
9,14,2023-08-15T17:42:53.093Z,289,13
14,19,2023-08-15T17:42:53.093Z,230,3
15,19,2023-08-15T17:42:53.093Z,738,3
16,13,2023-08-15T17:42:53.093Z,870,3
17,22,2023-08-15T17:42:53.093Z,923,9
20,35,2023-08-15T17:42:53.093Z,570,4
21,23,2023-08-15T17:42:53.093Z,701,9
22,25,2023-08-15T17:42:53.093Z,122,6
23,15,2023-08-15T17:42:53.093Z,495,14
26,27,2023-08-15T17:42:53.093Z,618,11
29,27,2023-08-15T17:42:53.093Z,920,11
32,28,2023-08-15T17:42:53.093Z,144,6
34,0,2023-08-15T17:42:53.093Z,571,7
35,29,2023-08-15T17:42:53.093Z,559,10
1,0,2023-08-15T17:43:03.093Z,586,7
3,2,2023-08-15T17:43:03.093Z,604,2
4,5,2023-08-15T17:43:03.093Z,114,2
6,10,2023-08-15T17:43:03.093Z,185,8
10,5,2023-08-15T17:43:03.093Z,954,2
11,10,2023-08-15T17:43:03.093Z,430,8
12,10,2023-08-15T17:43:03.093Z,100,8
13,8,2023-08-15T17:43:03.093Z,297,13
16,12,2023-08-15T17:43:03.093Z,554,3
17,22,2023-08-15T17:43:03.093Z,218,9
18,4,2023-08-15T17:43:03.093Z,735,3
20,26,2023-08-15T17:43:03.093Z,825,4
22,28,2023-08-15T17:43:03.093Z,236,6
23,15,2023-08-15T17:43:03.093Z,701,14
25,15,2023-08-15T17:43:03.093Z,455,14
28,28,2023-08-15T17:43:03.093Z,144,10
29,27,2023-08-15T17:43:03.093Z,55,11
30,32,2023-08-15T17:43:03.093Z,132,12
32,21,2023-08-15T17:43:03.093Z,247,6
33,28,2023-08-15T17:43:03.093Z,865,6
34,33,2023-08-15T17:43:03.093Z,309,7
2,6,2023-08-15T17:43:13.093Z,604,1
6,10,2023-08-15T17:43:13.093Z,791,8
8,2,2023-08-15T17:43:13.093Z,297,2
10,2,2023-08-15T17:43:13.093Z,185,2
11,7,2023-08-15T17:43:13.093Z,26,8
12,7,2023-08-15T17:43:13.093Z,472,8
14,19,2023-08-15T17:43:13.093Z,893,3
15,19,2023-08-15T17:43:13.093Z,908,3
16,4,2023-08-15T17:43:13.093Z,9,3
17,16,2023-08-15T17:43:13.093Z,691,9
18,20,2023-08-15T17:43:13.093Z,804,3
20,35,2023-08-15T17:43:13.093Z,914,4
25,15,2023-08-15T17:43:13.093Z,122,14
28,29,2023-08-15T17:43:13.093Z,236,10
29,27,2023-08-15T17:43:13.093Z,710,11
32,25,2023-08-15T17:43:13.093Z,774,6
35,30,2023-08-15T17:43:13.093Z,207,10
1,18,2023-08-15T17:43:23.093Z,875,7
10,10,2023-08-15T17:43:23.093Z,430,2
13,8,2023-08-15T17:43:23.093Z,134,13
15,4,2023-08-15T17:43:23.093Z,722,3
25,24,2023-08-15T17:43:23.093Z,774,14
27,34,2023-08-15T17:43:23.093Z,478,5
13,8,2023-08-15T17:43:33.093Z,93,13
15,12,2023-08-15T17:43:33.093Z,526,3
18,13,2023-08-15T17:43:33.093Z,878,3
20,26,2023-08-15T17:43:33.093Z,784,4
23,24,2023-08-15T17:43:33.093Z,128,14
28,29,2023-08-15T17:43:33.093Z,865,10
32,28,2023-08-15T17:43:33.093Z,154,6
0,6,2023-08-15T17:43:43.093Z,779,1
5,17,2023-08-15T17:43:43.093Z,212,3
7,1,2023-08-15T17:43:43.093Z,26,1
12,7,2023-08-15T17:43:43.093Z,220,8
14,19,2023-08-15T17:43:43.093Z,607,3
16,12,2023-08-15T17:43:43.093Z,844,3
22,34,2023-08-15T17:43:43.093Z,861,6
28,30,2023-08-15T17:43:43.093Z,144,10
34,18,2023-08-15T17:43:43.093Z,940,7
2,1,2023-08-15T17:43:53.093Z,500,1
5,17,2023-08-15T17:43:53.093Z,104,3
13,14,2023-08-15T17:43:53.093Z,757,13
2,1,2023-08-15T17:43:23.093Z,297,1
16,20,2023-08-15T17:43:23.093Z,509,3
17,23,2023-08-15T17:43:23.093Z,128,9
19,19,2023-08-15T17:43:23.093Z,738,7
20,35,2023-08-15T17:43:23.093Z,838,4
22,34,2023-08-15T17:43:23.093Z,355,6
30,32,2023-08-15T17:43:23.093Z,207,12
32,25,2023-08-15T17:43:23.093Z,456,6
0,3,2023-08-15T17:43:33.093Z,561,1
2,1,2023-08-15T17:43:33.093Z,185,1
8,11,2023-08-15T17:43:33.093Z,134,2
10,2,2023-08-15T17:43:33.093Z,100,2
14,17,2023-08-15T17:43:33.093Z,539,3
19,0,2023-08-15T17:43:33.093Z,2,7
35,29,2023-08-15T17:43:33.093Z,264,10
2,1,2023-08-15T17:43:43.093Z,100,1
6,10,2023-08-15T17:43:43.093Z,604,8
11,7,2023-08-15T17:43:43.093Z,134,8
13,8,2023-08-15T17:43:43.093Z,619,13
15,20,2023-08-15T17:43:43.093Z,210,3
17,22,2023-08-15T17:43:43.093Z,106,9
18,17,2023-08-15T17:43:43.093Z,875,3
27,34,2023-08-15T17:43:43.093Z,387,5
33,28,2023-08-15T17:43:43.093Z,309,6
35,30,2023-08-15T17:43:43.093Z,960,10
4,9,2023-08-15T17:43:53.093Z,735,2
7,1,2023-08-15T17:43:53.093Z,472,1
16,13,2023-08-15T17:43:53.093Z,465,3
27,31,2023-08-15T17:43:53.093Z,532,5
30,32,2023-08-15T17:43:53.093Z,144,12
34,33,2023-08-15T17:43:53.093Z,711,7
3,11,2023-08-15T17:44:03.093Z,561,2
9,8,2023-08-15T17:44:03.093Z,735,13
12,10,2023-08-15T17:44:03.093Z,694,8
14,17,2023-08-15T17:44:03.093Z,289,3
16,20,2023-08-15T17:44:03.093Z,691,3
34,18,2023-08-15T17:44:03.093Z,560,7
1,18,2023-08-15T17:44:13.093Z,238,7
7,6,2023-08-15T17:44:13.093Z,220,1
24,26,2023-08-15T17:44:13.093Z,389,4
27,31,2023-08-15T17:44:13.093Z,916,5
30,32,2023-08-15T17:44:13.093Z,960,12
35,30,2023-08-15T17:44:13.093Z,986,10
6,10,2023-08-15T17:44:23.093Z,779,8
9,14,2023-08-15T17:44:23.093Z,722,13
12,10,2023-08-15T17:44:23.093Z,554,8
22,34,2023-08-15T17:44:23.093Z,923,6
32,34,2023-08-15T17:44:23.093Z,143,6
1,18,2023-08-15T17:44:33.093Z,938,7
6,7,2023-08-15T17:44:33.093Z,586,8
13,14,2023-08-15T17:44:33.093Z,347,13
15,13,2023-08-15T17:44:33.093Z,312,3
18,20,2023-08-15T17:44:33.093Z,940,3
26,27,2023-08-15T17:44:33.093Z,414,11
29,27,2023-08-15T17:44:33.093Z,215,11
1,33,2023-08-15T17:44:43.093Z,118,7
8,5,2023-08-15T17:44:43.093Z,48,2
19,18,2023-08-15T17:44:43.093Z,738,7
30,32,2023-08-15T17:44:43.093Z,986,12
6,10,2023-08-15T17:44:53.093Z,220,8
13,14,2023-08-15T17:44:53.093Z,465,13
28,29,2023-08-15T17:44:53.093Z,591,10
30,32,2023-08-15T17:44:53.093Z,711,12
17,16,2023-08-15T17:44:03.093Z,965,9
27,31,2023-08-15T17:44:03.093Z,307,5
3,2,2023-08-15T17:44:13.093Z,571,2
8,2,2023-08-15T17:44:13.093Z,93,2
14,19,2023-08-15T17:44:13.093Z,757,3
17,23,2023-08-15T17:44:13.093Z,964,9
31,32,2023-08-15T17:44:13.093Z,532,12
7,1,2023-08-15T17:44:23.093Z,597,1
13,14,2023-08-15T17:44:23.093Z,878,13
20,26,2023-08-15T17:44:23.093Z,63,4
25,15,2023-08-15T17:44:23.093Z,456,14
33,28,2023-08-15T17:44:23.093Z,711,6
2,3,2023-08-15T17:44:33.093Z,93,1
16,12,2023-08-15T17:44:33.093Z,965,3
28,30,2023-08-15T17:44:33.093Z,711,10
31,32,2023-08-15T17:44:33.093Z,916,12
7,6,2023-08-15T17:44:43.093Z,561,1
10,11,2023-08-15T17:44:43.093Z,779,2
17,16,2023-08-15T17:44:43.093Z,443,9
22,34,2023-08-15T17:44:43.093Z,218,6
34,33,2023-08-15T17:44:43.093Z,750,7
8,2,2023-08-15T17:44:53.093Z,619,2
12,10,2023-08-15T17:44:53.093Z,515,8
18,12,2023-08-15T17:44:53.093Z,238,3
26,27,2023-08-15T17:44:53.093Z,998,11
31,32,2023-08-15T17:44:53.093Z,184,12
14,20,2023-08-15T17:43:53.093Z,686,3
17,16,2023-08-15T17:43:53.093Z,823,9
28,30,2023-08-15T17:43:53.093Z,154,10
32,21,2023-08-15T17:43:53.093Z,69,6
0,3,2023-08-15T17:44:03.093Z,571,1
5,20,2023-08-15T17:44:03.093Z,538,3
10,5,2023-08-15T17:44:03.093Z,791,2
13,8,2023-08-15T17:44:03.093Z,48,13
15,12,2023-08-15T17:44:03.093Z,515,3
20,35,2023-08-15T17:44:03.093Z,945,4
0,6,2023-08-15T17:44:13.093Z,586,1
4,9,2023-08-15T17:44:13.093Z,722,2
13,14,2023-08-15T17:44:13.093Z,870,13
26,27,2023-08-15T17:44:13.093Z,936,11
29,27,2023-08-15T17:44:13.093Z,268,11
34,33,2023-08-15T17:44:13.093Z,591,7
1,18,2023-08-15T17:44:23.093Z,528,7
8,8,2023-08-15T17:44:23.093Z,619,2
10,5,2023-08-15T17:44:23.093Z,604,2
15,17,2023-08-15T17:44:23.093Z,431,3
31,32,2023-08-15T17:44:23.093Z,307,12
34,33,2023-08-15T17:44:23.093Z,174,7
5,17,2023-08-15T17:44:33.093Z,381,3
8,2,2023-08-15T17:44:33.093Z,735,2
14,19,2023-08-15T17:44:33.093Z,870,3
17,16,2023-08-15T17:44:33.093Z,458,9
19,33,2023-08-15T17:44:33.093Z,357,7
27,31,2023-08-15T17:44:33.093Z,272,5
34,18,2023-08-15T17:44:33.093Z,854,7
5,20,2023-08-15T17:44:43.093Z,114,3
15,17,2023-08-15T17:44:43.093Z,495,3
27,31,2023-08-15T17:44:43.093Z,246,5
33,28,2023-08-15T17:44:43.093Z,591,6
10,5,2023-08-15T17:44:53.093Z,554,2
24,26,2023-08-15T17:44:53.093Z,128,4
29,27,2023-08-15T17:44:53.093Z,973,11
35,29,2023-08-15T17:44:53.093Z,411,10
21,22,2023-08-15T17:44:03.093Z,69,9
35,30,2023-08-15T17:44:03.093Z,753,10
5,12,2023-08-15T17:44:13.093Z,292,3
10,5,2023-08-15T17:44:13.093Z,430,2
15,20,2023-08-15T17:44:13.093Z,462,3
28,29,2023-08-15T17:44:13.093Z,309,10
0,6,2023-08-15T17:44:23.093Z,2,1
11,7,2023-08-15T17:44:23.093Z,561,8
16,20,2023-08-15T17:44:23.093Z,823,3
23,23,2023-08-15T17:44:23.093Z,964,14
27,31,2023-08-15T17:44:23.093Z,184,5
35,29,2023-08-15T17:44:23.093Z,11,10
10,9,2023-08-15T17:44:33.093Z,694,2
23,15,2023-08-15T17:44:33.093Z,964,14
30,32,2023-08-15T17:44:33.093Z,753,12
35,29,2023-08-15T17:44:33.093Z,866,10
9,8,2023-08-15T17:44:43.093Z,694,13
12,10,2023-08-15T17:44:43.093Z,844,8
18,20,2023-08-15T17:44:43.093Z,560,3
32,34,2023-08-15T17:44:43.093Z,337,6
35,35,2023-08-15T17:44:43.093Z,52,10
11,7,2023-08-15T17:44:53.093Z,779,8
17,16,2023-08-15T17:44:53.093Z,127,9
19,33,2023-08-15T17:44:53.093Z,638,7
27,31,2023-08-15T17:44:53.093Z,113,5
34,33,2023-08-15T17:44:53.093Z,768,7
5,19,2023-08-15T17:45:03.093Z,954,3
33,28,2023-08-15T17:45:03.093Z,174,6
15,12,2023-08-15T17:45:13.093Z,701,3
2,6,2023-08-15T17:45:03.093Z,735,1
6,7,2023-08-15T17:45:03.093Z,2,8
27,31,2023-08-15T17:45:03.093Z,217,5
1,0,2023-08-15T17:45:13.093Z,589,7
7,1,2023-08-15T17:45:13.093Z,134,1
16,19,2023-08-15T17:45:13.093Z,458,3
19,33,2023-08-15T17:45:13.093Z,230,7
21,22,2023-08-15T17:45:13.093Z,247,9
27,31,2023-08-15T17:45:13.093Z,847,5
30,32,2023-08-15T17:45:13.093Z,683,12
34,33,2023-08-15T17:45:13.093Z,198,7
2,3,2023-08-15T17:45:23.093Z,694,1
7,3,2023-08-15T17:45:23.093Z,779,1
10,9,2023-08-15T17:45:23.093Z,220,2
12,10,2023-08-15T17:45:23.093Z,965,8
15,20,2023-08-15T17:45:23.093Z,455,3
17,22,2023-08-15T17:45:23.093Z,862,9
20,26,2023-08-15T17:45:23.093Z,210,4
26,27,2023-08-15T17:45:23.093Z,855,11
32,34,2023-08-15T17:45:23.093Z,10,6
35,29,2023-08-15T17:45:23.093Z,991,10
3,11,2023-08-15T17:45:33.093Z,586,2
5,17,2023-08-15T17:45:33.093Z,430,3
8,2,2023-08-15T17:45:33.093Z,844,2
12,7,2023-08-15T17:45:33.093Z,238,8
7,3,2023-08-15T17:45:03.093Z,586,1
10,9,2023-08-15T17:45:03.093Z,844,2
13,14,2023-08-15T17:45:03.093Z,312,13
17,22,2023-08-15T17:45:03.093Z,18,9
20,35,2023-08-15T17:45:03.093Z,804,4
24,35,2023-08-15T17:45:03.093Z,774,4
35,30,2023-08-15T17:45:03.093Z,683,10
2,1,2023-08-15T17:45:13.093Z,619,1
6,10,2023-08-15T17:45:13.093Z,561,8
12,7,2023-08-15T17:45:13.093Z,583,8
8,2,2023-08-15T17:45:03.093Z,694,2
12,7,2023-08-15T17:45:03.093Z,292,8
14,12,2023-08-15T17:45:03.093Z,878,3
19,19,2023-08-15T17:45:03.093Z,607,7
22,34,2023-08-15T17:45:03.093Z,106,6
34,33,2023-08-15T17:45:03.093Z,76,7
3,11,2023-08-15T17:45:13.093Z,93,2
14,17,2023-08-15T17:45:13.093Z,347,3
18,17,2023-08-15T17:45:13.093Z,528,3
20,35,2023-08-15T17:45:13.093Z,509,4
26,27,2023-08-15T17:45:13.093Z,972,11
29,27,2023-08-15T17:45:13.093Z,529,11
31,32,2023-08-15T17:45:13.093Z,272,12
35,29,2023-08-15T17:45:13.093Z,492,10
5,20,2023-08-15T17:45:23.093Z,791,3
9,8,2023-08-15T17:45:23.093Z,844,13
11,7,2023-08-15T17:45:23.093Z,93,8
14,19,2023-08-15T17:45:23.093Z,465,3
16,20,2023-08-15T17:45:23.093Z,443,3
18,4,2023-08-15T17:45:23.093Z,938,3
22,34,2023-08-15T17:45:23.093Z,69,6
27,34,2023-08-15T17:45:23.093Z,990,5
34,33,2023-08-15T17:45:23.093Z,989,7
0,3,2023-08-15T17:45:33.093Z,589,1
4,9,2023-08-15T17:45:33.093Z,938,2
7,3,2023-08-15T17:45:33.093Z,2,1
10,9,2023-08-15T17:45:33.093Z,515,2
14,4,2023-08-15T17:45:33.093Z,312,3
16,16,2023-08-15T17:45:33.093Z,127,3
19,33,2023-08-15T17:45:33.093Z,37,7
22,21,2023-08-15T17:45:33.093Z,18,6
33,28,2023-08-15T17:45:33.093Z,357,6
1,0,2023-08-15T17:45:43.093Z,168,7
4,5,2023-08-15T17:45:43.093Z,9,2
6,10,2023-08-15T17:45:43.093Z,735,8
9,8,2023-08-15T17:45:43.093Z,220,13
11,10,2023-08-15T17:45:43.093Z,586,8
15,13,2023-08-15T17:45:43.093Z,122,3
18,4,2023-08-15T17:45:43.093Z,738,3
28,30,2023-08-15T17:45:43.093Z,357,10
32,25,2023-08-15T17:45:43.093Z,786,6
34,33,2023-08-15T17:45:43.093Z,452,7
5,19,2023-08-15T17:45:53.093Z,48,3
10,2,2023-08-15T17:45:53.093Z,965,2
17,22,2023-08-15T17:45:53.093Z,488,9
30,32,2023-08-15T17:45:53.093Z,357,12
2,1,2023-08-15T17:46:03.093Z,965,1
5,20,2023-08-15T17:46:03.093Z,554,3
9,8,2023-08-15T17:46:03.093Z,515,13
17,16,2023-08-15T17:46:03.093Z,539,9
25,15,2023-08-15T17:46:03.093Z,786,14
33,28,2023-08-15T17:46:03.093Z,750,6
3,5,2023-08-15T17:46:13.093Z,779,2
9,14,2023-08-15T17:46:13.093Z,561,13
17,16,2023-08-15T17:46:13.093Z,212,9
25,15,2023-08-15T17:46:13.093Z,118,14
34,18,2023-08-15T17:46:13.093Z,921,7
16,4,2023-08-15T17:46:23.093Z,18,3
26,27,2023-08-15T17:46:23.093Z,124,11
33,25,2023-08-15T17:46:23.093Z,638,6
3,11,2023-08-15T17:46:33.093Z,589,2
14,20,2023-08-15T17:46:33.093Z,122,3
19,0,2023-08-15T17:46:33.093Z,908,7
33,28,2023-08-15T17:46:33.093Z,768,6
18,20,2023-08-15T17:45:33.093Z,854,3
20,26,2023-08-15T17:45:33.093Z,686,4
31,32,2023-08-15T17:45:33.093Z,246,12
34,0,2023-08-15T17:45:33.093Z,869,7
2,1,2023-08-15T17:45:43.093Z,571,1
5,17,2023-08-15T17:45:43.093Z,604,3
7,6,2023-08-15T17:45:43.093Z,292,1
10,9,2023-08-15T17:45:43.093Z,561,2
14,19,2023-08-15T17:45:43.093Z,722,3
17,16,2023-08-15T17:45:43.093Z,872,9
20,26,2023-08-15T17:45:43.093Z,538,4
31,32,2023-08-15T17:45:43.093Z,113,12
33,25,2023-08-15T17:45:43.093Z,118,6
2,3,2023-08-15T17:45:53.093Z,844,1
8,5,2023-08-15T17:45:53.093Z,220,2
12,7,2023-08-15T17:45:53.093Z,701,8
21,16,2023-08-15T17:45:53.093Z,18,9
1,0,2023-08-15T17:46:03.093Z,334,7
3,5,2023-08-15T17:46:03.093Z,694,2
7,1,2023-08-15T17:46:03.093Z,93,1
16,20,2023-08-15T17:46:03.093Z,127,3
20,26,2023-08-15T17:46:03.093Z,691,4
27,34,2023-08-15T17:46:03.093Z,258,5
1,18,2023-08-15T17:46:13.093Z,225,7
8,5,2023-08-15T17:46:13.093Z,515,2
16,13,2023-08-15T17:46:13.093Z,872,3
20,26,2023-08-15T17:46:13.093Z,462,4
26,27,2023-08-15T17:46:13.093Z,608,11
1,1,2023-08-15T17:46:23.093Z,530,7
22,21,2023-08-15T17:46:23.093Z,862,6
31,32,2023-08-15T17:46:23.093Z,847,12
34,18,2023-08-15T17:46:23.093Z,366,7
7,6,2023-08-15T17:46:33.093Z,701,1
16,4,2023-08-15T17:46:33.093Z,539,3
20,35,2023-08-15T17:46:33.093Z,940,4
35,29,2023-08-15T17:46:33.093Z,856,10
7,1,2023-08-15T17:45:53.093Z,583,1
19,33,2023-08-15T17:45:53.093Z,893,7
4,5,2023-08-15T17:46:03.093Z,312,2
13,14,2023-08-15T17:46:03.093Z,122,13
28,30,2023-08-15T17:46:03.093Z,174,10
0,3,2023-08-15T17:46:13.093Z,869,1
10,9,2023-08-15T17:46:13.093Z,586,2
28,30,2023-08-15T17:46:13.093Z,750,10
31,32,2023-08-15T17:46:13.093Z,217,12
0,3,2023-08-15T17:46:23.093Z,168,1
10,2,2023-08-15T17:46:23.093Z,292,2
25,15,2023-08-15T17:46:23.093Z,132,14
1,1,2023-08-15T17:46:33.093Z,235,7
17,16,2023-08-15T17:46:33.093Z,875,9
9,8,2023-08-15T17:45:53.093Z,938,13
32,25,2023-08-15T17:45:53.093Z,132,6
6,10,2023-08-15T17:46:03.093Z,292,8
22,34,2023-08-15T17:46:03.093Z,247,6
30,32,2023-08-15T17:46:03.093Z,154,12
7,6,2023-08-15T17:46:13.093Z,238,1
19,0,2023-08-15T17:46:13.093Z,607,7
29,27,2023-08-15T17:46:13.093Z,742,11
35,29,2023-08-15T17:46:13.093Z,600,10
5,13,2023-08-15T17:46:23.093Z,9,3
20,35,2023-08-15T17:46:23.093Z,823,4
30,32,2023-08-15T17:46:23.093Z,174,12
13,8,2023-08-15T17:46:33.093Z,872,13
34,0,2023-08-15T17:46:33.093Z,373,7
3,5,2023-08-15T17:46:43.093Z,2,2
5,17,2023-08-15T17:46:43.093Z,220,3
8,5,2023-08-15T17:46:43.093Z,938,2
25,15,2023-08-15T17:46:43.093Z,638,14
33,28,2023-08-15T17:46:43.093Z,76,6
4,2,2023-08-15T17:46:53.093Z,18,2
6,10,2023-08-15T17:46:53.093Z,701,8
12,7,2023-08-15T17:46:53.093Z,878,8
20,35,2023-08-15T17:46:53.093Z,114,4
27,34,2023-08-15T17:46:53.093Z,717,5
11,7,2023-08-15T17:47:03.093Z,872,8
21,16,2023-08-15T17:46:53.093Z,862,9
7,3,2023-08-15T17:47:03.093Z,878,1
0,6,2023-08-15T17:47:13.093Z,334,1
15,13,2023-08-15T17:47:13.093Z,456,3
31,32,2023-08-15T17:47:13.093Z,170,12
5,4,2023-08-15T17:47:23.093Z,515,3
29,27,2023-08-15T17:47:23.093Z,728,11
9,14,2023-08-15T17:47:33.093Z,9,13
34,33,2023-08-15T17:47:33.093Z,685,7
6,10,2023-08-15T17:47:43.093Z,334,8
18,20,2023-08-15T17:47:43.093Z,757,3
5,4,2023-08-15T17:47:53.093Z,238,3
12,10,2023-08-15T17:47:53.093Z,921,8
15,17,2023-08-15T17:47:53.093Z,786,3
19,18,2023-08-15T17:47:53.093Z,722,7
1,18,2023-08-15T17:48:03.093Z,664,7
19,18,2023-08-15T17:47:03.093Z,757,7
5,17,2023-08-15T17:47:13.093Z,779,3
27,31,2023-08-15T17:47:13.093Z,842,5
4,2,2023-08-15T17:47:23.093Z,738,2
26,27,2023-08-15T17:47:23.093Z,830,11
34,33,2023-08-15T17:47:23.093Z,21,7
17,22,2023-08-15T17:47:33.093Z,381,9
0,6,2023-08-15T17:47:43.093Z,908,1
10,5,2023-08-15T17:47:43.093Z,735,2
19,0,2023-08-15T17:47:43.093Z,48,7
11,7,2023-08-15T17:47:53.093Z,515,8
14,17,2023-08-15T17:47:53.093Z,586,3
17,16,2023-08-15T17:47:53.093Z,347,9
33,25,2023-08-15T17:47:53.093Z,452,6
17,16,2023-08-15T17:48:03.093Z,528,9
27,27,2023-08-15T17:48:03.093Z,371,5
1,18,2023-08-15T17:48:13.093Z,522,7
6,10,2023-08-15T17:48:13.093Z,607,8
15,12,2023-08-15T17:48:13.093Z,132,3
16,12,2023-08-15T17:48:13.093Z,212,3
6,10,2023-08-15T17:46:43.093Z,238,8
11,10,2023-08-15T17:46:43.093Z,589,8
2,1,2023-08-15T17:48:03.093Z,878,1
18,17,2023-08-15T17:48:03.093Z,188,3
29,27,2023-08-15T17:48:03.093Z,425,11
2,3,2023-08-15T17:48:13.093Z,334,1
7,7,2023-08-15T17:48:13.093Z,515,1
2,1,2023-08-15T17:46:43.093Z,292,1
18,17,2023-08-15T17:46:43.093Z,225,3
28,30,2023-08-15T17:46:43.093Z,768,10
5,20,2023-08-15T17:46:53.093Z,694,3
10,5,2023-08-15T17:46:53.093Z,238,2
1,0,2023-08-15T17:47:03.093Z,948,7
5,19,2023-08-15T17:47:03.093Z,312,3
10,5,2023-08-15T17:47:03.093Z,589,2
17,23,2023-08-15T17:47:03.093Z,289,9
33,21,2023-08-15T17:47:03.093Z,230,6
3,5,2023-08-15T17:47:13.093Z,869,2
7,1,2023-08-15T17:47:13.093Z,872,1
17,23,2023-08-15T17:47:13.093Z,431,9
19,19,2023-08-15T17:47:13.093Z,48,7
30,32,2023-08-15T17:47:13.093Z,768,12
2,3,2023-08-15T17:47:23.093Z,539,1
8,9,2023-08-15T17:47:23.093Z,9,2
18,13,2023-08-15T17:47:23.093Z,366,3
20,26,2023-08-15T17:47:23.093Z,560,4
33,25,2023-08-15T17:47:23.093Z,198,6
8,11,2023-08-15T17:46:53.093Z,872,2
17,16,2023-08-15T17:46:53.093Z,104,9
22,34,2023-08-15T17:46:53.093Z,488,6
3,5,2023-08-15T17:47:03.093Z,844,2
9,14,2023-08-15T17:47:03.093Z,586,13
14,17,2023-08-15T17:47:03.093Z,561,3
27,31,2023-08-15T17:47:03.093Z,170,5
34,0,2023-08-15T17:47:03.093Z,460,7
4,2,2023-08-15T17:47:13.093Z,539,2
13,8,2023-08-15T17:47:13.093Z,9,13
18,12,2023-08-15T17:47:13.093Z,921,3
28,29,2023-08-15T17:47:13.093Z,76,10
34,0,2023-08-15T17:47:13.093Z,927,7
3,11,2023-08-15T17:47:23.093Z,168,2
15,13,2023-08-15T17:47:23.093Z,964,3
19,33,2023-08-15T17:47:23.093Z,870,7
23,24,2023-08-15T17:47:23.093Z,431,14
2,1,2023-08-15T17:47:33.093Z,738,1
5,13,2023-08-15T17:47:33.093Z,2,3
21,16,2023-08-15T17:47:33.093Z,230,9
27,31,2023-08-15T17:47:33.093Z,150,5
32,34,2023-08-15T17:47:33.093Z,207,6
4,11,2023-08-15T17:47:43.093Z,515,2
12,12,2023-08-15T17:47:43.093Z,921,8
25,24,2023-08-15T17:47:43.093Z,198,14
27,31,2023-08-15T17:47:43.093Z,140,5
33,25,2023-08-15T17:47:43.093Z,37,6
3,5,2023-08-15T17:47:53.093Z,539,2
20,26,2023-08-15T17:47:53.093Z,791,4
24,35,2023-08-15T17:47:53.093Z,198,4
30,32,2023-08-15T17:47:53.093Z,750,12
5,19,2023-08-15T17:48:03.093Z,844,3
20,35,2023-08-15T17:48:03.093Z,455,4
0,6,2023-08-15T17:48:13.093Z,948,1
4,11,2023-08-15T17:48:13.093Z,238,2
10,9,2023-08-15T17:48:13.093Z,921,2
28,30,2023-08-15T17:48:13.093Z,893,10
17,16,2023-08-15T17:48:13.093Z,946,9
34,34,2023-08-15T17:48:13.093Z,252,7
0,6,2023-08-15T17:47:33.093Z,607,1
3,2,2023-08-15T17:47:33.093Z,878,2
20,26,2023-08-15T17:47:33.093Z,306,4
24,26,2023-08-15T17:47:33.093Z,431,4
31,32,2023-08-15T17:47:33.093Z,842,12
33,25,2023-08-15T17:47:33.093Z,989,6
5,13,2023-08-15T17:47:43.093Z,938,3
17,16,2023-08-15T17:47:43.093Z,495,9
26,27,2023-08-15T17:47:43.093Z,34,11
32,34,2023-08-15T17:47:43.093Z,144,6
34,18,2023-08-15T17:47:43.093Z,188,7
10,2,2023-08-15T17:47:53.093Z,334,2
22,34,2023-08-15T17:47:53.093Z,381,6
27,34,2023-08-15T17:47:53.093Z,918,5
0,3,2023-08-15T17:48:03.093Z,373,1
19,33,2023-08-15T17:48:03.093Z,465,7
33,28,2023-08-15T17:48:03.093Z,893,6
3,9,2023-08-15T17:48:13.093Z,373,2
5,12,2023-08-15T17:48:13.093Z,589,3
14,20,2023-08-15T17:48:13.093Z,9,3
32,25,2023-08-15T17:48:13.093Z,630,6
27,34,2023-08-15T17:48:13.093Z,692,5
35,29,2023-08-15T17:48:13.093Z,933,10
1,33,2023-08-15T17:48:23.093Z,790,7
13,14,2023-08-15T17:48:23.093Z,964,13
17,22,2023-08-15T17:48:23.093Z,430,9
28,29,2023-08-15T17:48:53.093Z,532,10
3,11,2023-08-15T17:49:03.093Z,460,2
11,10,2023-08-15T17:49:03.093Z,366,8
31,32,2023-08-15T17:49:03.093Z,107,12
34,33,2023-08-15T17:48:23.093Z,680,7
7,3,2023-08-15T17:48:23.093Z,515,1
26,27,2023-08-15T17:48:23.093Z,326,11
33,28,2023-08-15T17:48:23.093Z,870,6
35,30,2023-08-15T17:48:23.093Z,142,10
1,33,2023-08-15T17:48:33.093Z,978,7
5,13,2023-08-15T17:48:33.093Z,647,3
10,9,2023-08-15T17:48:33.093Z,607,2
15,19,2023-08-15T17:48:33.093Z,80,3
16,4,2023-08-15T17:48:33.093Z,104,3
20,26,2023-08-15T17:48:33.093Z,443,4
32,34,2023-08-15T17:48:33.093Z,960,6
4,5,2023-08-15T17:48:43.093Z,875,2
6,7,2023-08-15T17:48:43.093Z,908,8
27,31,2023-08-15T17:48:43.093Z,107,5
35,30,2023-08-15T17:48:43.093Z,126,10
4,2,2023-08-15T17:48:53.093Z,104,2
8,11,2023-08-15T17:48:53.093Z,366,2
16,4,2023-08-15T17:48:53.093Z,230,3
2,3,2023-08-15T17:48:23.093Z,18,1
16,4,2023-08-15T17:48:23.093Z,875,3
18,13,2023-08-15T17:49:03.093Z,707,3
29,27,2023-08-15T17:48:23.093Z,469,11
0,3,2023-08-15T17:48:33.093Z,460,1
3,9,2023-08-15T17:48:33.093Z,334,2
28,30,2023-08-15T17:48:33.093Z,870,10
29,27,2023-08-15T17:48:33.093Z,464,11
30,32,2023-08-15T17:48:33.093Z,893,12
1,0,2023-08-15T17:48:43.093Z,741,7
5,20,2023-08-15T17:48:43.093Z,735,3
17,16,2023-08-15T17:48:43.093Z,220,9
34,18,2023-08-15T17:48:43.093Z,707,7
0,6,2023-08-15T17:48:53.093Z,48,1
6,10,2023-08-15T17:48:53.093Z,948,8
13,14,2023-08-15T17:48:53.093Z,2,13
25,15,2023-08-15T17:48:53.093Z,452,14
10,9,2023-08-15T17:48:23.093Z,701,2
35,30,2023-08-15T17:48:53.093Z,173,10
18,17,2023-08-15T17:48:23.093Z,722,3
8,5,2023-08-15T17:49:03.093Z,334,2
26,27,2023-08-15T17:49:03.093Z,302,11
13,8,2023-08-15T17:48:33.093Z,366,13
25,24,2023-08-15T17:48:33.093Z,989,14
34,33,2023-08-15T17:48:33.093Z,370,7
9,14,2023-08-15T17:48:43.093Z,701,13
16,19,2023-08-15T17:48:43.093Z,862,3
31,32,2023-08-15T17:48:43.093Z,140,12
3,2,2023-08-15T17:48:53.093Z,515,2
14,17,2023-08-15T17:48:53.093Z,921,3
24,35,2023-08-15T17:48:53.093Z,989,4
5,12,2023-08-15T17:49:03.093Z,539,3
13,14,2023-08-15T17:49:03.093Z,938,13
32,34,2023-08-15T17:49:03.093Z,307,6
2,3,2023-08-15T17:49:03.093Z,132,1
16,19,2023-08-15T17:49:03.093Z,495,3
3,9,2023-08-15T17:49:13.093Z,927,2
8,5,2023-08-15T17:49:23.093Z,607,2
26,27,2023-08-15T17:49:23.093Z,996,11
14,4,2023-08-15T17:49:33.093Z,2,3
3,5,2023-08-15T17:49:43.093Z,132,2
33,21,2023-08-15T17:49:43.093Z,790,6
17,22,2023-08-15T17:49:53.093Z,188,9
10,2,2023-08-15T17:49:13.093Z,48,2
0,6,2023-08-15T17:49:23.093Z,741,1
15,15,2023-08-15T17:49:23.093Z,37,3
0,3,2023-08-15T17:49:33.093Z,383,1
25,24,2023-08-15T17:49:33.093Z,21,14
15,17,2023-08-15T17:49:43.093Z,452,3
3,5,2023-08-15T17:49:53.093Z,908,2
30,30,2023-08-15T17:49:03.093Z,870,12
4,5,2023-08-15T17:49:13.093Z,230,2
35,29,2023-08-15T17:49:13.093Z,846,10
2,1,2023-08-15T17:49:13.093Z,515,1
18,12,2023-08-15T17:48:33.093Z,664,3
27,34,2023-08-15T17:48:33.093Z,79,5
0,3,2023-08-15T17:48:43.093Z,927,1
10,2,2023-08-15T17:48:43.093Z,132,2
23,15,2023-08-15T17:48:43.093Z,289,14
32,28,2023-08-15T17:48:43.093Z,532,6
9,8,2023-08-15T17:48:53.093Z,334,13
17,23,2023-08-15T17:48:53.093Z,225,9
30,32,2023-08-15T17:48:53.093Z,142,12
7,3,2023-08-15T17:49:03.093Z,908,1
19,19,2023-08-15T17:49:03.093Z,80,7
27,31,2023-08-15T17:48:53.093Z,328,5
6,10,2023-08-15T17:49:03.093Z,48,8
25,15,2023-08-15T17:49:03.093Z,630,14
14,20,2023-08-15T17:49:13.093Z,701,3
26,27,2023-08-15T17:49:13.093Z,129,11
12,7,2023-08-15T17:49:23.093Z,212,8
33,21,2023-08-15T17:49:23.093Z,685,6
22,34,2023-08-15T17:49:33.093Z,430,6
14,17,2023-08-15T17:49:43.093Z,938,3
2,1,2023-08-15T17:49:53.093Z,48,1
21,23,2023-08-15T17:49:53.093Z,685,9
15,20,2023-08-15T17:49:13.093Z,289,3
7,1,2023-08-15T17:49:23.093Z,168,1
23,15,2023-08-15T17:49:23.093Z,225,14
11,7,2023-08-15T17:49:33.093Z,460,8
32,21,2023-08-15T17:49:33.093Z,916,6
24,35,2023-08-15T17:49:43.093Z,21,4
15,20,2023-08-15T17:49:53.093Z,630,3
34,0,2023-08-15T17:49:03.093Z,383,7
13,14,2023-08-15T17:49:13.093Z,647,13
2,1,2023-08-15T17:49:23.093Z,104,1
9,14,2023-08-15T17:48:33.093Z,921,13
12,10,2023-08-15T17:48:33.093Z,132,8
19,33,2023-08-15T17:48:33.093Z,312,7
31,32,2023-08-15T17:48:33.093Z,150,12
3,9,2023-08-15T17:48:43.093Z,18,2
14,19,2023-08-15T17:48:43.093Z,964,3
25,15,2023-08-15T17:48:43.093Z,37,14
1,33,2023-08-15T17:48:53.093Z,115,7
11,7,2023-08-15T17:48:53.093Z,168,8
18,12,2023-08-15T17:48:53.093Z,522,3
34,33,2023-08-15T17:48:53.093Z,20,7
9,8,2023-08-15T17:49:03.093Z,607,13
29,27,2023-08-15T17:49:03.093Z,551,11
31,32,2023-08-15T17:48:53.093Z,121,12
10,5,2023-08-15T17:49:03.093Z,948,2
9,14,2023-08-15T17:49:13.093Z,373,13
1,0,2023-08-15T17:49:23.093Z,977,7
16,12,2023-08-15T17:49:23.093Z,347,3
6,10,2023-08-15T17:49:33.093Z,741,8
31,32,2023-08-15T17:49:33.093Z,328,12
17,16,2023-08-15T17:49:43.093Z,786,9
14,13,2023-08-15T17:49:53.093Z,373,3
34,18,2023-08-15T17:49:53.093Z,881,7
33,25,2023-08-15T17:49:13.093Z,21,6
11,7,2023-08-15T17:49:23.093Z,238,8
32,34,2023-08-15T17:49:23.093Z,753,6
19,18,2023-08-15T17:49:33.093Z,954,7
10,5,2023-08-15T17:49:43.093Z,741,2
35,30,2023-08-15T17:49:43.093Z,216,10
32,21,2023-08-15T17:49:53.093Z,711,6
35,30,2023-08-15T17:49:03.093Z,153,10
17,22,2023-08-15T17:49:13.093Z,779,9
10,5,2023-08-15T17:49:23.093Z,366,2
13,14,2023-08-15T17:49:23.093Z,707,13
34,0,2023-08-15T17:49:23.093Z,137,7
33,21,2023-08-15T17:49:33.093Z,465,6
32,25,2023-08-15T17:49:43.093Z,986,6
16,4,2023-08-15T17:49:53.093Z,220,3
17,16,2023-08-15T17:49:23.093Z,586,9
9,14,2023-08-15T17:49:33.093Z,18,13
12,7,2023-08-15T17:49:43.093Z,664,8
1,0,2023-08-15T17:49:53.093Z,896,7
18,4,2023-08-15T17:49:53.093Z,954,3
30,32,2023-08-15T17:49:23.093Z,126,12
16,12,2023-08-15T17:49:33.093Z,528,3
16,4,2023-08-15T17:49:43.093Z,946,3
7,1,2023-08-15T17:49:53.093Z,238,1
33,25,2023-08-15T17:49:53.093Z,680,6
0,3,2023-08-15T17:51:43.093Z,755,1
3,2,2023-08-15T17:51:43.093Z,896,2
6,6,2023-08-15T17:51:43.093Z,528,8
10,2,2023-08-15T17:51:43.093Z,707,2
12,10,2023-08-15T17:51:43.093Z,239,8
30,32,2023-08-15T17:51:43.093Z,361,12
31,32,2023-08-15T17:51:43.093Z,922,12
34,33,2023-08-15T17:51:43.093Z,318,7
7,1,2023-08-15T17:51:53.093Z,589,1
13,8,2023-08-15T17:51:53.093Z,921,13
14,20,2023-08-15T17:51:53.093Z,137,3
33,28,2023-08-15T17:51:53.093Z,265,6
5,13,2023-08-15T17:52:03.093Z,946,3
7,6,2023-08-15T17:52:03.093Z,875,1
17,16,2023-08-15T17:52:03.093Z,77,9
33,21,2023-08-15T17:51:43.093Z,844,6
17,23,2023-08-15T17:51:53.093Z,80,9
3,9,2023-08-15T17:52:03.093Z,755,2
7,3,2023-08-15T17:52:13.093Z,869,1
21,22,2023-08-15T17:52:13.093Z,246,9
8,2,2023-08-15T17:52:23.093Z,239,2
22,21,2023-08-15T17:52:23.093Z,188,6
6,7,2023-08-15T17:52:33.093Z,528,8
15,20,2023-08-15T17:52:33.093Z,978,3
2,6,2023-08-15T17:51:43.093Z,586,1
25,15,2023-08-15T17:52:03.093Z,790,14
34,0,2023-08-15T17:52:03.093Z,305,7
3,2,2023-08-15T17:52:13.093Z,383,2
25,15,2023-08-15T17:52:13.093Z,357,14
5,20,2023-08-15T17:52:23.093Z,230,3
10,10,2023-08-15T17:52:23.093Z,977,2
11,7,2023-08-15T17:52:23.093Z,954,8
20,26,2023-08-15T17:52:23.093Z,122,4
28,29,2023-08-15T17:52:23.093Z,265,10
21,16,2023-08-15T17:51:43.093Z,20,9
0,6,2023-08-15T17:51:53.093Z,862,1
18,12,2023-08-15T17:51:53.093Z,67,3
9,8,2023-08-15T17:52:03.093Z,239,13
9,8,2023-08-15T17:52:13.093Z,755,13
27,34,2023-08-15T17:52:13.093Z,871,5
5,13,2023-08-15T17:52:33.093Z,607,3
11,10,2023-08-15T17:52:33.093Z,869,8
17,17,2023-08-15T17:52:33.093Z,908,9
32,34,2023-08-15T17:52:13.093Z,174,6
34,34,2023-08-15T17:52:13.093Z,418,7
15,17,2023-08-15T17:52:23.093Z,680,3
29,27,2023-08-15T17:52:23.093Z,712,11
5,4,2023-08-15T17:51:43.093Z,741,3
25,15,2023-08-15T17:51:43.093Z,722,14
10,9,2023-08-15T17:51:53.093Z,239,2
32,21,2023-08-15T17:51:53.093Z,217,6
33,21,2023-08-15T17:52:03.093Z,964,6
15,17,2023-08-15T17:52:13.093Z,986,3
2,6,2023-08-15T17:52:23.093Z,707,1
17,22,2023-08-15T17:52:23.093Z,927,9
32,25,2023-08-15T17:52:23.093Z,847,6
9,14,2023-08-15T17:51:43.093Z,137,13
34,18,2023-08-15T17:52:33.093Z,719,7
25,15,2023-08-15T17:50:03.093Z,986,14
21,16,2023-08-15T17:50:13.093Z,465,9
32,34,2023-08-15T17:50:13.093Z,184,6
5,4,2023-08-15T17:50:23.093Z,334,3
16,13,2023-08-15T17:50:23.093Z,586,3
13,8,2023-08-15T17:50:33.093Z,373,13
31,32,2023-08-15T17:50:33.093Z,799,12
7,1,2023-08-15T17:50:43.093Z,539,1
34,18,2023-08-15T17:50:53.093Z,77,7
0,3,2023-08-15T17:51:03.093Z,977,1
9,14,2023-08-15T17:51:03.093Z,927,13
18,17,2023-08-15T17:51:13.093Z,77,3
31,32,2023-08-15T17:51:13.093Z,556,12
31,31,2023-08-15T17:51:23.093Z,922,12
30,32,2023-08-15T17:50:03.093Z,173,12
34,33,2023-08-15T17:50:03.093Z,907,7
5,12,2023-08-15T17:50:13.093Z,869,3
18,17,2023-08-15T17:50:23.093Z,80,3
4,2,2023-08-15T17:50:33.093Z,220,2
1,0,2023-08-15T17:50:43.093Z,755,7
27,34,2023-08-15T17:50:43.093Z,535,5
19,0,2023-08-15T17:50:53.093Z,458,7
21,22,2023-08-15T17:50:53.093Z,115,9
16,13,2023-08-15T17:51:03.093Z,921,3
32,21,2023-08-15T17:51:03.093Z,246,6
35,29,2023-08-15T17:51:03.093Z,117,10
7,6,2023-08-15T17:51:23.093Z,528,1
4,5,2023-08-15T17:50:13.093Z,946,2
27,34,2023-08-15T17:50:13.093Z,141,5
34,33,2023-08-15T17:50:13.093Z,265,7
7,6,2023-08-15T17:50:23.093Z,460,1
27,31,2023-08-15T17:50:23.093Z,556,5
25,15,2023-08-15T17:50:33.093Z,312,14
32,21,2023-08-15T17:50:53.093Z,272,6
5,4,2023-08-15T17:51:13.093Z,132,3
8,11,2023-08-15T17:51:13.093Z,18,2
34,0,2023-08-15T17:51:23.093Z,187,7
4,9,2023-08-15T17:51:33.093Z,948,2
34,34,2023-08-15T17:51:33.093Z,417,7
19,18,2023-08-15T17:50:03.093Z,80,7
33,25,2023-08-15T17:50:03.093Z,978,6
14,12,2023-08-15T17:50:13.093Z,707,3
19,33,2023-08-15T17:50:13.093Z,844,7
17,16,2023-08-15T17:50:23.093Z,604,9
25,15,2023-08-15T17:50:23.093Z,978,14
35,30,2023-08-15T17:50:23.093Z,335,10
19,33,2023-08-15T17:50:33.093Z,495,7
6,10,2023-08-15T17:50:43.093Z,460,8
17,22,2023-08-15T17:50:53.093Z,452,9
29,27,2023-08-15T17:50:53.093Z,963,11
10,5,2023-08-15T17:51:03.093Z,460,2
11,7,2023-08-15T17:51:33.093Z,334,8
4,9,2023-08-15T17:50:03.093Z,2,2
23,24,2023-08-15T17:50:03.093Z,685,14
12,7,2023-08-15T17:50:13.093Z,539,8
18,12,2023-08-15T17:50:13.093Z,881,3
35,30,2023-08-15T17:50:13.093Z,361,10
19,33,2023-08-15T17:50:23.093Z,964,7
30,32,2023-08-15T17:50:23.093Z,153,12
1,33,2023-08-15T17:50:33.093Z,911,7
30,32,2023-08-15T17:50:33.093Z,870,12
16,20,2023-08-15T17:50:43.093Z,786,3
20,26,2023-08-15T17:50:53.093Z,854,4
33,21,2023-08-15T17:50:53.093Z,20,6
26,27,2023-08-15T17:51:03.093Z,447,11
21,16,2023-08-15T17:51:33.093Z,272,9
14,20,2023-08-15T17:50:03.093Z,647,3
27,31,2023-08-15T17:50:03.093Z,799,5
35,30,2023-08-15T17:50:03.093Z,714,10
17,16,2023-08-15T17:50:13.093Z,921,9
33,25,2023-08-15T17:50:13.093Z,312,6
12,7,2023-08-15T17:50:23.093Z,347,8
24,35,2023-08-15T17:50:23.093Z,685,4
32,34,2023-08-15T17:50:23.093Z,683,6
11,7,2023-08-15T17:50:33.093Z,196,8
5,5,2023-08-15T17:50:43.093Z,230,3
12,7,2023-08-15T17:50:53.093Z,875,8
23,15,2023-08-15T17:50:53.093Z,938,14
7,1,2023-08-15T17:51:03.093Z,347,1
7,1,2023-08-15T17:51:13.093Z,196,1
32,21,2023-08-15T17:51:13.093Z,113,6
11,7,2023-08-15T17:51:23.093Z,18,8
0,3,2023-08-15T17:51:33.093Z,159,1
32,21,2023-08-15T17:51:33.093Z,154,6
14,13,2023-08-15T17:50:23.093Z,18,3
5,4,2023-08-15T17:50:33.093Z,948,3
17,16,2023-08-15T17:50:33.093Z,561,9
4,11,2023-08-15T17:50:43.093Z,954,2
17,23,2023-08-15T17:50:43.093Z,938,9
5,5,2023-08-15T17:50:53.093Z,607,3
27,31,2023-08-15T17:50:53.093Z,922,5
8,5,2023-08-15T17:51:03.093Z,373,2
33,21,2023-08-15T17:51:03.093Z,907,6
20,35,2023-08-15T17:51:13.093Z,554,4
35,30,2023-08-15T17:51:13.093Z,249,10
8,2,2023-08-15T17:51:23.093Z,586,2
30,32,2023-08-15T17:51:23.093Z,714,12
7,1,2023-08-15T17:51:33.093Z,212,1
12,7,2023-08-15T17:51:13.093Z,869,8
0,3,2023-08-15T17:51:23.093Z,896,1
18,12,2023-08-15T17:51:23.093Z,239,3
10,5,2023-08-15T17:51:33.093Z,522,2
25,15,2023-08-15T17:50:13.093Z,680,14
21,22,2023-08-15T17:50:23.093Z,790,9
9,8,2023-08-15T17:50:33.093Z,2,13
33,25,2023-08-15T17:50:33.093Z,370,6
8,5,2023-08-15T17:50:43.093Z,2,2
19,0,2023-08-15T17:50:43.093Z,862,7
13,8,2023-08-15T17:50:53.093Z,18,13
35,29,2023-08-15T17:50:53.093Z,342,10
12,10,2023-08-15T17:51:03.093Z,522,8
1,18,2023-08-15T17:51:13.093Z,239,7
22,21,2023-08-15T17:51:13.093Z,779,6
1,18,2023-08-15T17:51:23.093Z,67,7
12,10,2023-08-15T17:51:23.093Z,707,8
2,6,2023-08-15T17:51:33.093Z,977,1
12,7,2023-08-15T17:51:33.093Z,881,8
0,3,2023-08-15T17:51:13.093Z,137,1
25,24,2023-08-15T17:51:13.093Z,370,14
3,2,2023-08-15T17:51:23.093Z,977,2
32,25,2023-08-15T17:51:23.093Z,357,6
16,4,2023-08-15T17:51:33.093Z,604,3
1,0,2023-08-15T17:50:23.093Z,159,7
34,34,2023-08-15T17:50:23.093Z,428,7
12,7,2023-08-15T17:50:33.093Z,528,8
2,1,2023-08-15T17:50:43.093Z,220,1
12,7,2023-08-15T17:50:43.093Z,589,8
33,21,2023-08-15T17:50:43.093Z,115,6
22,25,2023-08-15T17:50:53.093Z,722,6
5,4,2023-08-15T17:51:03.093Z,366,3
29,27,2023-08-15T17:51:03.093Z,376,11
13,8,2023-08-15T17:51:13.093Z,586,13
30,32,2023-08-15T17:51:13.093Z,216,12
4,11,2023-08-15T17:51:23.093Z,334,2
20,26,2023-08-15T17:51:23.093Z,127,4
3,9,2023-08-15T17:51:33.093Z,137,2
27,34,2023-08-15T17:51:33.093Z,406,5
14,19,2023-08-15T17:53:23.093Z,946,3
21,16,2023-08-15T17:53:23.093Z,711,9
33,25,2023-08-15T17:53:33.093Z,356,6
6,10,2023-08-15T17:53:43.093Z,305,8
32,21,2023-08-15T17:53:43.093Z,750,6
2,6,2023-08-15T17:54:03.093Z,366,1
11,7,2023-08-15T17:54:03.093Z,816,8
22,34,2023-08-15T17:54:03.093Z,246,6
2,6,2023-08-15T17:53:23.093Z,948,1
32,34,2023-08-15T17:53:23.093Z,170,6
4,2,2023-08-15T17:53:33.093Z,938,2
15,4,2023-08-15T17:53:33.093Z,722,3
29,27,2023-08-15T17:53:33.093Z,559,11
11,7,2023-08-15T17:53:43.093Z,977,8
1,0,2023-08-15T17:53:53.093Z,56,7
20,35,2023-08-15T17:53:53.093Z,289,4
5,12,2023-08-15T17:54:03.093Z,132,3
1,0,2023-08-15T17:54:13.093Z,64,7
7,1,2023-08-15T17:53:23.093Z,37,1
7,1,2023-08-15T17:53:33.093Z,528,1
21,22,2023-08-15T17:53:33.093Z,844,9
20,35,2023-08-15T17:53:43.093Z,701,4
8,11,2023-08-15T17:53:53.093Z,816,2
14,12,2023-08-15T17:53:53.093Z,272,3
1,0,2023-08-15T17:52:43.093Z,157,7
21,16,2023-08-15T17:52:33.093Z,779,9
25,15,2023-08-15T17:52:33.093Z,847,14
35,30,2023-08-15T17:52:43.093Z,227,10
22,25,2023-08-15T17:51:43.093Z,790,6
5,17,2023-08-15T17:51:53.093Z,908,3
9,8,2023-08-15T17:51:53.093Z,948,13
15,4,2023-08-15T17:51:53.093Z,225,3
16,4,2023-08-15T17:51:53.093Z,561,3
0,6,2023-08-15T17:52:03.093Z,458,1
6,7,2023-08-15T17:52:43.093Z,862,8
22,28,2023-08-15T17:52:43.093Z,115,6
14,17,2023-08-15T17:51:43.093Z,927,3
25,25,2023-08-15T17:51:53.093Z,357,14
1,18,2023-08-15T17:52:03.093Z,816,7
4,5,2023-08-15T17:52:03.093Z,604,2
15,12,2023-08-15T17:52:03.093Z,37,3
16,17,2023-08-15T17:52:03.093Z,916,3
12,10,2023-08-15T17:52:13.093Z,67,8
18,4,2023-08-15T17:52:13.093Z,816,3
6,10,2023-08-15T17:52:23.093Z,586,8
7,1,2023-08-15T17:52:23.093Z,18,1
21,16,2023-08-15T17:52:23.093Z,907,9
30,32,2023-08-15T17:52:23.093Z,335,12
35,29,2023-08-15T17:52:23.093Z,473,10
0,6,2023-08-15T17:52:33.093Z,187,1
13,14,2023-08-15T17:52:33.093Z,456,13
0,6,2023-08-15T17:52:43.093Z,305,1
9,8,2023-08-15T17:52:43.093Z,741,13
8,8,2023-08-15T17:52:03.093Z,948,2
23,15,2023-08-15T17:52:03.093Z,80,14
5,20,2023-08-15T17:52:13.093Z,2,3
6,10,2023-08-15T17:52:13.093Z,977,8
8,5,2023-08-15T17:52:13.093Z,921,2
3,11,2023-08-15T17:52:23.093Z,869,2
4,9,2023-08-15T17:52:23.093Z,741,2
12,7,2023-08-15T17:52:23.093Z,37,8
24,26,2023-08-15T17:52:23.093Z,370,4
26,27,2023-08-15T17:52:23.093Z,486,11
2,1,2023-08-15T17:52:33.093Z,383,1
16,13,2023-08-15T17:52:33.093Z,272,3
5,12,2023-08-15T17:52:43.093Z,373,3
17,23,2023-08-15T17:52:43.093Z,916,9
1,33,2023-08-15T17:52:53.093Z,356,7
10,9,2023-08-15T17:52:53.093Z,67,2
15,17,2023-08-15T17:52:53.093Z,118,3
28,30,2023-08-15T17:52:53.093Z,115,10
1,18,2023-08-15T17:53:03.093Z,119,7
17,16,2023-08-15T17:53:03.093Z,680,9
35,30,2023-08-15T17:53:03.093Z,295,10
9,8,2023-08-15T17:53:13.093Z,67,13
14,20,2023-08-15T17:53:13.093Z,456,3
26,27,2023-08-15T17:53:13.093Z,399,11
7,6,2023-08-15T17:52:53.093Z,881,1
13,14,2023-08-15T17:52:53.093Z,607,13
17,22,2023-08-15T17:52:53.093Z,986,9
35,30,2023-08-15T17:52:53.093Z,737,10
4,5,2023-08-15T17:53:03.093Z,132,2
27,31,2023-08-15T17:53:03.093Z,293,5
2,1,2023-08-15T17:53:13.093Z,896,1
10,11,2023-08-15T17:53:13.093Z,977,2
16,20,2023-08-15T17:53:13.093Z,907,3
18,17,2023-08-15T17:53:13.093Z,200,3
20,35,2023-08-15T17:53:13.093Z,757,4
6,7,2023-08-15T17:53:03.093Z,458,8
12,7,2023-08-15T17:53:03.093Z,373,8
21,22,2023-08-15T17:53:03.093Z,113,9
5,12,2023-08-15T17:53:13.093Z,604,3
12,7,2023-08-15T17:53:13.093Z,526,8
15,4,2023-08-15T17:53:13.093Z,938,3
21,22,2023-08-15T17:53:13.093Z,154,9
33,21,2023-08-15T17:52:33.093Z,911,6
8,2,2023-08-15T17:52:43.093Z,948,2
13,14,2023-08-15T17:52:43.093Z,946,13
30,32,2023-08-15T17:52:43.093Z,249,12
34,18,2023-08-15T17:52:43.093Z,200,7
5,20,2023-08-15T17:52:53.093Z,460,3
16,13,2023-08-15T17:52:53.093Z,465,3
34,33,2023-08-15T17:52:53.093Z,435,7
8,11,2023-08-15T17:53:03.093Z,741,2
10,5,2023-08-15T17:53:03.093Z,586,2
34,34,2023-08-15T17:53:03.093Z,47,7
7,6,2023-08-15T17:53:13.093Z,954,1
29,27,2023-08-15T17:53:13.093Z,853,11
35,30,2023-08-15T17:52:33.093Z,201,10
8,2,2023-08-15T17:52:53.093Z,755,2
20,35,2023-08-15T17:53:03.093Z,694,4
4,9,2023-08-15T17:53:13.093Z,816,2
13,14,2023-08-15T17:53:13.093Z,465,13
30,32,2023-08-15T17:53:13.093Z,201,12
24,35,2023-08-15T17:53:13.093Z,916,4
33,21,2023-08-15T17:53:13.093Z,318,6
35,30,2023-08-15T17:53:13.093Z,570,10
2,6,2023-08-15T17:52:43.093Z,239,1
33,21,2023-08-15T17:52:43.093Z,495,6
4,2,2023-08-15T17:52:53.093Z,561,2
18,13,2023-08-15T17:52:53.093Z,719,3
27,34,2023-08-15T17:52:53.093Z,687,5
32,34,2023-08-15T17:52:53.093Z,768,6
5,17,2023-08-15T17:53:03.093Z,522,3
13,14,2023-08-15T17:53:03.093Z,272,13
23,24,2023-08-15T17:53:03.093Z,916,14
27,31,2023-08-15T17:53:13.093Z,697,5
17,23,2023-08-15T17:53:13.093Z,908,9
0,6,2023-08-15T17:55:13.093Z,64,1
4,2,2023-08-15T17:55:13.093Z,225,2
6,7,2023-08-15T17:55:13.093Z,875,8
7,3,2023-08-15T17:55:13.093Z,707,1
16,12,2023-08-15T17:55:23.093Z,188,3
21,16,2023-08-15T17:55:23.093Z,435,9
22,34,2023-08-15T17:55:23.093Z,113,6
1,18,2023-08-15T17:55:43.093Z,162,7
2,1,2023-08-15T17:55:43.093Z,225,1
4,5,2023-08-15T17:55:43.093Z,312,2
23,15,2023-08-15T17:55:43.093Z,964,14
11,7,2023-08-15T17:55:13.093Z,305,8
12,7,2023-08-15T17:55:13.093Z,159,8
14,4,2023-08-15T17:55:13.093Z,77,3
15,19,2023-08-15T17:55:13.093Z,908,3
16,4,2023-08-15T17:55:13.093Z,217,3
20,35,2023-08-15T17:55:13.093Z,460,4
34,33,2023-08-15T17:55:13.093Z,181,7
4,11,2023-08-15T17:55:23.093Z,847,2
5,19,2023-08-15T17:55:23.093Z,954,3
6,6,2023-08-15T17:55:23.093Z,755,8
14,17,2023-08-15T17:55:23.093Z,881,3
32,34,2023-08-15T17:55:23.093Z,121,6
34,34,2023-08-15T17:55:23.093Z,926,7
0,6,2023-08-15T17:55:33.093Z,46,1
1,1,2023-08-15T17:55:33.093Z,596,7
3,11,2023-08-15T17:55:33.093Z,157,2
4,9,2023-08-15T17:55:33.093Z,502,2
6,7,2023-08-15T17:55:33.093Z,366,8
7,1,2023-08-15T17:55:33.093Z,977,1
11,7,2023-08-15T17:55:33.093Z,847,8
17,22,2023-08-15T17:55:33.093Z,200,9
18,12,2023-08-15T17:55:33.093Z,776,3
19,0,2023-08-15T17:55:33.093Z,921,7
20,26,2023-08-15T17:55:33.093Z,456,4
23,15,2023-08-15T17:55:33.093Z,911,14
32,25,2023-08-15T17:55:33.093Z,107,6
34,33,2023-08-15T17:55:33.093Z,42,7
0,3,2023-08-15T17:55:43.093Z,607,1
3,9,2023-08-15T17:55:43.093Z,458,2
6,10,2023-08-15T17:55:43.093Z,664,8
7,3,2023-08-15T17:55:43.093Z,741,1
11,7,2023-08-15T17:55:43.093Z,157,8
12,7,2023-08-15T17:55:43.093Z,188,8
14,17,2023-08-15T17:55:43.093Z,722,3
20,35,2023-08-15T17:55:43.093Z,907,4
25,25,2023-08-15T17:55:43.093Z,107,14
30,32,2023-08-15T17:55:43.093Z,52,12
32,28,2023-08-15T17:55:43.093Z,126,6
34,0,2023-08-15T17:55:43.093Z,655,7
3,5,2023-08-15T17:55:53.093Z,187,2
10,5,2023-08-15T17:55:53.093Z,664,2
19,33,2023-08-15T17:55:53.093Z,465,7
30,32,2023-08-15T17:55:53.093Z,804,12
32,21,2023-08-15T17:55:53.093Z,328,6
32,21,2023-08-15T17:53:53.093Z,893,6
20,35,2023-08-15T17:54:03.093Z,630,4
33,21,2023-08-15T17:54:03.093Z,435,6
18,17,2023-08-15T17:54:13.093Z,300,3
1,18,2023-08-15T17:54:23.093Z,502,7
12,7,2023-08-15T17:54:23.093Z,119,8
27,31,2023-08-15T17:54:23.093Z,688,5
14,19,2023-08-15T17:53:33.093Z,607,3
27,31,2023-08-15T17:53:33.093Z,231,5
27,34,2023-08-15T17:54:13.093Z,165,5
7,1,2023-08-15T17:54:23.093Z,373,1
26,27,2023-08-15T17:54:23.093Z,19,11
20,35,2023-08-15T17:53:23.093Z,9,4
35,29,2023-08-15T17:53:23.093Z,914,10
21,16,2023-08-15T17:54:13.093Z,188,9
22,34,2023-08-15T17:54:13.093Z,927,6
16,20,2023-08-15T17:54:23.093Z,20,3
6,7,2023-08-15T17:53:23.093Z,707,8
10,2,2023-08-15T17:53:23.093Z,869,2
27,31,2023-08-15T17:53:23.093Z,451,5
6,10,2023-08-15T17:53:33.093Z,187,8
20,26,2023-08-15T17:53:33.093Z,735,4
32,34,2023-08-15T17:53:33.093Z,842,6
2,1,2023-08-15T17:53:43.093Z,561,1
10,2,2023-08-15T17:53:43.093Z,187,2
17,16,2023-08-15T17:53:43.093Z,522,9
30,30,2023-08-15T17:53:43.093Z,115,12
0,3,2023-08-15T17:53:53.093Z,157,1
7,1,2023-08-15T17:53:53.093Z,334,1
11,7,2023-08-15T17:53:53.093Z,741,8
16,17,2023-08-15T17:53:53.093Z,779,3
30,32,2023-08-15T17:53:53.093Z,737,12
1,1,2023-08-15T17:54:03.093Z,810,7
4,9,2023-08-15T17:54:03.093Z,722,2
10,9,2023-08-15T17:54:03.093Z,305,2
16,20,2023-08-15T17:54:03.093Z,680,3
32,25,2023-08-15T17:54:03.093Z,150,6
35,29,2023-08-15T17:54:03.093Z,945,10
5,4,2023-08-15T17:54:13.093Z,586,3
7,3,2023-08-15T17:54:13.093Z,458,1
32,25,2023-08-15T17:54:13.093Z,140,6
2,1,2023-08-15T17:54:23.093Z,938,1
9,14,2023-08-15T17:54:23.093Z,159,13
14,17,2023-08-15T17:54:23.093Z,719,3
20,26,2023-08-15T17:54:23.093Z,786,4
21,23,2023-08-15T17:54:23.093Z,911,9
4,2,2023-08-15T17:53:23.093Z,366,2
35,30,2023-08-15T17:54:23.093Z,52,10
23,15,2023-08-15T17:53:23.093Z,908,14
5,19,2023-08-15T17:53:33.093Z,921,3
5,4,2023-08-15T17:54:33.093Z,67,3
26,27,2023-08-15T17:53:33.093Z,453,11
30,32,2023-08-15T17:53:33.093Z,227,12
21,16,2023-08-15T17:53:53.093Z,217,9
7,6,2023-08-15T17:54:33.093Z,664,1
9,14,2023-08-15T17:54:33.093Z,722,13
12,7,2023-08-15T17:54:33.093Z,272,8
20,26,2023-08-15T17:54:33.093Z,137,4
26,27,2023-08-15T17:54:33.093Z,98,11
14,12,2023-08-15T17:54:43.093Z,159,3
0,3,2023-08-15T17:54:53.093Z,221,1
19,0,2023-08-15T17:54:53.093Z,607,7
22,34,2023-08-15T17:55:03.093Z,986,6
2,1,2023-08-15T17:54:13.093Z,869,1
34,34,2023-08-15T17:54:13.093Z,135,7
9,8,2023-08-15T17:53:23.093Z,816,13
34,0,2023-08-15T17:53:23.093Z,221,7
12,10,2023-08-15T17:53:33.093Z,604,8
30,32,2023-08-15T17:54:33.093Z,115,12
21,16,2023-08-15T17:54:43.093Z,318,9
10,5,2023-08-15T17:55:03.093Z,954,2
27,34,2023-08-15T17:55:03.093Z,805,5
3,9,2023-08-15T17:54:03.093Z,159,2
9,14,2023-08-15T17:54:03.093Z,604,13
21,23,2023-08-15T17:54:03.093Z,964,9
31,32,2023-08-15T17:54:03.093Z,293,12
20,35,2023-08-15T17:54:13.093Z,647,4
31,32,2023-08-15T17:54:13.093Z,697,12
18,4,2023-08-15T17:54:23.093Z,444,3
2,3,2023-08-15T17:54:33.093Z,187,1
17,16,2023-08-15T17:53:23.093Z,118,9
18,12,2023-08-15T17:53:33.093Z,119,3
34,18,2023-08-15T17:53:33.093Z,300,7
8,5,2023-08-15T17:53:43.093Z,67,2
13,14,2023-08-15T17:53:43.093Z,719,13
25,24,2023-08-15T17:53:43.093Z,356,14
34,18,2023-08-15T17:53:43.093Z,444,7
2,6,2023-08-15T17:53:53.093Z,755,1
10,9,2023-08-15T17:53:53.093Z,604,2
15,12,2023-08-15T17:53:53.093Z,790,3
14,19,2023-08-15T17:54:33.093Z,604,3
34,33,2023-08-15T17:54:33.093Z,663,7
1,33,2023-08-15T17:54:43.093Z,937,7
7,1,2023-08-15T17:54:43.093Z,526,1
4,2,2023-08-15T17:54:53.093Z,444,2
6,7,2023-08-15T17:55:03.093Z,948,8
34,33,2023-08-15T17:53:53.093Z,88,7
14,19,2023-08-15T17:54:03.093Z,465,3
6,7,2023-08-15T17:54:13.093Z,239,8
16,13,2023-08-15T17:54:13.093Z,77,3
6,10,2023-08-15T17:54:23.093Z,881,8
30,32,2023-08-15T17:54:23.093Z,570,12
1,1,2023-08-15T17:54:33.093Z,544,7
6,10,2023-08-15T17:54:53.093Z,954,8
25,15,2023-08-15T17:54:53.093Z,140,14
2,6,2023-08-15T17:55:03.093Z,444,1
19,0,2023-08-15T17:55:03.093Z,946,7
32,21,2023-08-15T17:54:23.093Z,142,6
1,0,2023-08-15T17:54:53.093Z,46,7
11,7,2023-08-15T17:54:53.093Z,586,8
21,16,2023-08-15T17:54:53.093Z,750,9
34,33,2023-08-15T17:54:53.093Z,850,7
21,16,2023-08-15T17:55:03.093Z,893,9
10,9,2023-08-15T17:54:33.093Z,881,2
13,14,2023-08-15T17:54:33.093Z,77,13
15,13,2023-08-15T17:54:33.093Z,357,3
16,19,2023-08-15T17:54:33.093Z,118,3
21,16,2023-08-15T17:54:33.093Z,495,9
31,32,2023-08-15T17:54:33.093Z,231,12
35,30,2023-08-15T17:54:33.093Z,804,10
4,11,2023-08-15T17:54:43.093Z,586,2
12,10,2023-08-15T17:54:43.093Z,790,8
15,4,2023-08-15T17:54:43.093Z,847,3
25,15,2023-08-15T17:54:43.093Z,150,14
24,35,2023-08-15T17:54:53.093Z,356,4
29,27,2023-08-15T17:54:53.093Z,865,11
31,32,2023-08-15T17:54:23.093Z,451,12
35,30,2023-08-15T17:54:43.093Z,774,10
15,4,2023-08-15T17:54:53.093Z,312,3
9,14,2023-08-15T17:55:03.093Z,881,13
24,35,2023-08-15T17:55:03.093Z,112,4
29,27,2023-08-15T17:54:33.093Z,236,11
20,35,2023-08-15T17:54:43.093Z,2,4
12,7,2023-08-15T17:54:53.093Z,132,8
4,4,2023-08-15T17:55:03.093Z,67,2
8,11,2023-08-15T17:55:03.093Z,305,2
20,35,2023-08-15T17:55:03.093Z,978,4
18,4,2023-08-15T17:54:43.093Z,502,3
33,28,2023-08-15T17:54:43.093Z,88,6
9,8,2023-08-15T17:54:53.093Z,305,13
16,20,2023-08-15T17:54:53.093Z,711,3
20,26,2023-08-15T17:54:53.093Z,230,4
0,3,2023-08-15T17:55:03.093Z,56,1
16,4,2023-08-15T17:55:03.093Z,522,3
34,18,2023-08-15T17:55:03.093Z,776,7
16,13,2023-08-15T17:58:33.093Z,318,3
34,0,2023-08-15T17:58:33.093Z,193,7
8,11,2023-08-15T17:58:43.093Z,346,2
15,4,2023-08-15T17:58:43.093Z,150,3
25,15,2023-08-15T17:58:43.093Z,844,14
3,5,2023-08-15T17:58:53.093Z,193,2
13,8,2023-08-15T17:58:53.093Z,522,13
21,22,2023-08-15T17:58:53.093Z,152,9
1,18,2023-08-15T17:59:03.093Z,524,7
15,12,2023-08-15T17:59:03.093Z,140,3
34,18,2023-08-15T17:59:03.093Z,730,7
12,12,2023-08-15T17:59:13.093Z,291,8
17,16,2023-08-15T17:59:13.093Z,803,9
33,21,2023-08-15T17:59:13.093Z,662,6
7,3,2023-08-15T17:59:23.093Z,946,1
15,13,2023-08-15T17:59:23.093Z,964,3
3,9,2023-08-15T17:56:03.093Z,221,2
6,10,2023-08-15T17:56:03.093Z,64,8
16,12,2023-08-15T17:56:03.093Z,495,3
19,19,2023-08-15T17:56:03.093Z,954,7
32,21,2023-08-15T17:56:03.093Z,173,6
3,2,2023-08-15T17:56:13.093Z,56,2
4,5,2023-08-15T17:56:13.093Z,77,2
29,27,2023-08-15T17:56:13.093Z,264,11
34,34,2023-08-15T17:56:13.093Z,660,7
35,29,2023-08-15T17:56:13.093Z,509,10
17,23,2023-08-15T17:55:43.093Z,779,9
4,9,2023-08-15T17:55:53.093Z,522,2
5,13,2023-08-15T17:55:53.093Z,312,3
7,6,2023-08-15T17:56:23.093Z,119,1
0,3,2023-08-15T17:56:13.093Z,921,1
34,34,2023-08-15T17:56:23.093Z,413,7
10,9,2023-08-15T17:56:13.093Z,64,2
19,33,2023-08-15T17:56:13.093Z,118,7
20,26,2023-08-15T17:56:13.093Z,680,4
26,27,2023-08-15T17:56:13.093Z,380,11
1,18,2023-08-15T17:56:23.093Z,346,7
2,6,2023-08-15T17:56:23.093Z,56,1
11,10,2023-08-15T17:56:33.093Z,217,8
17,16,2023-08-15T17:56:33.093Z,300,9
6,10,2023-08-15T17:56:23.093Z,46,8
6,6,2023-08-15T17:56:43.093Z,816,8
3,5,2023-08-15T17:56:33.093Z,607,2
6,7,2023-08-15T17:56:33.093Z,946,8
27,31,2023-08-15T17:55:43.093Z,695,5
31,32,2023-08-15T17:55:43.093Z,688,12
33,28,2023-08-15T17:55:43.093Z,663,6
0,6,2023-08-15T17:55:53.093Z,946,1
9,14,2023-08-15T17:55:53.093Z,502,13
13,14,2023-08-15T17:55:53.093Z,357,13
25,15,2023-08-15T17:55:53.093Z,107,14
31,32,2023-08-15T17:55:53.093Z,695,12
1,18,2023-08-15T17:56:03.093Z,14,7
4,5,2023-08-15T17:56:03.093Z,67,2
7,6,2023-08-15T17:56:03.093Z,816,1
18,12,2023-08-15T17:56:03.093Z,162,3
22,34,2023-08-15T17:56:03.093Z,154,6
6,7,2023-08-15T17:56:13.093Z,755,8
7,3,2023-08-15T17:56:13.093Z,239,1
9,14,2023-08-15T17:56:13.093Z,522,13
13,14,2023-08-15T17:56:13.093Z,312,13
7,1,2023-08-15T17:55:53.093Z,862,1
23,15,2023-08-15T17:56:03.093Z,779,14
9,14,2023-08-15T17:56:23.093Z,221,13
27,34,2023-08-15T17:56:03.093Z,562,5
18,13,2023-08-15T17:56:23.093Z,14,3
19,18,2023-08-15T17:56:23.093Z,908,7
29,27,2023-08-15T17:56:23.093Z,309,11
3,5,2023-08-15T17:56:23.093Z,707,2
4,11,2023-08-15T17:56:23.093Z,217,2
16,17,2023-08-15T17:56:23.093Z,750,3
35,30,2023-08-15T17:56:23.093Z,823,10
3,9,2023-08-15T17:56:43.093Z,741,2
0,3,2023-08-15T17:56:33.093Z,655,1
5,13,2023-08-15T17:56:43.093Z,664,3
7,1,2023-08-15T17:56:43.093Z,586,1
1,1,2023-08-15T17:56:33.093Z,8,7
12,10,2023-08-15T17:56:43.093Z,776,8
16,13,2023-08-15T17:56:43.093Z,893,3
5,13,2023-08-15T17:56:33.093Z,187,3
7,1,2023-08-15T17:56:33.093Z,272,1
17,22,2023-08-15T17:56:43.093Z,719,9
19,18,2023-08-15T17:56:33.093Z,604,7
29,29,2023-08-15T17:56:33.093Z,11,11
33,25,2023-08-15T17:56:33.093Z,937,6
34,18,2023-08-15T17:56:33.093Z,195,7
10,5,2023-08-15T17:56:43.093Z,46,2
19,0,2023-08-15T17:56:43.093Z,954,7
29,27,2023-08-15T17:56:43.093Z,866,11
34,33,2023-08-15T17:56:43.093Z,152,7
5,13,2023-08-15T17:56:53.093Z,67,3
9,14,2023-08-15T17:56:53.093Z,741,13
5,20,2023-08-15T17:57:03.093Z,77,3
10,5,2023-08-15T17:57:03.093Z,776,2
18,13,2023-08-15T17:57:03.093Z,346,3
22,25,2023-08-15T17:57:03.093Z,844,6
13,8,2023-08-15T17:57:13.093Z,187,13
18,17,2023-08-15T17:57:13.093Z,908,3
34,34,2023-08-15T17:57:13.093Z,70,7
10,9,2023-08-15T17:57:23.093Z,495,2
18,13,2023-08-15T17:57:23.093Z,604,3
32,21,2023-08-15T17:57:23.093Z,799,6
1,33,2023-08-15T17:57:33.093Z,283,7
10,2,2023-08-15T17:57:33.093Z,119,2
21,16,2023-08-15T17:57:33.093Z,870,9
1,33,2023-08-15T17:56:53.093Z,331,7
16,13,2023-08-15T17:56:53.093Z,435,3
21,16,2023-08-15T17:56:53.093Z,142,9
25,15,2023-08-15T17:56:53.093Z,937,14
29,27,2023-08-15T17:56:53.093Z,591,11
1,33,2023-08-15T17:57:03.093Z,662,7
7,3,2023-08-15T17:57:03.093Z,948,1
14,13,2023-08-15T17:57:03.093Z,502,3
30,32,2023-08-15T17:57:03.093Z,774,12
35,30,2023-08-15T17:57:03.093Z,940,10
6,10,2023-08-15T17:57:13.093Z,816,8
16,20,2023-08-15T17:57:13.093Z,300,3
32,21,2023-08-15T17:57:13.093Z,870,6
6,7,2023-08-15T17:57:23.093Z,444,8
14,13,2023-08-15T17:57:23.093Z,522,3
27,31,2023-08-15T17:57:23.093Z,327,5
35,29,2023-08-15T17:57:23.093Z,114,10
7,3,2023-08-15T17:57:33.093Z,305,1
13,14,2023-08-15T17:57:33.093Z,893,13
27,31,2023-08-15T17:57:33.093Z,563,5
35,29,2023-08-15T17:57:33.093Z,668,10
22,34,2023-08-15T17:57:43.093Z,722,6
32,25,2023-08-15T17:57:43.093Z,216,6
1,18,2023-08-15T17:57:53.093Z,803,7
3,5,2023-08-15T17:56:53.093Z,921,2
12,10,2023-08-15T17:56:53.093Z,495,8
22,34,2023-08-15T17:56:53.093Z,452,6
32,34,2023-08-15T17:56:53.093Z,153,6
6,10,2023-08-15T17:57:03.093Z,119,8
12,10,2023-08-15T17:57:03.093Z,162,8
21,22,2023-08-15T17:57:03.093Z,328,9
33,28,2023-08-15T17:57:03.093Z,850,6
7,1,2023-08-15T17:57:13.093Z,875,1
17,22,2023-08-15T17:57:13.093Z,750,9
33,28,2023-08-15T17:57:13.093Z,181,6
9,14,2023-08-15T17:57:23.093Z,655,13
17,16,2023-08-15T17:57:23.093Z,881,9
30,32,2023-08-15T17:57:23.093Z,295,12
0,6,2023-08-15T17:57:33.093Z,954,1
9,14,2023-08-15T17:57:33.093Z,495,13
14,17,2023-08-15T17:57:33.093Z,312,3
33,28,2023-08-15T17:57:33.093Z,42,6
14,13,2023-08-15T17:57:43.093Z,221,3
31,32,2023-08-15T17:57:43.093Z,97,12
35,30,2023-08-15T17:57:43.093Z,198,10
13,14,2023-08-15T17:57:53.093Z,67,13
18,13,2023-08-15T17:57:53.093Z,195,3
22,25,2023-08-15T17:57:53.093Z,328,6
27,34,2023-08-15T17:57:53.093Z,983,5
30,30,2023-08-15T17:57:53.093Z,198,12
6,7,2023-08-15T17:58:03.093Z,954,8
11,10,2023-08-15T17:58:03.093Z,239,8
16,20,2023-08-15T17:58:03.093Z,881,3
21,16,2023-08-15T17:58:03.093Z,465,9
32,21,2023-08-15T17:58:03.093Z,714,6
35,30,2023-08-15T17:58:03.093Z,989,10
10,5,2023-08-15T17:58:13.093Z,217,2
25,15,2023-08-15T17:58:13.093Z,200,14
18,12,2023-08-15T17:58:23.093Z,291,3
34,33,2023-08-15T17:58:23.093Z,934,7
29,27,2023-08-15T17:57:53.093Z,411,11
33,21,2023-08-15T17:57:53.093Z,118,6
5,20,2023-08-15T17:58:03.093Z,707,3
13,8,2023-08-15T17:58:03.093Z,435,13
31,32,2023-08-15T17:58:03.093Z,327,12
9,14,2023-08-15T17:58:13.093Z,816,13
16,13,2023-08-15T17:58:13.093Z,870,3
7,1,2023-08-15T17:58:23.093Z,159,1
14,4,2023-08-15T17:58:23.093Z,458,3
3,5,2023-08-15T17:57:43.093Z,305,2
30,32,2023-08-15T17:57:43.093Z,940,12
34,33,2023-08-15T17:57:43.093Z,474,7
10,9,2023-08-15T17:57:53.093Z,816,2
7,1,2023-08-15T17:56:53.093Z,132,1
17,17,2023-08-15T17:56:53.093Z,881,9
27,34,2023-08-15T17:56:53.093Z,731,5
3,11,2023-08-15T17:57:03.093Z,239,2
9,14,2023-08-15T17:57:03.093Z,458,13
17,22,2023-08-15T17:57:03.093Z,722,9
27,31,2023-08-15T17:57:03.093Z,97,5
3,9,2023-08-15T17:57:13.093Z,655,2
14,17,2023-08-15T17:57:13.093Z,357,3
21,22,2023-08-15T17:57:13.093Z,173,9
3,11,2023-08-15T17:57:23.093Z,948,2
13,14,2023-08-15T17:57:23.093Z,664,13
22,25,2023-08-15T17:57:23.093Z,200,6
34,33,2023-08-15T17:57:23.093Z,71,7
6,7,2023-08-15T17:57:33.093Z,56,8
11,10,2023-08-15T17:57:33.093Z,948,8
22,28,2023-08-15T17:57:33.093Z,719,6
1,18,2023-08-15T17:57:43.093Z,308,7
27,31,2023-08-15T17:57:43.093Z,939,5
33,21,2023-08-15T17:57:43.093Z,465,6
8,9,2023-08-15T17:57:53.093Z,187,2
16,19,2023-08-15T17:57:53.093Z,142,3
21,23,2023-08-15T17:57:53.093Z,799,9
26,27,2023-08-15T17:57:53.093Z,410,11
28,29,2023-08-15T17:57:53.093Z,88,10
1,18,2023-08-15T17:58:03.093Z,291,7
10,5,2023-08-15T17:58:03.093Z,948,2
14,19,2023-08-15T17:58:03.093Z,741,3
18,13,2023-08-15T17:58:03.093Z,308,3
30,32,2023-08-15T17:58:03.093Z,823,12
34,34,2023-08-15T17:58:03.093Z,705,7
1,33,2023-08-15T17:58:13.093Z,851,7
18,17,2023-08-15T17:58:13.093Z,803,3
34,18,2023-08-15T17:58:13.093Z,874,7
23,15,2023-08-15T17:58:23.093Z,799,14
35,29,2023-08-15T17:58:23.093Z,671,10
32,34,2023-08-15T17:57:53.093Z,556,6
35,29,2023-08-15T17:57:53.093Z,455,10
9,14,2023-08-15T17:58:03.093Z,187,13
20,26,2023-08-15T17:58:03.093Z,20,4
33,21,2023-08-15T17:58:03.093Z,152,6
13,8,2023-08-15T17:58:13.093Z,502,13
20,35,2023-08-15T17:58:13.093Z,711,4
13,8,2023-08-15T17:58:23.093Z,346,13
25,15,2023-08-15T17:58:23.093Z,216,14
0,6,2023-08-15T18:36:53.093Z,982,1
4,9,2023-08-15T18:36:53.093Z,279,2
9,14,2023-08-15T18:36:53.093Z,441,13
11,10,2023-08-15T18:36:53.093Z,104,8
16,12,2023-08-15T18:36:53.093Z,402,3
22,34,2023-08-15T18:36:53.093Z,956,6
26,27,2023-08-15T18:36:53.093Z,263,11
27,34,2023-08-15T18:36:53.093Z,625,5
32,25,2023-08-15T18:36:53.093Z,100,6
35,30,2023-08-15T18:36:53.093Z,64,10
5,12,2023-08-15T18:36:53.093Z,197,3
8,9,2023-08-15T18:36:53.093Z,583,2
10,11,2023-08-15T18:36:53.093Z,24,2
15,17,2023-08-15T18:36:53.093Z,913,3
17,22,2023-08-15T18:36:53.093Z,734,9
7,1,2023-08-15T18:36:53.093Z,977,1
18,12,2023-08-15T18:36:53.093Z,872,3
25,24,2023-08-15T18:36:53.093Z,566,14
28,29,2023-08-15T18:36:53.093Z,612,10
29,27,2023-08-15T18:36:53.093Z,892,11
30,32,2023-08-15T18:36:53.093Z,298,12
33,25,2023-08-15T18:36:53.093Z,403,6
0,3,2023-08-15T18:37:03.093Z,296,1
5,20,2023-08-15T18:37:03.093Z,256,3
9,9,2023-08-15T18:37:03.093Z,279,13
15,13,2023-08-15T18:37:03.093Z,894,3
17,16,2023-08-15T18:37:03.093Z,580,9
25,15,2023-08-15T18:37:03.093Z,423,14
29,27,2023-08-15T18:37:03.093Z,554,11
1,1,2023-08-15T18:37:13.093Z,108,7
4,2,2023-08-15T18:37:13.093Z,940,2
6,10,2023-08-15T18:37:13.093Z,982,8
9,14,2023-08-15T18:37:13.093Z,583,13
15,13,2023-08-15T18:37:13.093Z,646,3
17,22,2023-08-15T18:37:13.093Z,733,9
25,15,2023-08-15T18:37:13.093Z,800,14
28,30,2023-08-15T17:59:23.093Z,663,10
33,25,2023-08-15T17:59:23.093Z,71,6
2,1,2023-08-15T17:59:33.093Z,522,1
8,2,2023-08-15T17:59:33.093Z,435,2
17,16,2023-08-15T17:59:33.093Z,908,9
28,30,2023-08-15T17:59:33.093Z,850,10
7,1,2023-08-15T17:58:33.093Z,366,1
21,22,2023-08-15T17:58:33.093Z,118,9
5,12,2023-08-15T17:58:43.093Z,921,3
10,5,2023-08-15T17:58:43.093Z,239,2
17,16,2023-08-15T17:58:43.093Z,357,9
33,21,2023-08-15T17:58:43.093Z,331,6
7,6,2023-08-15T17:58:53.093Z,157,1
15,19,2023-08-15T17:58:53.093Z,80,3
27,34,2023-08-15T17:58:53.093Z,984,5
10,5,2023-08-15T17:59:03.093Z,346,2
26,27,2023-08-15T17:59:03.093Z,301,11
6,10,2023-08-15T17:59:13.093Z,847,8
14,19,2023-08-15T17:59:13.093Z,67,3
22,34,2023-08-15T17:59:13.093Z,173,6
1,33,2023-08-15T17:59:23.093Z,5,7
10,5,2023-08-15T17:59:23.093Z,847,2
18,4,2023-08-15T17:59:23.093Z,524,3
31,32,2023-08-15T17:59:23.093Z,939,12
35,30,2023-08-15T17:59:23.093Z,21,10
5,13,2023-08-15T17:59:33.093Z,305,3
14,20,2023-08-15T17:59:33.093Z,187,3
23,23,2023-08-15T17:59:33.093Z,495,14
33,21,2023-08-15T17:59:33.093Z,283,6
35,29,2023-08-15T17:59:33.093Z,958,10
3,5,2023-08-15T17:59:43.093Z,444,2
6,6,2023-08-15T17:59:43.093Z,157,8
8,9,2023-08-15T17:59:43.093Z,604,2
13,14,2023-08-15T17:59:43.093Z,195,13
18,17,2023-08-15T17:59:43.093Z,730,3
21,22,2023-08-15T17:59:43.093Z,662,9
32,34,2023-08-15T17:59:43.093Z,335,6
34,18,2023-08-15T17:59:43.093Z,512,7
2,1,2023-08-15T17:59:53.093Z,435,1
6,7,2023-08-15T17:59:53.093Z,157,8
12,7,2023-08-15T17:59:53.093Z,291,8
14,20,2023-08-15T17:59:53.093Z,64,3
16,4,2023-08-15T17:59:53.093Z,357,3
23,15,2023-08-15T17:59:53.093Z,495,14
30,32,2023-08-15T17:59:53.093Z,198,12
1,33,2023-08-15T18:00:03.093Z,483,7
4,11,2023-08-15T18:00:03.093Z,150,2
7,3,2023-08-15T18:00:03.093Z,954,1
10,2,2023-08-15T18:00:03.093Z,790,2
15,13,2023-08-15T18:00:03.093Z,937,3
21,22,2023-08-15T18:00:03.093Z,922,9
31,32,2023-08-15T18:00:03.093Z,136,12
33,21,2023-08-15T18:00:03.093Z,934,6
5,13,2023-08-15T17:58:33.093Z,46,3
8,11,2023-08-15T17:58:33.093Z,502,2
18,13,2023-08-15T17:58:33.093Z,874,3
25,15,2023-08-15T17:58:33.093Z,328,14
0,3,2023-08-15T17:58:43.093Z,193,1
7,6,2023-08-15T17:58:43.093Z,847,1
9,14,2023-08-15T17:58:43.093Z,64,13
14,19,2023-08-15T17:58:43.093Z,664,3
16,16,2023-08-15T17:58:43.093Z,465,3
21,16,2023-08-15T17:58:43.093Z,714,9
31,31,2023-08-15T17:58:43.093Z,563,12
34,33,2023-08-15T17:58:43.093Z,756,7
4,5,2023-08-15T17:58:53.093Z,458,2
11,10,2023-08-15T17:58:53.093Z,346,8
14,17,2023-08-15T17:58:53.093Z,495,3
17,17,2023-08-15T17:58:53.093Z,908,9
22,34,2023-08-15T17:58:53.093Z,750,6
34,33,2023-08-15T17:58:53.093Z,468,7
7,1,2023-08-15T17:59:03.093Z,188,1
14,17,2023-08-15T17:59:03.093Z,893,3
17,22,2023-08-15T17:59:03.093Z,312,9
29,27,2023-08-15T17:59:03.093Z,492,11
1,0,2023-08-15T17:59:13.093Z,50,7
7,1,2023-08-15T17:59:13.093Z,755,1
13,8,2023-08-15T17:59:13.093Z,604,13
15,20,2023-08-15T17:59:13.093Z,911,3
21,22,2023-08-15T17:59:13.093Z,331,9
32,34,2023-08-15T17:59:13.093Z,361,6
34,33,2023-08-15T17:59:13.093Z,733,7
5,17,2023-08-15T17:59:23.093Z,776,3
8,2,2023-08-15T17:59:23.093Z,522,2
13,14,2023-08-15T17:59:23.093Z,14,13
17,23,2023-08-15T17:59:23.093Z,495,9
22,28,2023-08-15T17:59:23.093Z,118,6
29,27,2023-08-15T17:59:23.093Z,600,11
32,21,2023-08-15T17:59:23.093Z,922,6
34,33,2023-08-15T17:59:23.093Z,382,7
1,1,2023-08-15T17:59:33.093Z,94,7
3,5,2023-08-15T17:59:33.093Z,946,2
7,3,2023-08-15T17:59:33.093Z,444,1
11,7,2023-08-15T17:59:33.093Z,502,8
15,20,2023-08-15T17:59:33.093Z,107,3
20,26,2023-08-15T17:59:33.093Z,77,4
27,31,2023-08-15T17:59:33.093Z,136,5
31,32,2023-08-15T17:59:33.093Z,563,12
34,33,2023-08-15T17:59:33.093Z,910,7
1,18,2023-08-15T17:59:43.093Z,578,7
5,17,2023-08-15T17:59:43.093Z,948,3
7,1,2023-08-15T17:59:43.093Z,56,1
12,7,2023-08-15T17:59:43.093Z,140,8
14,4,2023-08-15T17:59:43.093Z,816,3
20,20,2023-08-15T17:59:43.093Z,300,4
22,34,2023-08-15T17:59:43.093Z,312,6
33,21,2023-08-15T17:59:43.093Z,474,6
1,0,2023-08-15T17:59:53.093Z,675,7
5,4,2023-08-15T17:59:53.093Z,217,3
9,14,2023-08-15T17:59:53.093Z,604,13
13,8,2023-08-15T17:59:53.093Z,308,13
15,4,2023-08-15T17:59:53.093Z,779,3
20,26,2023-08-15T17:59:53.093Z,707,4
25,24,2023-08-15T17:59:53.093Z,71,14
33,21,2023-08-15T17:59:53.093Z,851,6
2,6,2023-08-15T18:00:03.093Z,119,1
5,13,2023-08-15T18:00:03.093Z,239,3
8,9,2023-08-15T18:00:03.093Z,308,2
14,4,2023-08-15T18:00:03.093Z,655,3
20,35,2023-08-15T18:00:03.093Z,881,4
27,34,2023-08-15T18:00:03.093Z,385,5
32,34,2023-08-15T18:00:03.093Z,249,6
4,9,2023-08-15T18:00:13.093Z,524,2
6,7,2023-08-15T18:00:13.093Z,119,8
9,14,2023-08-15T18:00:13.093Z,308,13
14,4,2023-08-15T18:00:13.093Z,14,3
18,12,2023-08-15T18:00:13.093Z,578,3
22,25,2023-08-15T18:00:13.093Z,662,6
33,28,2023-08-15T18:00:13.093Z,756,6
3,11,2023-08-15T18:00:23.093Z,954,2
5,12,2023-08-15T18:00:23.093Z,458,3
9,14,2023-08-15T18:00:23.093Z,432,13
13,14,2023-08-15T18:00:23.093Z,46,13
14,4,2023-08-15T18:00:23.093Z,195,3
15,13,2023-08-15T18:00:23.093Z,200,3
16,20,2023-08-15T18:00:23.093Z,465,3
1,0,2023-08-15T18:00:13.093Z,146,7
5,17,2023-08-15T18:00:13.093Z,193,3
7,1,2023-08-15T18:00:13.093Z,502,1
13,14,2023-08-15T18:00:13.093Z,870,13
15,12,2023-08-15T18:00:13.093Z,638,3
21,16,2023-08-15T18:00:13.093Z,283,9
30,32,2023-08-15T18:00:13.093Z,663,12
2,1,2023-08-15T18:00:23.093Z,790,1
4,2,2023-08-15T18:00:23.093Z,816,2
7,1,2023-08-15T18:00:23.093Z,140,1
11,10,2023-08-15T18:00:23.093Z,150,8
17,23,2023-08-15T18:00:23.093Z,893,9
18,17,2023-08-15T18:00:23.093Z,512,3
30,32,2023-08-15T18:00:23.093Z,21,12
33,21,2023-08-15T18:00:23.093Z,468,6
34,33,2023-08-15T18:00:23.093Z,190,7
2,1,2023-08-15T18:00:33.093Z,816,1
4,2,2023-08-15T18:00:33.093Z,217,2
10,2,2023-08-15T18:00:33.093Z,150,2
12,10,2023-08-15T18:00:33.093Z,638,8
13,14,2023-08-15T18:00:33.093Z,318,13
14,4,2023-08-15T18:00:33.093Z,604,3
17,22,2023-08-15T18:00:33.093Z,776,9
34,33,2023-08-15T18:00:33.093Z,588,7
0,6,2023-08-15T18:00:43.093Z,50,1
1,0,2023-08-15T18:00:43.093Z,489,7
2,1,2023-08-15T18:00:43.093Z,217,1
4,2,2023-08-15T18:00:43.093Z,779,2
5,20,2023-08-15T18:00:43.093Z,607,3
10,5,2023-08-15T18:00:43.093Z,638,2
13,8,2023-08-15T18:00:43.093Z,874,13
14,12,2023-08-15T18:00:43.093Z,308,3
16,4,2023-08-15T18:00:43.093Z,803,3
17,16,2023-08-15T18:00:43.093Z,948,9
19,18,2023-08-15T18:00:43.093Z,741,7
23,15,2023-08-15T18:00:43.093Z,893,14
25,15,2023-08-15T18:00:43.093Z,662,14
30,32,2023-08-15T18:00:43.093Z,850,12
33,28,2023-08-15T18:00:43.093Z,733,6
34,18,2023-08-15T18:00:43.093Z,800,7
0,3,2023-08-15T18:00:53.093Z,675,1
1,18,2023-08-15T18:00:53.093Z,256,7
2,3,2023-08-15T18:00:53.093Z,150,1
5,13,2023-08-15T18:00:53.093Z,847,3
8,5,2023-08-15T18:00:53.093Z,874,2
12,7,2023-08-15T18:00:53.093Z,458,8
13,14,2023-08-15T18:00:53.093Z,964,13
17,16,2023-08-15T18:00:53.093Z,730,9
19,18,2023-08-15T18:00:53.093Z,664,7
34,18,2023-08-15T18:00:53.093Z,234,7
0,3,2023-08-15T18:01:03.093Z,146,1
2,1,2023-08-15T18:01:03.093Z,779,1
3,2,2023-08-15T18:01:03.093Z,675,2
5,17,2023-08-15T18:01:03.093Z,946,3
6,10,2023-08-15T18:01:03.093Z,50,8
14,19,2023-08-15T18:01:03.093Z,870,3
15,20,2023-08-15T18:01:03.093Z,799,3
16,19,2023-08-15T18:01:03.093Z,908,3
17,23,2023-08-15T18:01:03.093Z,193,9
19,33,2023-08-15T18:01:03.093Z,420,7
0,3,2023-08-15T18:01:13.093Z,489,1
1,18,2023-08-15T18:01:13.093Z,592,7
5,17,2023-08-15T18:01:13.093Z,444,3
10,5,2023-08-15T18:01:13.093Z,50,2
12,7,2023-08-15T18:01:13.093Z,308,8
13,14,2023-08-15T18:01:13.093Z,305,13
14,12,2023-08-15T18:01:13.093Z,432,3
15,20,2023-08-15T18:01:13.093Z,216,3
16,4,2023-08-15T18:01:13.093Z,283,3
17,22,2023-08-15T18:01:13.093Z,512,9
21,23,2023-08-15T18:01:13.093Z,474,9
23,15,2023-08-15T18:01:13.093Z,193,14
33,25,2023-08-15T18:01:13.093Z,5,6
3,9,2023-08-15T18:01:23.093Z,150,2
5,19,2023-08-15T18:01:23.093Z,638,3
7,1,2023-08-15T18:01:23.093Z,157,1
11,7,2023-08-15T18:01:23.093Z,628,8
12,7,2023-08-15T18:01:23.093Z,315,8
15,4,2023-08-15T18:01:23.093Z,328,3
16,4,2023-08-15T18:01:23.093Z,948,3
18,4,2023-08-15T18:01:23.093Z,741,3
21,16,2023-08-15T18:01:23.093Z,851,9
27,34,2023-08-15T18:01:23.093Z,888,5
32,34,2023-08-15T18:01:23.093Z,201,6
33,21,2023-08-15T18:01:23.093Z,382,6
34,0,2023-08-15T18:01:23.093Z,311,7
1,18,2023-08-15T18:01:33.093Z,550,7
3,9,2023-08-15T18:01:33.093Z,146,2
5,17,2023-08-15T18:01:33.093Z,874,3
9,8,2023-08-15T18:01:33.093Z,150,13
18,13,2023-08-15T18:01:33.093Z,800,3
19,19,2023-08-15T18:01:33.093Z,908,7
21,23,2023-08-15T18:01:33.093Z,934,9
23,15,2023-08-15T18:01:33.093Z,474,14
25,15,2023-08-15T18:01:33.093Z,5,14
26,27,2023-08-15T18:01:33.093Z,294,11
27,31,2023-08-15T18:01:33.093Z,206,5
28,29,2023-08-15T18:01:33.093Z,181,10
29,27,2023-08-15T18:01:33.093Z,856,11
33,28,2023-08-15T18:01:33.093Z,910,6
35,29,2023-08-15T18:01:33.093Z,685,10
8,5,2023-08-15T18:01:43.093Z,150,2
9,8,2023-08-15T18:01:43.093Z,146,13
12,7,2023-08-15T18:01:43.093Z,432,8
14,17,2023-08-15T18:01:43.093Z,46,3
15,20,2023-08-15T18:01:43.093Z,844,3
17,22,2023-08-15T18:01:43.093Z,444,9
21,16,2023-08-15T18:01:43.093Z,468,9
23,15,2023-08-15T18:01:43.093Z,934,14
34,34,2023-08-15T18:01:43.093Z,787,7
12,10,2023-08-15T18:01:53.093Z,921,8
14,17,2023-08-15T18:01:53.093Z,318,3
16,12,2023-08-15T18:01:53.093Z,851,3
28,29,2023-08-15T18:01:53.093Z,42,10
7,6,2023-08-15T18:01:53.093Z,291,1
0,6,2023-08-15T18:02:03.093Z,311,1
4,5,2023-08-15T18:02:03.093Z,357,2
17,22,2023-08-15T18:02:03.093Z,874,9
11,10,2023-08-15T18:02:03.093Z,489,8
21,22,2023-08-15T18:02:03.093Z,382,9
5,12,2023-08-15T18:02:13.093Z,150,3
14,17,2023-08-15T18:02:13.093Z,305,3
18,17,2023-08-15T18:02:13.093Z,664,3
33,21,2023-08-15T18:02:13.093Z,588,6
1,0,2023-08-15T18:02:33.093Z,496,7
7,6,2023-08-15T18:02:33.093Z,308,1
18,4,2023-08-15T18:02:33.093Z,592,3
33,25,2023-08-15T18:02:33.093Z,176,6
7,6,2023-08-15T18:02:43.093Z,628,1
34,0,2023-08-15T18:02:43.093Z,498,7
3,11,2023-08-15T18:01:53.093Z,489,2
13,8,2023-08-15T18:01:53.093Z,239,13
19,18,2023-08-15T18:01:53.093Z,908,7
2,6,2023-08-15T18:02:03.093Z,675,1
33,25,2023-08-15T18:02:03.093Z,190,6
2,6,2023-08-15T18:02:13.093Z,146,1
8,5,2023-08-15T18:02:13.093Z,760,2
4,5,2023-08-15T18:02:23.093Z,14,2
6,10,2023-08-15T18:02:23.093Z,291,8
8,9,2023-08-15T18:02:23.093Z,239,2
18,4,2023-08-15T18:02:23.093Z,234,3
3,2,2023-08-15T18:02:33.093Z,458,2
10,2,2023-08-15T18:02:33.093Z,291,2
26,27,2023-08-15T18:02:33.093Z,182,11
2,1,2023-08-15T18:02:43.093Z,458,1
18,4,2023-08-15T18:02:43.093Z,550,3
3,5,2023-08-15T18:02:53.093Z,211,2
8,2,2023-08-15T18:01:53.093Z,146,2
15,4,2023-08-15T18:01:53.093Z,495,3
33,21,2023-08-15T18:01:53.093Z,483,6
14,19,2023-08-15T18:02:03.093Z,964,3
32,34,2023-08-15T18:02:03.093Z,227,6
4,5,2023-08-15T18:02:13.093Z,655,2
10,5,2023-08-15T18:02:13.093Z,162,2
28,29,2023-08-15T18:02:13.093Z,126,10
5,19,2023-08-15T18:02:23.093Z,357,3
13,14,2023-08-15T18:02:23.093Z,917,13
2,3,2023-08-15T18:02:33.093Z,921,1
9,14,2023-08-15T18:02:33.093Z,239,13
25,15,2023-08-15T18:02:33.093Z,190,14
3,5,2023-08-15T18:02:43.093Z,921,2
13,14,2023-08-15T18:02:43.093Z,847,13
21,16,2023-08-15T18:02:43.093Z,483,9
1,18,2023-08-15T18:02:53.093Z,504,7
4,5,2023-08-15T18:02:53.093Z,803,2
7,1,2023-08-15T18:02:53.093Z,315,1
18,13,2023-08-15T18:02:53.093Z,908,3
0,3,2023-08-15T18:03:03.093Z,496,1
2,3,2023-08-15T18:03:03.093Z,604,1
4,9,2023-08-15T18:03:03.093Z,283,2
7,1,2023-08-15T18:03:03.093Z,432,1
14,20,2023-08-15T18:03:03.093Z,239,3
21,23,2023-08-15T18:03:03.093Z,588,9
3,5,2023-08-15T18:03:13.093Z,496,2
22,34,2023-08-15T18:03:13.093Z,152,6
32,34,2023-08-15T18:03:13.093Z,737,6
6,10,2023-08-15T18:03:23.093Z,311,8
17,22,2023-08-15T18:03:23.093Z,318,9
18,12,2023-08-15T18:03:03.093Z,636,3
34,33,2023-08-15T18:03:03.093Z,394,7
9,14,2023-08-15T18:03:13.093Z,283,13
8,11,2023-08-15T18:03:23.093Z,908,2
10,2,2023-08-15T18:02:03.093Z,921,2
18,17,2023-08-15T18:02:03.093Z,256,3
34,33,2023-08-15T18:02:03.093Z,176,7
7,1,2023-08-15T18:02:13.093Z,119,1
16,20,2023-08-15T18:02:13.093Z,468,3
1,18,2023-08-15T18:02:23.093Z,636,7
7,3,2023-08-15T18:02:23.093Z,458,1
33,28,2023-08-15T18:02:23.093Z,420,6
4,5,2023-08-15T18:02:33.093Z,195,2
17,16,2023-08-15T18:02:33.093Z,46,9
34,33,2023-08-15T18:02:33.093Z,138,7
4,2,2023-08-15T18:02:43.093Z,604,2
14,20,2023-08-15T18:02:43.093Z,917,3
25,15,2023-08-15T18:02:43.093Z,433,14
2,1,2023-08-15T18:02:53.093Z,291,1
5,17,2023-08-15T18:02:53.093Z,655,3
9,8,2023-08-15T18:02:53.093Z,524,13
19,18,2023-08-15T18:02:53.093Z,80,7
1,18,2023-08-15T18:03:03.093Z,698,7
8,5,2023-08-15T18:03:03.093Z,524,2
5,13,2023-08-15T18:03:03.093Z,760,3
13,8,2023-08-15T18:03:03.093Z,800,13
19,18,2023-08-15T18:03:03.093Z,682,7
1,18,2023-08-15T18:03:13.093Z,767,7
13,8,2023-08-15T18:03:13.093Z,908,13
23,15,2023-08-15T18:03:13.093Z,588,14
4,9,2023-08-15T18:03:23.093Z,948,2
14,19,2023-08-15T18:03:23.093Z,847,3
11,7,2023-08-15T18:03:03.093Z,222,8
31,32,2023-08-15T18:03:03.093Z,909,12
8,2,2023-08-15T18:03:13.093Z,800,2
2,3,2023-08-15T18:03:23.093Z,800,1
34,0,2023-08-15T18:03:23.093Z,959,7
0,6,2023-08-15T18:03:33.093Z,498,1
4,11,2023-08-15T18:03:33.093Z,741,2
7,3,2023-08-15T18:03:33.093Z,690,1
9,14,2023-08-15T18:03:33.093Z,948,13
10,10,2023-08-15T18:03:33.093Z,311,2
11,7,2023-08-15T18:03:33.093Z,908,8
13,14,2023-08-15T18:03:33.093Z,760,13
34,33,2023-08-15T18:03:33.093Z,23,7
1,0,2023-08-15T18:03:43.093Z,378,7
4,5,2023-08-15T18:03:43.093Z,495,2
6,7,2023-08-15T18:03:43.093Z,146,8
7,6,2023-08-15T18:03:43.093Z,222,1
16,4,2023-08-15T18:03:43.093Z,46,3
1,18,2023-08-15T18:03:53.093Z,837,7
6,10,2023-08-15T18:03:53.093Z,308,8
10,5,2023-08-15T18:03:53.093Z,311,2
13,14,2023-08-15T18:03:53.093Z,162,13
5,17,2023-08-15T18:04:03.093Z,195,3
13,14,2023-08-15T18:04:03.093Z,937,13
32,34,2023-08-15T18:04:03.093Z,293,6
9,14,2023-08-15T18:04:13.093Z,592,13
22,21,2023-08-15T18:04:13.093Z,776,6
10,9,2023-08-15T18:04:23.093Z,628,2
2,6,2023-08-15T18:04:33.093Z,550,1
6,10,2023-08-15T18:04:33.093Z,498,8
34,18,2023-08-15T18:04:33.093Z,16,7
9,8,2023-08-15T18:04:43.093Z,628,13
1,0,2023-08-15T18:04:53.093Z,530,7
5,17,2023-08-15T18:04:53.093Z,211,3
18,13,2023-08-15T18:04:53.093Z,504,3
32,25,2023-08-15T18:04:53.093Z,570,6
3,9,2023-08-15T18:05:03.093Z,378,2
10,5,2023-08-15T18:05:03.093Z,222,2
23,24,2023-08-15T18:05:03.093Z,512,14
16,13,2023-08-15T18:03:53.093Z,483,3
10,5,2023-08-15T18:04:03.093Z,308,2
22,34,2023-08-15T18:04:03.093Z,922,6
8,11,2023-08-15T18:04:13.093Z,929,2
14,19,2023-08-15T18:04:13.093Z,760,3
34,33,2023-08-15T18:04:13.093Z,505,7
7,6,2023-08-15T18:04:23.093Z,800,1
14,19,2023-08-15T18:04:23.093Z,162,3
22,21,2023-08-15T18:04:23.093Z,512,6
16,17,2023-08-15T18:04:33.093Z,730,3
1,18,2023-08-15T18:04:43.093Z,90,7
22,34,2023-08-15T18:04:43.093Z,564,6
3,5,2023-08-15T18:03:33.093Z,604,2
5,13,2023-08-15T18:03:33.093Z,162,3
6,10,2023-08-15T18:03:33.093Z,675,8
8,5,2023-08-15T18:03:33.093Z,471,2
17,16,2023-08-15T18:03:33.093Z,256,9
0,3,2023-08-15T18:03:43.093Z,959,1
3,11,2023-08-15T18:03:43.093Z,800,2
5,12,2023-08-15T18:03:43.093Z,14,3
10,5,2023-08-15T18:03:43.093Z,675,2
14,20,2023-08-15T18:03:43.093Z,948,3
17,22,2023-08-15T18:03:43.093Z,305,9
4,11,2023-08-15T18:03:53.093Z,234,2
7,3,2023-08-15T18:03:53.093Z,908,1
11,7,2023-08-15T18:03:53.093Z,800,8
3,2,2023-08-15T18:04:03.093Z,690,2
6,10,2023-08-15T18:04:03.093Z,628,8
17,22,2023-08-15T18:04:03.093Z,664,9
3,9,2023-08-15T18:04:13.093Z,959,2
10,5,2023-08-15T18:04:13.093Z,808,2
2,1,2023-08-15T18:04:23.093Z,690,1
17,22,2023-08-15T18:04:23.093Z,655,9
4,9,2023-08-15T18:04:33.093Z,979,2
32,34,2023-08-15T18:04:33.093Z,697,6
5,17,2023-08-15T18:04:43.093Z,921,3
10,5,2023-08-15T18:04:43.093Z,498,2
3,9,2023-08-15T18:04:53.093Z,234,2
8,5,2023-08-15T18:04:53.093Z,628,2
21,23,2023-08-15T18:04:53.093Z,512,9
1,33,2023-08-15T18:05:03.093Z,235,7
9,14,2023-08-15T18:05:03.093Z,234,13
17,23,2023-08-15T18:05:03.093Z,730,9
34,18,2023-08-15T18:05:03.093Z,859,7
4,9,2023-08-15T18:04:03.093Z,592,2
11,7,2023-08-15T18:04:03.093Z,234,8
4,2,2023-08-15T18:04:13.093Z,550,2
12,7,2023-08-15T18:04:13.093Z,14,8
19,18,2023-08-15T18:04:13.093Z,67,7
4,11,2023-08-15T18:04:23.093Z,46,2
11,7,2023-08-15T18:04:23.093Z,929,8
19,0,2023-08-15T18:04:23.093Z,870,7
7,3,2023-08-15T18:04:33.093Z,234,1
0,3,2023-08-15T18:04:43.093Z,378,1
3,2,2023-08-15T18:04:43.093Z,908,2
6,10,2023-08-15T18:04:53.093Z,222,8
9,14,2023-08-15T18:04:53.093Z,979,13
22,34,2023-08-15T18:04:53.093Z,444,6
6,7,2023-08-15T18:05:03.093Z,806,8
22,21,2023-08-15T18:05:03.093Z,874,6
0,6,2023-08-15T18:04:53.093Z,870,1
7,6,2023-08-15T18:04:53.093Z,14,1
17,16,2023-08-15T18:04:53.093Z,195,9
5,13,2023-08-15T18:05:03.093Z,803,3
19,18,2023-08-15T18:05:03.093Z,894,7
32,34,2023-08-15T18:05:03.093Z,451,6
0,3,2023-08-15T18:05:13.093Z,530,1
1,0,2023-08-15T18:05:13.093Z,585,7
2,6,2023-08-15T18:05:13.093Z,908,1
5,12,2023-08-15T18:05:13.093Z,524,3
6,10,2023-08-15T18:05:13.093Z,800,8
7,1,2023-08-15T18:05:13.093Z,929,1
9,8,2023-08-15T18:05:13.093Z,378,13
12,7,2023-08-15T18:05:13.093Z,150,8
19,18,2023-08-15T18:05:13.093Z,847,7
22,25,2023-08-15T18:05:13.093Z,382,6
23,15,2023-08-15T18:05:13.093Z,730,14
25,15,2023-08-15T18:05:13.093Z,570,14
27,31,2023-08-15T18:05:13.093Z,890,5
28,30,2023-08-15T18:05:13.093Z,118,10
32,25,2023-08-15T18:05:13.093Z,115,6
3,11,2023-08-15T18:05:23.093Z,530,2
5,4,2023-08-15T18:05:23.093Z,496,3
6,10,2023-08-15T18:05:23.093Z,550,8
7,6,2023-08-15T18:05:23.093Z,146,1
8,8,2023-08-15T18:05:23.093Z,378,2
10,9,2023-08-15T18:05:23.093Z,800,2
17,16,2023-08-15T18:05:23.093Z,921,9
18,17,2023-08-15T18:05:23.093Z,80,3
19,33,2023-08-15T18:05:23.093Z,142,7
22,21,2023-08-15T18:05:23.093Z,318,6
31,32,2023-08-15T18:05:23.093Z,566,12
32,34,2023-08-15T18:05:23.093Z,231,6
0,6,2023-08-15T18:05:33.093Z,585,1
1,18,2023-08-15T18:05:33.093Z,436,7
5,13,2023-08-15T18:05:33.093Z,346,3
6,10,2023-08-15T18:05:33.093Z,870,8
7,1,2023-08-15T18:05:33.093Z,806,1
8,9,2023-08-15T18:05:33.093Z,378,2
9,14,2023-08-15T18:05:33.093Z,800,13
10,11,2023-08-15T18:05:33.093Z,550,2
11,7,2023-08-15T18:05:33.093Z,530,8
17,22,2023-08-15T18:05:33.093Z,211,9
19,18,2023-08-15T18:05:33.093Z,964,7
22,28,2023-08-15T18:05:33.093Z,305,6
27,34,2023-08-15T18:05:33.093Z,884,5
30,32,2023-08-15T18:05:33.093Z,118,12
31,32,2023-08-15T18:05:33.093Z,206,12
32,21,2023-08-15T18:05:33.093Z,52,6
1,18,2023-08-15T18:05:43.093Z,863,7
5,17,2023-08-15T18:05:43.093Z,604,3
6,10,2023-08-15T18:05:43.093Z,14,8
10,9,2023-08-15T18:05:43.093Z,870,2
12,7,2023-08-15T18:05:43.093Z,524,8
13,8,2023-08-15T18:05:43.093Z,483,13
14,12,2023-08-15T18:05:43.093Z,937,3
17,22,2023-08-15T18:05:43.093Z,946,9
18,13,2023-08-15T18:05:43.093Z,698,3
19,33,2023-08-15T18:05:43.093Z,357,7
25,15,2023-08-15T18:05:43.093Z,382,14
27,31,2023-08-15T18:05:43.093Z,900,5
28,29,2023-08-15T18:05:43.093Z,892,10
5,17,2023-08-15T18:05:53.093Z,471,3
9,14,2023-08-15T18:05:53.093Z,378,13
10,2,2023-08-15T18:05:53.093Z,14,2
11,7,2023-08-15T18:05:53.093Z,954,8
13,8,2023-08-15T18:05:53.093Z,504,13
18,12,2023-08-15T18:05:53.093Z,682,3
19,33,2023-08-15T18:05:53.093Z,423,7
23,15,2023-08-15T18:05:53.093Z,883,14
27,34,2023-08-15T18:05:53.093Z,259,5
28,30,2023-08-15T18:05:53.093Z,756,10
31,32,2023-08-15T18:05:53.093Z,890,12
32,34,2023-08-15T18:05:53.093Z,688,6
34,33,2023-08-15T18:05:53.093Z,885,7
5,20,2023-08-15T18:06:03.093Z,495,3
6,10,2023-08-15T18:06:03.093Z,908,8
8,11,2023-08-15T18:06:03.093Z,483,2
9,14,2023-08-15T18:06:03.093Z,870,13
19,33,2023-08-15T18:06:03.093Z,638,7
21,23,2023-08-15T18:06:03.093Z,318,9
25,15,2023-08-15T18:06:03.093Z,115,14
27,31,2023-08-15T18:06:03.093Z,739,5
29,27,2023-08-15T18:06:03.093Z,581,11
30,32,2023-08-15T18:06:03.093Z,756,12
31,32,2023-08-15T18:06:03.093Z,900,12
35,29,2023-08-15T18:06:03.093Z,554,10
1,33,2023-08-15T18:06:13.093Z,22,7
6,10,2023-08-15T18:06:13.093Z,146,8
10,9,2023-08-15T18:06:13.093Z,908,2
11,7,2023-08-15T18:06:13.093Z,483,8
13,8,2023-08-15T18:06:13.093Z,803,13
18,12,2023-08-15T18:06:13.093Z,767,3
21,22,2023-08-15T18:06:13.093Z,52,9
23,15,2023-08-15T18:06:13.093Z,318,14
25,15,2023-08-15T18:06:13.093Z,176,14
26,27,2023-08-15T18:06:13.093Z,971,11
28,30,2023-08-15T18:06:13.093Z,409,10
29,27,2023-08-15T18:06:13.093Z,76,11
32,25,2023-08-15T18:06:13.093Z,695,6
34,33,2023-08-15T18:06:13.093Z,316,7
1,0,2023-08-15T18:06:23.093Z,241,7
5,17,2023-08-15T18:06:23.093Z,675,3
9,14,2023-08-15T18:06:23.093Z,908,13
10,2,2023-08-15T18:06:23.093Z,146,2
11,7,2023-08-15T18:06:23.093Z,46,8
12,7,2023-08-15T18:06:23.093Z,937,8
25,15,2023-08-15T18:06:23.093Z,696,14
32,21,2023-08-15T18:06:23.093Z,774,6
1,33,2023-08-15T18:06:33.093Z,629,7
2,1,2023-08-15T18:06:33.093Z,14,1
5,19,2023-08-15T18:06:33.093Z,311,3
8,11,2023-08-15T18:06:33.093Z,803,2
12,10,2023-08-15T18:06:33.093Z,682,8
14,19,2023-08-15T18:06:33.093Z,979,3
17,23,2023-08-15T18:06:33.093Z,80,9
18,4,2023-08-15T18:06:33.093Z,837,3
24,26,2023-08-15T18:06:33.093Z,71,4
26,27,2023-08-15T18:06:33.093Z,798,11
28,30,2023-08-15T18:06:33.093Z,910,10
30,32,2023-08-15T18:06:33.093Z,409,12
31,32,2023-08-15T18:06:33.093Z,739,12
32,21,2023-08-15T18:06:33.093Z,295,6
0,6,2023-08-15T18:06:43.093Z,241,1
2,1,2023-08-15T18:06:43.093Z,146,1
4,2,2023-08-15T18:06:43.093Z,837,2
5,17,2023-08-15T18:06:43.093Z,308,3
14,12,2023-08-15T18:06:43.093Z,234,3
16,13,2023-08-15T18:06:43.093Z,921,3
18,4,2023-08-15T18:06:43.093Z,67,3
23,15,2023-08-15T18:06:43.093Z,80,14
25,24,2023-08-15T18:06:43.093Z,695,14
28,30,2023-08-15T18:06:43.093Z,267,10
32,21,2023-08-15T18:06:43.093Z,940,6
2,3,2023-08-15T18:06:53.093Z,837,1
12,7,2023-08-15T18:06:53.093Z,767,8
17,16,2023-08-15T18:06:53.093Z,471,9
21,22,2023-08-15T18:06:53.093Z,774,9
27,34,2023-08-15T18:06:53.093Z,349,5
32,34,2023-08-15T18:06:53.093Z,97,6
3,9,2023-08-15T18:07:03.093Z,837,2
10,9,2023-08-15T18:07:03.093Z,489,2
12,10,2023-08-15T18:07:03.093Z,234,8
18,17,2023-08-15T18:07:03.093Z,90,3
27,31,2023-08-15T18:07:03.093Z,646,5
32,25,2023-08-15T18:07:03.093Z,823,6
3,9,2023-08-15T18:07:13.093Z,150,2
7,6,2023-08-15T18:07:13.093Z,530,1
12,7,2023-08-15T18:07:13.093Z,578,8
16,12,2023-08-15T18:07:13.093Z,471,3
21,22,2023-08-15T18:07:13.093Z,776,9
1,18,2023-08-15T18:07:23.093Z,329,7
6,10,2023-08-15T18:07:23.093Z,530,8
9,14,2023-08-15T18:07:23.093Z,837,13
16,17,2023-08-15T18:07:23.093Z,485,3
21,16,2023-08-15T18:07:23.093Z,295,9
26,27,2023-08-15T18:07:23.093Z,484,11
29,27,2023-08-15T18:07:23.093Z,933,11
0,6,2023-08-15T18:07:33.093Z,108,1
1,0,2023-08-15T18:06:53.093Z,108,7
7,3,2023-08-15T18:06:53.093Z,150,1
14,17,2023-08-15T18:06:53.093Z,800,3
18,13,2023-08-15T18:06:53.093Z,16,3
22,34,2023-08-15T18:06:53.093Z,205,6
30,32,2023-08-15T18:06:53.093Z,910,12
1,0,2023-08-15T18:07:03.093Z,632,7
5,19,2023-08-15T18:07:03.093Z,808,3
11,10,2023-08-15T18:07:03.093Z,803,8
17,22,2023-08-15T18:07:03.093Z,675,9
22,21,2023-08-15T18:07:03.093Z,664,6
30,32,2023-08-15T18:07:03.093Z,267,12
1,18,2023-08-15T18:07:13.093Z,120,7
5,13,2023-08-15T18:07:13.093Z,498,3
10,9,2023-08-15T18:07:13.093Z,803,2
14,4,2023-08-15T18:07:13.093Z,378,3
18,4,2023-08-15T18:07:13.093Z,894,3
22,21,2023-08-15T18:07:13.093Z,655,6
5,20,2023-08-15T18:07:23.093Z,628,3
7,6,2023-08-15T18:07:23.093Z,524,1
14,17,2023-08-15T18:07:23.093Z,870,3
18,4,2023-08-15T18:07:23.093Z,859,3
25,15,2023-08-15T18:07:23.093Z,823,14
27,31,2023-08-15T18:07:23.093Z,513,5
34,33,2023-08-15T18:07:23.093Z,992,7
4,2,2023-08-15T18:07:33.093Z,378,2
5,20,2023-08-15T18:07:33.093Z,222,3
9,8,2023-08-15T18:07:33.093Z,489,13
10,5,2023-08-15T18:07:33.093Z,234,2
11,7,2023-08-15T18:07:33.093Z,257,8
13,14,2023-08-15T18:07:33.093Z,346,13
14,17,2023-08-15T18:07:33.093Z,908,3
16,13,2023-08-15T18:07:33.093Z,242,3
17,22,2023-08-15T18:07:33.093Z,308,9
18,4,2023-08-15T18:07:33.093Z,847,3
21,16,2023-08-15T18:07:33.093Z,940,9
5,13,2023-08-15T18:07:43.093Z,358,3
6,10,2023-08-15T18:07:43.093Z,524,8
7,3,2023-08-15T18:07:43.093Z,954,1
8,5,2023-08-15T18:07:43.093Z,489,2
9,8,2023-08-15T18:07:43.093Z,150,13
10,5,2023-08-15T18:07:43.093Z,530,2
12,7,2023-08-15T18:07:43.093Z,471,8
13,8,2023-08-15T18:07:43.093Z,698,13
14,12,2023-08-15T18:07:43.093Z,837,3
21,16,2023-08-15T18:07:43.093Z,664,9
24,35,2023-08-15T18:07:43.093Z,512,4
32,28,2023-08-15T18:07:43.093Z,327,6
33,28,2023-08-15T18:07:43.093Z,138,6
35,29,2023-08-15T18:07:43.093Z,694,10
2,3,2023-08-15T18:07:53.093Z,378,1
3,2,2023-08-15T18:07:53.093Z,954,2
4,2,2023-08-15T18:07:53.093Z,859,2
5,20,2023-08-15T18:07:53.093Z,234,3
6,7,2023-08-15T18:07:53.093Z,108,8
7,1,2023-08-15T18:07:53.093Z,15,1
8,5,2023-08-15T18:07:53.093Z,150,2
9,14,2023-08-15T18:07:53.093Z,803,13
10,2,2023-08-15T18:07:53.093Z,524,2
11,7,2023-08-15T18:07:53.093Z,550,8
13,14,2023-08-15T18:07:53.093Z,921,13
17,22,2023-08-15T18:07:53.093Z,90,9
18,17,2023-08-15T18:07:53.093Z,436,3
24,35,2023-08-15T18:07:53.093Z,695,4
31,32,2023-08-15T18:07:53.093Z,646,12
32,21,2023-08-15T18:07:53.093Z,939,6
33,28,2023-08-15T18:07:53.093Z,394,6
1,18,2023-08-15T18:08:03.093Z,987,7
4,5,2023-08-15T18:08:03.093Z,847,2
5,17,2023-08-15T18:08:03.093Z,489,3
7,1,2023-08-15T18:08:03.093Z,362,1
17,16,2023-08-15T18:08:03.093Z,870,9
18,4,2023-08-15T18:08:03.093Z,964,3
19,18,2023-08-15T18:08:03.093Z,162,7
21,16,2023-08-15T18:08:03.093Z,874,9
31,32,2023-08-15T18:08:03.093Z,513,12
33,21,2023-08-15T18:08:03.093Z,23,6
35,30,2023-08-15T18:08:03.093Z,757,10
0,3,2023-08-15T18:08:13.093Z,632,1
1,0,2023-08-15T18:08:13.093Z,704,7
2,6,2023-08-15T18:08:13.093Z,954,1
4,11,2023-08-15T18:08:13.093Z,964,2
7,3,2023-08-15T18:08:13.093Z,483,1
9,8,2023-08-15T18:08:13.093Z,959,13
12,7,2023-08-15T18:08:13.093Z,636,8
14,17,2023-08-15T18:08:13.093Z,346,3
16,20,2023-08-15T18:08:13.093Z,295,3
17,22,2023-08-15T18:08:13.093Z,485,9
19,0,2023-08-15T18:08:13.093Z,760,7
21,16,2023-08-15T18:08:13.093Z,655,9
3,5,2023-08-15T18:08:23.093Z,378,2
7,6,2023-08-15T18:08:23.093Z,46,1
8,2,2023-08-15T18:08:23.093Z,959,2
11,10,2023-08-15T18:08:23.093Z,964,8
13,14,2023-08-15T18:08:23.093Z,242,13
14,12,2023-08-15T18:08:23.093Z,803,3
18,13,2023-08-15T18:08:23.093Z,863,3
21,22,2023-08-15T18:08:23.093Z,939,9
30,32,2023-08-15T18:08:23.093Z,757,12
33,21,2023-08-15T18:08:23.093Z,505,6
2,3,2023-08-15T18:08:33.093Z,859,1
6,10,2023-08-15T18:08:33.093Z,954,8
14,19,2023-08-15T18:08:33.093Z,921,3
7,6,2023-08-15T18:08:43.093Z,767,1
14,12,2023-08-15T18:08:43.093Z,592,3
33,25,2023-08-15T18:08:43.093Z,142,6
6,10,2023-08-15T18:08:53.093Z,46,8
7,1,2023-08-15T18:08:33.093Z,937,1
16,13,2023-08-15T18:08:33.093Z,664,3
2,1,2023-08-15T18:08:43.093Z,524,1
13,8,2023-08-15T18:08:43.093Z,358,13
21,22,2023-08-15T18:08:43.093Z,23,9
4,5,2023-08-15T18:08:53.093Z,329,2
10,11,2023-08-15T18:08:53.093Z,837,2
14,20,2023-08-15T18:08:53.093Z,242,3
17,16,2023-08-15T18:08:53.093Z,436,9
21,23,2023-08-15T18:08:53.093Z,505,9
33,25,2023-08-15T18:08:53.093Z,357,6
2,6,2023-08-15T18:09:03.093Z,964,1
7,6,2023-08-15T18:09:03.093Z,578,1
13,8,2023-08-15T18:09:03.093Z,863,13
17,22,2023-08-15T18:09:03.093Z,489,9
33,21,2023-08-15T18:09:03.093Z,423,6
3,5,2023-08-15T18:09:13.093Z,859,2
8,9,2023-08-15T18:09:13.093Z,863,2
12,7,2023-08-15T18:09:13.093Z,592,8
18,17,2023-08-15T18:09:13.093Z,987,3
25,24,2023-08-15T18:09:13.093Z,142,14
33,28,2023-08-15T18:09:13.093Z,885,6
7,1,2023-08-15T18:09:23.093Z,257,1
13,8,2023-08-15T18:09:23.093Z,664,13
18,13,2023-08-15T18:09:23.093Z,162,3
22,21,2023-08-15T18:09:23.093Z,946,6
33,25,2023-08-15T18:09:23.093Z,638,6
7,1,2023-08-15T18:09:33.093Z,471,1
10,2,2023-08-15T18:08:33.093Z,964,2
18,12,2023-08-15T18:08:33.093Z,120,3
1,18,2023-08-15T18:08:43.093Z,828,7
10,5,2023-08-15T18:08:43.093Z,954,2
18,4,2023-08-15T18:08:43.093Z,329,3
2,6,2023-08-15T18:08:53.093Z,959,1
3,9,2023-08-15T18:08:33.093Z,632,2
12,10,2023-08-15T18:08:33.093Z,837,8
33,25,2023-08-15T18:08:33.093Z,235,6
9,14,2023-08-15T18:08:43.093Z,632,13
16,20,2023-08-15T18:08:43.093Z,870,3
0,6,2023-08-15T18:08:53.093Z,704,1
8,11,2023-08-15T18:08:53.093Z,358,2
13,14,2023-08-15T18:08:53.093Z,221,13
16,17,2023-08-15T18:08:53.093Z,874,3
19,19,2023-08-15T18:08:53.093Z,921,7
25,15,2023-08-15T18:08:53.093Z,235,14
0,3,2023-08-15T18:09:03.093Z,760,1
3,9,2023-08-15T18:09:03.093Z,483,2
11,7,2023-08-15T18:09:03.093Z,358,8
16,13,2023-08-15T18:09:03.093Z,655,3
19,18,2023-08-15T18:09:03.093Z,921,7
1,18,2023-08-15T18:09:13.093Z,925,7
6,7,2023-08-15T18:09:13.093Z,585,8
10,5,2023-08-15T18:09:13.093Z,46,2
17,16,2023-08-15T18:09:13.093Z,346,9
22,34,2023-08-15T18:09:13.093Z,211,6
32,34,2023-08-15T18:09:13.093Z,563,6
3,9,2023-08-15T18:09:23.093Z,760,2
12,7,2023-08-15T18:09:23.093Z,120,8
17,22,2023-08-15T18:09:23.093Z,874,9
21,22,2023-08-15T18:09:23.093Z,423,9
32,25,2023-08-15T18:09:23.093Z,198,6
1,33,2023-08-15T18:09:33.093Z,487,7
9,14,2023-08-15T18:09:33.093Z,483,13
13,14,2023-08-15T18:09:33.093Z,16,13
16,4,2023-08-15T18:09:33.093Z,436,3
21,23,2023-08-15T18:09:33.093Z,946,9
22,34,2023-08-15T18:09:33.093Z,52,6
23,15,2023-08-15T18:09:33.093Z,505,14
24,35,2023-08-15T18:09:33.093Z,142,4
27,34,2023-08-15T18:09:33.093Z,928,5
32,21,2023-08-15T18:09:33.093Z,136,6
33,21,2023-08-15T18:09:33.093Z,22,6
4,9,2023-08-15T18:09:43.093Z,436,2
6,10,2023-08-15T18:09:43.093Z,767,8
7,3,2023-08-15T18:09:43.093Z,108,1
8,2,2023-08-15T18:09:43.093Z,664,2
9,14,2023-08-15T18:09:43.093Z,863,13
13,8,2023-08-15T18:09:43.093Z,655,13
14,17,2023-08-15T18:09:43.093Z,221,3
17,23,2023-08-15T18:09:43.093Z,987,9
18,4,2023-08-15T18:09:43.093Z,828,3
23,15,2023-08-15T18:09:43.093Z,946,14
26,27,2023-08-15T18:09:43.093Z,771,11
29,27,2023-08-15T18:09:43.093Z,846,11
32,21,2023-08-15T18:09:43.093Z,663,6
33,21,2023-08-15T18:09:43.093Z,316,6
1,0,2023-08-15T18:09:53.093Z,962,7
4,2,2023-08-15T18:09:53.093Z,828,2
5,20,2023-08-15T18:09:53.093Z,530,3
6,10,2023-08-15T18:09:53.093Z,704,8
7,6,2023-08-15T18:09:53.093Z,550,1
9,8,2023-08-15T18:09:53.093Z,760,13
15,20,2023-08-15T18:09:53.093Z,893,3
18,12,2023-08-15T18:09:53.093Z,921,3
20,26,2023-08-15T18:09:53.093Z,911,4
23,15,2023-08-15T18:09:53.093Z,987,14
29,27,2023-08-15T18:09:53.093Z,342,11
32,21,2023-08-15T18:09:53.093Z,21,6
33,25,2023-08-15T18:09:53.093Z,629,6
5,20,2023-08-15T18:10:03.093Z,150,3
7,1,2023-08-15T18:10:03.093Z,636,1
13,14,2023-08-15T18:10:03.093Z,162,13
15,13,2023-08-15T18:10:03.093Z,662,3
33,21,2023-08-15T18:10:03.093Z,992,6
35,29,2023-08-15T18:10:03.093Z,916,10
1,18,2023-08-15T18:10:03.093Z,354,7
6,7,2023-08-15T18:10:03.093Z,959,8
8,2,2023-08-15T18:10:03.093Z,655,2
9,8,2023-08-15T18:10:03.093Z,436,13
10,5,2023-08-15T18:10:03.093Z,767,2
18,20,2023-08-15T18:10:03.093Z,925,3
20,35,2023-08-15T18:10:03.093Z,187,4
32,21,2023-08-15T18:10:03.093Z,850,6
1,0,2023-08-15T18:10:13.093Z,325,7
3,9,2023-08-15T18:10:13.093Z,108,2
5,17,2023-08-15T18:10:13.093Z,847,3
10,2,2023-08-15T18:10:13.093Z,682,2
16,12,2023-08-15T18:10:13.093Z,346,3
32,21,2023-08-15T18:10:13.093Z,427,6
34,33,2023-08-15T18:10:13.093Z,788,7
35,30,2023-08-15T18:10:13.093Z,9,10
5,12,2023-08-15T18:10:23.093Z,378,3
7,3,2023-08-15T18:10:23.093Z,585,1
14,12,2023-08-15T18:10:23.093Z,483,3
21,22,2023-08-15T18:10:23.093Z,136,9
25,15,2023-08-15T18:10:23.093Z,198,14
32,21,2023-08-15T18:10:23.093Z,909,6
2,3,2023-08-15T18:10:33.093Z,828,1
10,2,2023-08-15T18:10:33.093Z,578,2
13,13,2023-08-15T18:10:33.093Z,662,13
15,20,2023-08-15T18:10:33.093Z,193,3
35,30,2023-08-15T18:10:33.093Z,701,10
5,12,2023-08-15T18:10:43.093Z,329,3
7,1,2023-08-15T18:10:43.093Z,120,1
2,3,2023-08-15T18:10:13.093Z,664,1
6,7,2023-08-15T18:10:13.093Z,964,8
7,1,2023-08-15T18:10:13.093Z,358,1
13,14,2023-08-15T18:10:13.093Z,498,13
3,11,2023-08-15T18:10:23.093Z,664,2
6,10,2023-08-15T18:10:23.093Z,578,8
10,2,2023-08-15T18:10:23.093Z,704,2
18,4,2023-08-15T18:10:23.093Z,354,3
19,33,2023-08-15T18:10:23.093Z,979,7
30,32,2023-08-15T18:10:23.093Z,9,12
1,18,2023-08-15T18:10:33.093Z,955,7
5,19,2023-08-15T18:10:33.093Z,954,3
7,3,2023-08-15T18:10:33.093Z,592,1
9,14,2023-08-15T18:10:33.093Z,108,13
11,10,2023-08-15T18:10:33.093Z,664,8
14,17,2023-08-15T18:10:33.093Z,16,3
25,15,2023-08-15T18:10:33.093Z,638,14
3,9,2023-08-15T18:10:43.093Z,585,2
10,5,2023-08-15T18:10:43.093Z,664,2
30,32,2023-08-15T18:10:43.093Z,701,12
35,30,2023-08-15T18:10:43.093Z,289,10
2,1,2023-08-15T18:10:53.093Z,655,1
9,14,2023-08-15T18:10:53.093Z,585,13
10,9,2023-08-15T18:10:53.093Z,550,2
17,22,2023-08-15T18:10:53.093Z,221,9
3,2,2023-08-15T18:11:03.093Z,592,2
17,22,2023-08-15T18:11:03.093Z,368,9
0,6,2023-08-15T18:11:13.093Z,962,1
7,3,2023-08-15T18:11:13.093Z,964,1
15,13,2023-08-15T18:11:13.093Z,5,3
25,15,2023-08-15T18:11:13.093Z,357,14
1,1,2023-08-15T18:11:23.093Z,383,7
3,9,2023-08-15T18:11:23.093Z,964,2
13,8,2023-08-15T18:11:23.093Z,955,13
0,3,2023-08-15T18:11:33.093Z,325,1
6,10,2023-08-15T18:11:33.093Z,962,8
11,10,2023-08-15T18:11:33.093Z,162,8
3,11,2023-08-15T18:11:43.093Z,704,2
15,13,2023-08-15T18:11:43.093Z,433,3
6,10,2023-08-15T18:10:43.093Z,550,8
13,14,2023-08-15T18:10:43.093Z,662,13
34,0,2023-08-15T18:10:43.093Z,7,7
3,11,2023-08-15T18:10:53.093Z,828,2
5,20,2023-08-15T18:10:53.093Z,859,3
12,7,2023-08-15T18:10:53.093Z,346,8
25,24,2023-08-15T18:10:53.093Z,629,14
1,0,2023-08-15T18:11:03.093Z,284,7
15,4,2023-08-15T18:10:43.093Z,474,3
18,13,2023-08-15T18:10:53.093Z,955,3
4,5,2023-08-15T18:11:03.093Z,474,2
21,16,2023-08-15T18:11:03.093Z,22,9
2,6,2023-08-15T18:11:13.093Z,682,1
9,14,2023-08-15T18:11:13.093Z,698,13
17,22,2023-08-15T18:11:13.093Z,847,9
34,0,2023-08-15T18:11:13.093Z,224,7
2,3,2023-08-15T18:11:23.093Z,704,1
11,10,2023-08-15T18:11:23.093Z,959,8
21,16,2023-08-15T18:11:23.093Z,316,9
4,9,2023-08-15T18:11:33.093Z,767,2
9,14,2023-08-15T18:11:33.093Z,964,13
2,1,2023-08-15T18:11:43.093Z,592,1
7,6,2023-08-15T18:11:43.093Z,863,1
4,9,2023-08-15T18:10:43.093Z,354,2
8,9,2023-08-15T18:10:43.093Z,698,2
14,4,2023-08-15T18:10:43.093Z,863,3
1,0,2023-08-15T18:10:53.093Z,336,7
4,11,2023-08-15T18:10:53.093Z,863,2
7,3,2023-08-15T18:10:53.093Z,959,1
14,4,2023-08-15T18:10:53.093Z,162,3
30,32,2023-08-15T18:10:53.093Z,289,12
5,19,2023-08-15T18:11:03.093Z,46,3
9,14,2023-08-15T18:11:03.093Z,354,13
3,11,2023-08-15T18:11:13.093Z,959,2
5,4,2023-08-15T18:11:13.093Z,767,3
12,7,2023-08-15T18:11:13.093Z,378,8
24,35,2023-08-15T18:11:13.093Z,629,4
9,14,2023-08-15T18:11:23.093Z,550,13
17,22,2023-08-15T18:11:23.093Z,16,9
2,1,2023-08-15T18:11:33.093Z,578,1
8,5,2023-08-15T18:11:33.093Z,955,2
34,18,2023-08-15T18:11:33.093Z,482,7
1,18,2023-08-15T18:11:43.093Z,448,7
6,7,2023-08-15T18:11:43.093Z,682,8
14,17,2023-08-15T18:11:43.093Z,498,3
21,16,2023-08-15T18:11:43.093Z,850,9
34,18,2023-08-15T18:11:43.093Z,540,7
34,0,2023-08-15T18:11:03.093Z,25,7
4,11,2023-08-15T18:11:13.093Z,162,2
11,7,2023-08-15T18:11:13.093Z,863,8
21,16,2023-08-15T18:11:13.093Z,663,9
5,4,2023-08-15T18:11:23.093Z,664,3
15,12,2023-08-15T18:11:23.093Z,934,3
1,33,2023-08-15T18:11:33.093Z,240,7
7,1,2023-08-15T18:11:33.093Z,346,1
13,14,2023-08-15T18:11:33.093Z,5,13
0,3,2023-08-15T18:11:43.093Z,7,1
4,9,2023-08-15T18:11:43.093Z,664,2
10,5,2023-08-15T18:11:43.093Z,959,2
16,12,2023-08-15T18:11:43.093Z,22,3
26,27,2023-08-15T18:11:43.093Z,386,11
1,0,2023-08-15T18:11:53.093Z,202,7
11,7,2023-08-15T18:11:53.093Z,704,8
16,20,2023-08-15T18:11:53.093Z,195,3
30,32,2023-08-15T18:11:53.093Z,989,12
11,7,2023-08-15T18:12:03.093Z,325,8
33,25,2023-08-15T18:12:03.093Z,487,6
9,14,2023-08-15T18:12:13.093Z,664,13
18,4,2023-08-15T18:12:13.093Z,482,3
26,27,2023-08-15T18:12:13.093Z,857,11
7,1,2023-08-15T18:12:23.093Z,682,1
16,12,2023-08-15T18:12:23.093Z,850,3
21,16,2023-08-15T18:12:23.093Z,909,9
8,5,2023-08-15T18:12:33.093Z,504,2
16,4,2023-08-15T18:12:33.093Z,992,3
0,6,2023-08-15T18:12:43.093Z,224,1
12,7,2023-08-15T18:12:43.093Z,22,8
18,4,2023-08-15T18:12:43.093Z,808,3
11,7,2023-08-15T18:12:53.093Z,336,8
18,12,2023-08-15T18:12:53.093Z,897,3
33,28,2023-08-15T18:12:53.093Z,788,6
6,7,2023-08-15T18:13:03.093Z,25,8
16,4,2023-08-15T18:13:03.093Z,427,3
34,0,2023-08-15T18:13:03.093Z,650,7
5,12,2023-08-15T18:13:13.093Z,504,3
13,8,2023-08-15T18:13:13.093Z,108,13
20,26,2023-08-15T18:13:13.093Z,799,4
1,18,2023-08-15T18:13:23.093Z,426,7
6,10,2023-08-15T18:13:23.093Z,202,8
16,13,2023-08-15T18:13:23.093Z,663,3
32,21,2023-08-15T18:13:23.093Z,206,6
9,8,2023-08-15T18:11:53.093Z,767,13
15,13,2023-08-15T18:11:53.093Z,588,3
26,27,2023-08-15T18:11:53.093Z,820,11
6,10,2023-08-15T18:12:03.093Z,863,8
20,26,2023-08-15T18:12:03.093Z,107,4
7,1,2023-08-15T18:11:53.093Z,378,1
13,14,2023-08-15T18:11:53.093Z,433,13
21,16,2023-08-15T18:11:53.093Z,992,9
3,5,2023-08-15T18:12:03.093Z,7,2
19,18,2023-08-15T18:12:03.093Z,808,7
4,5,2023-08-15T18:12:13.093Z,67,2
15,20,2023-08-15T18:12:13.093Z,730,3
20,35,2023-08-15T18:12:13.093Z,300,4
1,0,2023-08-15T18:12:23.093Z,631,7
14,4,2023-08-15T18:12:23.093Z,662,3
19,0,2023-08-15T18:12:23.093Z,46,7
1,18,2023-08-15T18:12:33.093Z,897,7
14,12,2023-08-15T18:12:33.093Z,585,3
20,35,2023-08-15T18:12:33.093Z,465,4
4,2,2023-08-15T18:12:43.093Z,662,2
15,13,2023-08-15T18:12:43.093Z,382,3
6,10,2023-08-15T18:12:53.093Z,284,8
14,17,2023-08-15T18:12:53.093Z,698,3
27,34,2023-08-15T18:12:53.093Z,887,5
4,5,2023-08-15T18:13:03.093Z,448,2
12,10,2023-08-15T18:13:03.093Z,850,8
32,25,2023-08-15T18:13:03.093Z,566,6
2,6,2023-08-15T18:13:13.093Z,921,1
7,6,2023-08-15T18:13:13.093Z,22,1
16,12,2023-08-15T18:13:13.093Z,909,3
33,21,2023-08-15T18:13:13.093Z,240,6
4,5,2023-08-15T18:13:23.093Z,992,2
14,17,2023-08-15T18:13:23.093Z,964,3
18,4,2023-08-15T18:13:23.093Z,780,3
3,11,2023-08-15T18:11:53.093Z,325,2
12,10,2023-08-15T18:11:53.093Z,483,8
19,0,2023-08-15T18:11:53.093Z,954,7
34,33,2023-08-15T18:11:53.093Z,673,7
14,13,2023-08-15T18:12:03.093Z,108,3
0,3,2023-08-15T18:12:13.093Z,336,1
5,13,2023-08-15T18:12:13.093Z,474,3
12,10,2023-08-15T18:12:13.093Z,921,8
16,13,2023-08-15T18:12:13.093Z,316,3
19,33,2023-08-15T18:12:13.093Z,311,7
21,16,2023-08-15T18:12:13.093Z,427,9
0,6,2023-08-15T18:12:23.093Z,284,1
5,12,2023-08-15T18:12:23.093Z,955,3
12,7,2023-08-15T18:12:23.093Z,934,8
15,17,2023-08-15T18:12:23.093Z,570,3
18,4,2023-08-15T18:12:23.093Z,448,3
20,35,2023-08-15T18:12:23.093Z,64,4
0,6,2023-08-15T18:12:33.093Z,25,1
5,13,2023-08-15T18:12:33.093Z,959,3
10,2,2023-08-15T18:12:33.093Z,921,2
15,17,2023-08-15T18:12:33.093Z,521,3
18,17,2023-08-15T18:12:33.093Z,540,3
25,15,2023-08-15T18:12:33.093Z,487,14
3,11,2023-08-15T18:12:43.093Z,336,2
5,17,2023-08-15T18:12:43.093Z,7,3
14,17,2023-08-15T18:12:43.093Z,354,3
16,17,2023-08-15T18:12:43.093Z,940,3
1,18,2023-08-15T18:12:53.093Z,780,7
9,14,2023-08-15T18:12:53.093Z,296,13
12,7,2023-08-15T18:12:53.093Z,955,8
15,20,2023-08-15T18:12:53.093Z,883,3
22,34,2023-08-15T18:12:53.093Z,101,6
32,34,2023-08-15T18:12:53.093Z,641,6
0,6,2023-08-15T18:13:03.093Z,202,1
5,13,2023-08-15T18:13:03.093Z,67,3
7,6,2023-08-15T18:13:03.093Z,934,1
14,4,2023-08-15T18:13:03.093Z,550,3
20,35,2023-08-15T18:13:03.093Z,607,4
33,21,2023-08-15T18:13:03.093Z,979,6
0,6,2023-08-15T18:13:13.093Z,954,1
4,5,2023-08-15T18:13:13.093Z,894,2
6,10,2023-08-15T18:13:13.093Z,224,8
12,10,2023-08-15T18:13:13.093Z,585,8
15,12,2023-08-15T18:13:13.093Z,115,3
17,16,2023-08-15T18:13:13.093Z,498,9
32,25,2023-08-15T18:13:13.093Z,118,6
0,6,2023-08-15T18:13:23.093Z,631,1
2,3,2023-08-15T18:13:23.093Z,662,1
5,13,2023-08-15T18:13:23.093Z,448,3
7,6,2023-08-15T18:13:23.093Z,336,1
15,12,2023-08-15T18:13:23.093Z,318,3
17,16,2023-08-15T18:13:23.093Z,908,9
22,34,2023-08-15T18:13:23.093Z,774,6
33,21,2023-08-15T18:13:23.093Z,673,6
1,18,2023-08-15T18:13:33.093Z,810,7
5,17,2023-08-15T18:13:33.093Z,894,3
6,10,2023-08-15T18:13:33.093Z,934,8
13,14,2023-08-15T18:13:33.093Z,474,13
16,20,2023-08-15T18:13:33.093Z,714,3
25,15,2023-08-15T18:13:33.093Z,566,14
34,0,2023-08-15T18:13:33.093Z,92,7
0,6,2023-08-15T18:13:43.093Z,46,1
3,5,2023-08-15T18:13:43.093Z,662,2
8,5,2023-08-15T18:13:43.093Z,108,2
13,14,2023-08-15T18:13:43.093Z,316,13
14,17,2023-08-15T18:13:43.093Z,433,3
16,20,2023-08-15T18:13:43.093Z,498,3
11,7,2023-08-15T18:13:53.093Z,284,8
0,6,2023-08-15T18:14:03.093Z,92,1
8,5,2023-08-15T18:14:03.093Z,760,2
12,7,2023-08-15T18:14:03.093Z,115,8
15,17,2023-08-15T18:14:03.093Z,823,3
32,25,2023-08-15T18:14:03.093Z,900,6
18,13,2023-08-15T18:14:13.093Z,533,3
32,21,2023-08-15T18:14:13.093Z,804,6
34,33,2023-08-15T18:14:13.093Z,661,7
14,20,2023-08-15T18:14:23.093Z,474,3
25,15,2023-08-15T18:14:23.093Z,900,14
6,7,2023-08-15T18:14:33.093Z,631,8
10,10,2023-08-15T18:14:33.093Z,202,2
21,22,2023-08-15T18:14:33.093Z,673,9
2,1,2023-08-15T18:14:43.093Z,550,1
14,20,2023-08-15T18:14:43.093Z,959,3
20,35,2023-08-15T18:14:43.093Z,239,4
13,14,2023-08-15T18:14:53.093Z,67,13
20,35,2023-08-15T18:14:53.093Z,948,4
1,18,2023-08-15T18:15:03.093Z,543,7
9,8,2023-08-15T18:15:03.093Z,780,13
12,7,2023-08-15T18:15:03.093Z,664,8
22,21,2023-08-15T18:13:43.093Z,675,6
1,33,2023-08-15T18:13:53.093Z,1,7
14,12,2023-08-15T18:13:53.093Z,664,3
17,22,2023-08-15T18:13:53.093Z,540,9
6,7,2023-08-15T18:14:03.093Z,954,8
18,12,2023-08-15T18:14:03.093Z,810,3
6,7,2023-08-15T18:14:13.093Z,921,8
14,19,2023-08-15T18:14:13.093Z,296,3
1,18,2023-08-15T18:14:23.093Z,627,7
10,2,2023-08-15T18:14:23.093Z,585,2
21,16,2023-08-15T18:14:23.093Z,206,9
34,33,2023-08-15T18:14:23.093Z,832,7
4,2,2023-08-15T18:14:33.093Z,550,2
13,8,2023-08-15T18:14:33.093Z,382,13
32,21,2023-08-15T18:14:33.093Z,739,6
4,11,2023-08-15T18:14:43.093Z,427,2
8,11,2023-08-15T18:14:43.093Z,382,2
21,16,2023-08-15T18:14:43.093Z,675,9
15,12,2023-08-15T18:14:53.093Z,946,3
4,11,2023-08-15T18:13:33.093Z,808,2
7,6,2023-08-15T18:13:33.093Z,955,1
10,11,2023-08-15T18:13:33.093Z,284,2
12,7,2023-08-15T18:13:33.093Z,897,8
15,17,2023-08-15T18:13:33.093Z,176,3
17,23,2023-08-15T18:13:33.093Z,570,9
20,26,2023-08-15T18:13:33.093Z,216,4
32,25,2023-08-15T18:13:33.093Z,890,6
5,12,2023-08-15T18:13:43.093Z,50,3
10,5,2023-08-15T18:13:43.093Z,850,2
11,10,2023-08-15T18:13:43.093Z,808,8
15,13,2023-08-15T18:13:43.093Z,696,3
17,22,2023-08-15T18:13:43.093Z,521,9
18,12,2023-08-15T18:13:43.093Z,426,3
20,35,2023-08-15T18:13:43.093Z,611,4
25,15,2023-08-15T18:13:43.093Z,118,14
0,6,2023-08-15T18:13:53.093Z,650,1
7,6,2023-08-15T18:13:53.093Z,897,1
12,7,2023-08-15T18:13:53.093Z,504,8
4,5,2023-08-15T18:14:03.093Z,328,2
10,11,2023-08-15T18:14:03.093Z,224,2
13,14,2023-08-15T18:14:03.093Z,959,13
21,16,2023-08-15T18:14:03.093Z,979,9
33,25,2023-08-15T18:14:03.093Z,311,6
20,35,2023-08-15T18:14:13.093Z,468,4
33,25,2023-08-15T18:14:13.093Z,1,6
12,7,2023-08-15T18:14:23.093Z,909,8
15,20,2023-08-15T18:14:23.093Z,235,3
1,18,2023-08-15T18:14:33.093Z,544,7
7,3,2023-08-15T18:14:33.093Z,954,1
15,12,2023-08-15T18:14:33.093Z,505,3
34,33,2023-08-15T18:14:33.093Z,656,7
6,10,2023-08-15T18:14:43.093Z,336,8
16,13,2023-08-15T18:14:43.093Z,979,3
7,1,2023-08-15T18:14:53.093Z,115,1
16,13,2023-08-15T18:14:53.093Z,240,3
32,21,2023-08-15T18:14:53.093Z,267,6
7,3,2023-08-15T18:15:03.093Z,921,1
11,7,2023-08-15T18:15:03.093Z,427,8
32,21,2023-08-15T18:15:03.093Z,646,6
34,18,2023-08-15T18:13:43.093Z,533,7
8,11,2023-08-15T18:13:53.093Z,436,2
16,19,2023-08-15T18:13:53.093Z,908,3
25,15,2023-08-15T18:13:53.093Z,890,14
11,7,2023-08-15T18:14:03.093Z,436,8
20,35,2023-08-15T18:14:03.093Z,844,4
11,7,2023-08-15T18:14:13.093Z,224,8
21,16,2023-08-15T18:14:13.093Z,240,9
7,1,2023-08-15T18:14:23.093Z,504,1
20,35,2023-08-15T18:14:23.093Z,917,4
32,21,2023-08-15T18:14:23.093Z,409,6
2,1,2023-08-15T18:14:33.093Z,585,1
12,7,2023-08-15T18:14:33.093Z,318,8
14,17,2023-08-15T18:14:33.093Z,316,3
3,11,2023-08-15T18:14:43.093Z,954,2
7,1,2023-08-15T18:14:43.093Z,436,1
12,7,2023-08-15T18:14:43.093Z,50,8
4,9,2023-08-15T18:14:53.093Z,780,2
21,16,2023-08-15T18:14:53.093Z,804,9
6,10,2023-08-15T18:15:03.093Z,46,8
13,8,2023-08-15T18:15:03.093Z,448,13
10,2,2023-08-15T18:15:03.093Z,162,2
1,18,2023-08-15T18:15:13.093Z,596,7
11,7,2023-08-15T18:15:13.093Z,382,8
18,12,2023-08-15T18:15:13.093Z,627,3
7,3,2023-08-15T18:15:23.093Z,224,1
13,8,2023-08-15T18:15:23.093Z,696,13
20,35,2023-08-15T18:15:23.093Z,727,4
3,9,2023-08-15T18:15:33.093Z,224,2
9,14,2023-08-15T18:15:33.093Z,448,13
15,13,2023-08-15T18:15:33.093Z,198,3
33,28,2023-08-15T18:15:33.093Z,656,6
7,6,2023-08-15T18:15:43.093Z,909,1
14,19,2023-08-15T18:15:43.093Z,663,3
1,18,2023-08-15T18:15:53.093Z,314,7
10,2,2023-08-15T18:15:53.093Z,336,2
14,17,2023-08-15T18:15:53.093Z,448,3
20,26,2023-08-15T18:15:53.093Z,495,4
1,18,2023-08-15T18:16:03.093Z,319,7
8,5,2023-08-15T18:16:03.093Z,979,2
12,7,2023-08-15T18:16:03.093Z,803,8
33,21,2023-08-15T18:16:03.093Z,503,6
6,10,2023-08-15T18:16:13.093Z,909,8
14,12,2023-08-15T18:16:13.093Z,533,3
4,2,2023-08-15T18:16:23.093Z,596,2
9,8,2023-08-15T18:16:23.093Z,631,13
14,12,2023-08-15T18:16:23.093Z,588,3
20,26,2023-08-15T18:16:23.093Z,628,4
34,33,2023-08-15T18:16:23.093Z,994,7
8,11,2023-08-15T18:16:33.093Z,631,2
21,16,2023-08-15T18:16:33.093Z,267,9
6,10,2023-08-15T18:16:43.093Z,318,8
14,17,2023-08-15T18:16:43.093Z,202,3
2,1,2023-08-15T18:15:13.093Z,162,1
12,10,2023-08-15T18:15:13.093Z,810,8
33,25,2023-08-15T18:15:13.093Z,661,6
8,9,2023-08-15T18:15:23.093Z,448,2
14,12,2023-08-15T18:15:23.093Z,67,3
21,22,2023-08-15T18:15:23.093Z,409,9
8,11,2023-08-15T18:15:13.093Z,780,2
13,14,2023-08-15T18:15:13.093Z,663,13
3,5,2023-08-15T18:15:23.093Z,921,2
10,2,2023-08-15T18:15:23.093Z,863,2
15,20,2023-08-15T18:15:23.093Z,987,3
33,21,2023-08-15T18:15:23.093Z,832,6
7,6,2023-08-15T18:15:33.093Z,704,1
11,7,2023-08-15T18:15:33.093Z,828,8
21,23,2023-08-15T18:15:33.093Z,739,9
5,20,2023-08-15T18:15:43.093Z,992,3
12,7,2023-08-15T18:15:43.093Z,851,8
25,24,2023-08-15T18:15:43.093Z,311,14
7,1,2023-08-15T18:15:53.093Z,284,1
12,10,2023-08-15T18:15:53.093Z,505,8
16,12,2023-08-15T18:15:53.093Z,804,3
25,15,2023-08-15T18:15:53.093Z,1,14
6,10,2023-08-15T18:16:03.093Z,704,8
10,11,2023-08-15T18:16:03.093Z,46,2
23,15,2023-08-15T18:16:03.093Z,570,14
3,9,2023-08-15T18:16:13.093Z,631,2
11,11,2023-08-15T18:16:13.093Z,46,8
18,12,2023-08-15T18:16:13.093Z,314,3
7,6,2023-08-15T18:16:23.093Z,318,1
11,7,2023-08-15T18:16:23.093Z,46,8
18,17,2023-08-15T18:16:23.093Z,319,3
27,34,2023-08-15T18:16:23.093Z,203,5
5,17,2023-08-15T18:16:33.093Z,760,3
10,11,2023-08-15T18:16:33.093Z,897,2
2,3,2023-08-15T18:16:43.093Z,596,1
10,2,2023-08-15T18:16:43.093Z,505,2
17,22,2023-08-15T18:16:43.093Z,7,9
10,5,2023-08-15T18:15:13.093Z,962,2
16,19,2023-08-15T18:15:13.093Z,206,3
6,7,2023-08-15T18:15:23.093Z,241,8
12,10,2023-08-15T18:15:23.093Z,329,8
18,13,2023-08-15T18:15:23.093Z,544,3
1,33,2023-08-15T18:15:33.093Z,503,7
6,7,2023-08-15T18:15:33.093Z,650,8
10,5,2023-08-15T18:15:33.093Z,483,2
16,13,2023-08-15T18:15:33.093Z,675,3
2,1,2023-08-15T18:15:43.093Z,863,1
10,9,2023-08-15T18:15:43.093Z,202,2
18,12,2023-08-15T18:15:43.093Z,543,3
5,12,2023-08-15T18:15:53.093Z,662,3
11,7,2023-08-15T18:15:53.093Z,741,8
15,12,2023-08-15T18:15:53.093Z,357,3
23,15,2023-08-15T18:15:53.093Z,739,14
5,12,2023-08-15T18:16:03.093Z,108,3
9,14,2023-08-15T18:16:03.093Z,202,13
13,8,2023-08-15T18:16:03.093Z,240,13
1,18,2023-08-15T18:16:13.093Z,214,7
10,5,2023-08-15T18:16:13.093Z,810,2
15,13,2023-08-15T18:16:13.093Z,487,3
5,12,2023-08-15T18:16:23.093Z,328,3
10,2,2023-08-15T18:16:23.093Z,329,2
15,19,2023-08-15T18:16:23.093Z,566,3
22,34,2023-08-15T18:16:23.093Z,776,6
1,0,2023-08-15T18:16:33.093Z,8,7
9,14,2023-08-15T18:16:33.093Z,240,13
32,21,2023-08-15T18:16:33.093Z,757,6
8,5,2023-08-15T18:16:43.093Z,767,2
15,13,2023-08-15T18:16:43.093Z,890,3
8,5,2023-08-15T18:15:33.093Z,696,2
13,14,2023-08-15T18:15:33.093Z,533,13
26,27,2023-08-15T18:15:33.093Z,765,11
6,10,2023-08-15T18:15:43.093Z,897,8
13,14,2023-08-15T18:15:43.093Z,588,13
26,27,2023-08-15T18:15:43.093Z,764,11
9,14,2023-08-15T18:15:53.093Z,224,13
13,8,2023-08-15T18:15:53.093Z,979,13
18,4,2023-08-15T18:15:53.093Z,596,3
27,34,2023-08-15T18:15:53.093Z,729,5
7,3,2023-08-15T18:16:03.093Z,631,1
11,10,2023-08-15T18:16:03.093Z,780,8
25,24,2023-08-15T18:16:03.093Z,661,14
5,17,2023-08-15T18:16:13.093Z,850,3
13,14,2023-08-15T18:16:13.093Z,544,13
1,1,2023-08-15T18:16:23.093Z,272,7
8,9,2023-08-15T18:16:23.093Z,240,2
12,7,2023-08-15T18:16:23.093Z,946,8
19,0,2023-08-15T18:16:23.093Z,296,7
32,34,2023-08-15T18:16:23.093Z,513,6
7,1,2023-08-15T18:16:33.093Z,50,1
14,4,2023-08-15T18:16:33.093Z,224,3
5,13,2023-08-15T18:16:43.093Z,962,3
11,10,2023-08-15T18:16:43.093Z,631,8
18,4,2023-08-15T18:16:43.093Z,214,3
10,5,2023-08-15T18:16:53.093Z,808,2
13,14,2023-08-15T18:16:53.093Z,200,13
19,0,2023-08-15T18:16:53.093Z,206,7
22,21,2023-08-15T18:16:53.093Z,308,6
4,5,2023-08-15T18:17:03.093Z,224,2
10,5,2023-08-15T18:17:03.093Z,704,2
14,4,2023-08-15T18:17:03.093Z,632,3
2,1,2023-08-15T18:16:53.093Z,329,1
15,17,2023-08-15T18:16:53.093Z,900,3
0,6,2023-08-15T18:17:03.093Z,8,1
2,3,2023-08-15T18:17:03.093Z,505,1
17,22,2023-08-15T18:17:03.093Z,940,9
0,6,2023-08-15T18:17:13.093Z,206,1
5,19,2023-08-15T18:17:13.093Z,921,3
11,7,2023-08-15T18:17:13.093Z,897,8
14,12,2023-08-15T18:17:13.093Z,240,3
21,16,2023-08-15T18:17:13.093Z,503,9
27,34,2023-08-15T18:17:13.093Z,442,5
32,34,2023-08-15T18:17:13.093Z,9,6
34,33,2023-08-15T18:17:13.093Z,87,7
0,6,2023-08-15T18:17:23.093Z,424,1
17,23,2023-08-15T18:16:53.093Z,354,9
21,22,2023-08-15T18:16:53.093Z,646,9
34,0,2023-08-15T18:16:53.093Z,424,7
11,7,2023-08-15T18:17:03.093Z,954,8
13,14,2023-08-15T18:17:03.093Z,198,13
22,21,2023-08-15T18:17:03.093Z,90,6
23,15,2023-08-15T18:17:03.093Z,354,14
13,14,2023-08-15T18:17:13.093Z,675,13
15,17,2023-08-15T18:17:13.093Z,1,3
17,22,2023-08-15T18:17:13.093Z,698,9
22,34,2023-08-15T18:17:13.093Z,485,6
3,5,2023-08-15T18:17:23.093Z,427,2
4,5,2023-08-15T18:17:23.093Z,214,2
15,13,2023-08-15T18:17:23.093Z,570,3
17,23,2023-08-15T18:17:23.093Z,964,9
27,31,2023-08-15T18:17:23.093Z,273,5
12,10,2023-08-15T18:17:33.093Z,543,8
5,17,2023-08-15T18:17:43.093Z,979,3
7,3,2023-08-15T18:17:43.093Z,650,1
10,5,2023-08-15T18:17:43.093Z,909,2
6,7,2023-08-15T18:17:53.093Z,206,8
10,2,2023-08-15T18:17:53.093Z,318,2
32,25,2023-08-15T18:17:53.093Z,989,6
14,12,2023-08-15T18:18:03.093Z,198,3
15,13,2023-08-15T18:18:03.093Z,354,3
17,22,2023-08-15T18:18:03.093Z,823,9
0,3,2023-08-15T18:16:53.093Z,296,1
7,3,2023-08-15T18:16:53.093Z,427,1
12,7,2023-08-15T18:16:53.093Z,627,8
14,4,2023-08-15T18:16:53.093Z,544,3
1,0,2023-08-15T18:17:03.093Z,43,7
3,2,2023-08-15T18:17:03.093Z,296,2
15,19,2023-08-15T18:17:03.093Z,739,3
21,16,2023-08-15T18:17:03.093Z,832,9
5,17,2023-08-15T18:17:23.093Z,696,3
6,7,2023-08-15T18:17:23.093Z,8,8
32,21,2023-08-15T18:17:23.093Z,701,6
5,20,2023-08-15T18:17:33.093Z,483,3
7,3,2023-08-15T18:17:33.093Z,241,1
2,2,2023-08-15T18:17:53.093Z,382,1
3,2,2023-08-15T18:17:53.093Z,241,2
33,21,2023-08-15T18:17:53.093Z,994,6
34,33,2023-08-15T18:17:53.093Z,324,7
12,7,2023-08-15T18:18:03.093Z,357,8
13,14,2023-08-15T18:18:03.093Z,962,13
1,18,2023-08-15T18:17:23.093Z,197,7
1,18,2023-08-15T18:18:13.093Z,27,7
2,6,2023-08-15T18:17:23.093Z,296,1
10,2,2023-08-15T18:17:23.093Z,780,2
13,14,2023-08-15T18:17:23.093Z,487,13
3,5,2023-08-15T18:17:33.093Z,505,2
14,12,2023-08-15T18:17:33.093Z,283,3
17,22,2023-08-15T18:17:33.093Z,894,9
27,31,2023-08-15T18:17:33.093Z,956,5
2,3,2023-08-15T18:17:43.093Z,780,1
4,5,2023-08-15T18:17:43.093Z,632,2
14,17,2023-08-15T18:17:43.093Z,200,3
10,9,2023-08-15T18:18:13.093Z,543,2
17,22,2023-08-15T18:18:13.093Z,800,9
25,15,2023-08-15T18:18:13.093Z,989,14
2,1,2023-08-15T18:18:23.093Z,318,1
12,10,2023-08-15T18:18:23.093Z,108,8
17,22,2023-08-15T18:18:23.093Z,316,9
17,16,2023-08-15T18:17:43.093Z,176,9
12,7,2023-08-15T18:17:53.093Z,662,8
17,16,2023-08-15T18:17:53.093Z,433,9
19,33,2023-08-15T18:17:53.093Z,566,7
5,12,2023-08-15T18:18:03.093Z,767,3
7,1,2023-08-15T18:18:03.093Z,828,1
20,26,2023-08-15T18:18:03.093Z,222,4
34,0,2023-08-15T18:18:03.093Z,36,7
7,3,2023-08-15T18:18:13.093Z,851,1
20,35,2023-08-15T18:18:13.093Z,234,4
0,3,2023-08-15T18:18:23.093Z,36,1
5,20,2023-08-15T18:18:23.093Z,224,3
13,14,2023-08-15T18:18:23.093Z,570,13
2,1,2023-08-15T18:18:13.093Z,241,1
7,3,2023-08-15T18:17:23.093Z,382,1
12,7,2023-08-15T18:17:23.093Z,67,8
1,18,2023-08-15T18:17:33.093Z,873,7
4,11,2023-08-15T18:17:33.093Z,544,2
15,17,2023-08-15T18:17:33.093Z,638,3
18,13,2023-08-15T18:17:33.093Z,197,3
0,6,2023-08-15T18:17:43.093Z,43,1
3,2,2023-08-15T18:17:43.093Z,382,2
11,10,2023-08-15T18:17:43.093Z,544,8
3,5,2023-08-15T18:18:13.093Z,650,2
6,10,2023-08-15T18:18:13.093Z,296,8
12,7,2023-08-15T18:18:13.093Z,804,8
13,8,2023-08-15T18:18:13.093Z,890,13
21,23,2023-08-15T18:18:13.093Z,308,9
32,21,2023-08-15T18:18:13.093Z,756,6
7,6,2023-08-15T18:18:23.093Z,741,1
14,20,2023-08-15T18:18:23.093Z,487,3
21,23,2023-08-15T18:18:23.093Z,90,9
32,21,2023-08-15T18:17:43.093Z,289,6
16,19,2023-08-15T18:17:53.093Z,267,3
18,13,2023-08-15T18:17:53.093Z,873,3
3,5,2023-08-15T18:18:03.093Z,780,2
6,7,2023-08-15T18:18:03.093Z,424,8
19,18,2023-08-15T18:18:03.093Z,663,7
31,32,2023-08-15T18:18:03.093Z,273,12
5,12,2023-08-15T18:18:13.093Z,808,3
14,20,2023-08-15T18:18:13.093Z,675,3
31,32,2023-08-15T18:18:13.093Z,956,12
3,5,2023-08-15T18:18:23.093Z,851,2
9,8,2023-08-15T18:18:23.093Z,543,13
5,13,2023-08-15T18:18:33.093Z,704,3
7,6,2023-08-15T18:18:33.093Z,803,1
10,2,2023-08-15T18:18:33.093Z,544,2
17,23,2023-08-15T18:18:33.093Z,448,9
10,9,2023-08-15T18:18:43.093Z,296,2
17,23,2023-08-15T18:18:43.093Z,850,9
23,15,2023-08-15T18:18:43.093Z,90,14
1,0,2023-08-15T18:18:33.093Z,54,7
6,10,2023-08-15T18:18:33.093Z,43,8
16,12,2023-08-15T18:18:33.093Z,832,3
19,33,2023-08-15T18:18:33.093Z,921,7
23,15,2023-08-15T18:18:33.093Z,308,14
13,8,2023-08-15T18:18:33.093Z,197,13
21,16,2023-08-15T18:18:33.093Z,701,9
33,28,2023-08-15T18:18:33.093Z,87,6
1,18,2023-08-15T18:18:43.093Z,821,7
5,19,2023-08-15T18:18:43.093Z,427,3
8,11,2023-08-15T18:18:33.093Z,890,2
12,7,2023-08-15T18:18:33.093Z,533,8
34,18,2023-08-15T18:18:33.093Z,835,7
6,7,2023-08-15T18:18:43.093Z,92,8
21,16,2023-08-15T18:18:43.093Z,289,9
34,18,2023-08-15T18:18:43.093Z,479,7
2,3,2023-08-15T18:18:53.093Z,544,1
6,10,2023-08-15T18:18:53.093Z,741,8
10,2,2023-08-15T18:18:53.093Z,108,2
16,20,2023-08-15T18:18:53.093Z,176,3
7,6,2023-08-15T18:19:03.093Z,946,1
10,5,2023-08-15T18:19:03.093Z,934,2
14,20,2023-08-15T18:19:03.093Z,570,3
17,23,2023-08-15T18:19:03.093Z,319,9
23,24,2023-08-15T18:19:03.093Z,850,14
7,3,2023-08-15T18:19:13.093Z,627,1
16,12,2023-08-15T18:19:13.093Z,701,3
8,11,2023-08-15T18:19:23.093Z,354,2
15,4,2023-08-15T18:19:23.093Z,118,3
23,15,2023-08-15T18:19:23.093Z,964,14
3,5,2023-08-15T18:19:33.093Z,544,2
11,10,2023-08-15T18:19:33.093Z,54,8
34,33,2023-08-15T18:19:33.093Z,254,7
11,10,2023-08-15T18:19:43.093Z,354,8
18,13,2023-08-15T18:19:43.093Z,27,3
10,5,2023-08-15T18:19:53.093Z,46,2
17,22,2023-08-15T18:19:53.093Z,696,9
2,3,2023-08-15T18:18:43.093Z,382,1
13,8,2023-08-15T18:18:43.093Z,873,13
33,28,2023-08-15T18:18:43.093Z,566,6
0,3,2023-08-15T18:18:53.093Z,54,1
5,20,2023-08-15T18:18:53.093Z,214,3
7,6,2023-08-15T18:18:53.093Z,46,1
14,12,2023-08-15T18:18:53.093Z,962,3
33,21,2023-08-15T18:18:53.093Z,324,6
8,5,2023-08-15T18:19:03.093Z,873,2
13,8,2023-08-15T18:19:03.093Z,354,13
16,20,2023-08-15T18:19:03.093Z,433,3
21,16,2023-08-15T18:19:03.093Z,756,9
32,34,2023-08-15T18:19:03.093Z,910,6
12,7,2023-08-15T18:19:13.093Z,588,8
2,1,2023-08-15T18:19:23.093Z,36,1
12,7,2023-08-15T18:19:23.093Z,426,8
16,13,2023-08-15T18:19:23.093Z,289,3
33,21,2023-08-15T18:19:23.093Z,921,6
7,1,2023-08-15T18:19:33.093Z,897,1
23,15,2023-08-15T18:19:33.093Z,319,14
2,1,2023-08-15T18:19:43.093Z,108,1
14,17,2023-08-15T18:19:43.093Z,43,3
2,1,2023-08-15T18:19:53.093Z,631,1
14,17,2023-08-15T18:19:53.093Z,704,3
19,33,2023-08-15T18:19:53.093Z,427,7
32,25,2023-08-15T18:19:53.093Z,273,6
7,3,2023-08-15T18:20:03.093Z,8,1
13,14,2023-08-15T18:20:03.093Z,289,13
11,7,2023-08-15T18:18:53.093Z,890,8
3,9,2023-08-15T18:19:03.093Z,382,2
12,7,2023-08-15T18:19:03.093Z,328,8
18,4,2023-08-15T18:19:03.093Z,663,3
34,34,2023-08-15T18:19:03.093Z,845,7
9,8,2023-08-15T18:19:13.093Z,382,13
15,19,2023-08-15T18:19:13.093Z,190,3
34,0,2023-08-15T18:19:13.093Z,580,7
6,10,2023-08-15T18:19:23.093Z,46,8
9,14,2023-08-15T18:19:23.093Z,43,13
17,16,2023-08-15T18:19:23.093Z,202,9
2,1,2023-08-15T18:19:33.093Z,741,1
6,10,2023-08-15T18:19:33.093Z,946,8
10,2,2023-08-15T18:19:33.093Z,631,2
17,16,2023-08-15T18:19:33.093Z,900,9
10,2,2023-08-15T18:19:43.093Z,803,2
17,23,2023-08-15T18:19:43.093Z,1,9
8,5,2023-08-15T18:19:53.093Z,543,2
16,19,2023-08-15T18:19:53.093Z,756,3
21,16,2023-08-15T18:19:53.093Z,324,9
4,5,2023-08-15T18:20:03.093Z,118,2
12,7,2023-08-15T18:20:03.093Z,198,8
32,21,2023-08-15T18:20:03.093Z,956,6
3,2,2023-08-15T18:20:03.093Z,596,2
10,9,2023-08-15T18:20:03.093Z,946,2
18,12,2023-08-15T18:20:03.093Z,821,3
1,18,2023-08-15T18:19:03.093Z,94,7
6,10,2023-08-15T18:19:03.093Z,803,8
15,20,2023-08-15T18:19:03.093Z,989,3
27,34,2023-08-15T18:19:03.093Z,840,5
3,2,2023-08-15T18:19:13.093Z,36,2
10,9,2023-08-15T18:19:13.093Z,43,2
17,16,2023-08-15T18:19:13.093Z,760,9
3,11,2023-08-15T18:19:23.093Z,54,2
7,1,2023-08-15T18:19:23.093Z,954,1
10,2,2023-08-15T18:19:23.093Z,741,2
34,33,2023-08-15T18:19:23.093Z,232,7
4,9,2023-08-15T18:19:33.093Z,663,2
8,5,2023-08-15T18:19:33.093Z,382,2
13,14,2023-08-15T18:19:33.093Z,704,13
1,33,2023-08-15T18:19:43.093Z,836,7
12,7,2023-08-15T18:19:43.093Z,283,8
0,6,2023-08-15T18:19:53.093Z,580,1
12,7,2023-08-15T18:19:53.093Z,767,8
18,4,2023-08-15T18:19:53.093Z,835,3
2,3,2023-08-15T18:20:03.093Z,803,1
9,8,2023-08-15T18:20:03.093Z,663,13
16,13,2023-08-15T18:20:03.093Z,760,3
1,18,2023-08-15T18:20:13.093Z,133,7
6,10,2023-08-15T18:20:13.093Z,580,8
13,14,2023-08-15T18:20:13.093Z,27,13
25,15,2023-08-15T18:20:13.093Z,273,14
7,1,2023-08-15T18:20:23.093Z,325,1
14,17,2023-08-15T18:20:23.093Z,289,3
1,18,2023-08-15T18:20:33.093Z,748,7
8,5,2023-08-15T18:20:33.093Z,663,2
14,13,2023-08-15T18:20:33.093Z,296,3
21,22,2023-08-15T18:20:33.093Z,921,9
4,5,2023-08-15T18:20:43.093Z,835,2
12,7,2023-08-15T18:20:43.093Z,314,8
3,5,2023-08-15T18:20:53.093Z,354,2
15,12,2023-08-15T18:20:53.093Z,319,3
1,18,2023-08-15T18:21:03.093Z,24,7
12,7,2023-08-15T18:21:03.093Z,821,8
1,0,2023-08-15T18:21:13.093Z,279,7
17,16,2023-08-15T18:21:13.093Z,704,9
3,5,2023-08-15T18:20:13.093Z,803,2
9,14,2023-08-15T18:20:13.093Z,296,13
17,16,2023-08-15T18:20:13.093Z,638,9
3,5,2023-08-15T18:20:23.093Z,8,2
10,2,2023-08-15T18:20:23.093Z,354,2
16,19,2023-08-15T18:20:23.093Z,900,3
3,2,2023-08-15T18:20:33.093Z,67,2
12,7,2023-08-15T18:20:33.093Z,962,8
16,17,2023-08-15T18:20:33.093Z,324,3
2,1,2023-08-15T18:20:43.093Z,67,1
8,5,2023-08-15T18:20:43.093Z,946,2
21,23,2023-08-15T18:20:43.093Z,956,9
7,3,2023-08-15T18:20:53.093Z,424,1
21,22,2023-08-15T18:20:53.093Z,232,9
10,2,2023-08-15T18:21:03.093Z,54,2
21,22,2023-08-15T18:21:03.093Z,757,9
13,8,2023-08-15T18:21:13.093Z,479,13
7,1,2023-08-15T18:21:23.093Z,804,1
19,0,2023-08-15T18:21:23.093Z,739,7
7,6,2023-08-15T18:21:33.093Z,533,1
19,18,2023-08-15T18:21:33.093Z,900,7
7,1,2023-08-15T18:21:43.093Z,92,1
2,6,2023-08-15T18:20:13.093Z,596,1
7,3,2023-08-15T18:20:13.093Z,67,1
16,19,2023-08-15T18:20:13.093Z,202,3
34,34,2023-08-15T18:20:13.093Z,644,7
9,8,2023-08-15T18:20:23.093Z,946,13
15,4,2023-08-15T18:20:23.093Z,308,3
2,3,2023-08-15T18:20:33.093Z,354,1
10,5,2023-08-15T18:20:33.093Z,580,2
15,12,2023-08-15T18:20:33.093Z,90,3
33,21,2023-08-15T18:20:33.093Z,232,6
2,3,2023-08-15T18:21:23.093Z,54,1
12,7,2023-08-15T18:21:23.093Z,240,8
1,0,2023-08-15T18:21:33.093Z,669,7
16,13,2023-08-15T18:21:33.093Z,638,3
4,2,2023-08-15T18:21:43.093Z,94,2
23,15,2023-08-15T18:21:43.093Z,324,14
4,5,2023-08-15T18:20:13.093Z,482,2
12,7,2023-08-15T18:20:13.093Z,808,8
18,13,2023-08-15T18:20:13.093Z,479,3
6,10,2023-08-15T18:20:23.093Z,596,8
12,10,2023-08-15T18:20:23.093Z,832,8
18,4,2023-08-15T18:20:23.093Z,94,3
7,3,2023-08-15T18:20:33.093Z,206,1
13,14,2023-08-15T18:20:33.093Z,760,13
17,23,2023-08-15T18:20:33.093Z,979,9
3,11,2023-08-15T18:20:43.093Z,627,2
7,1,2023-08-15T18:20:43.093Z,662,1
15,13,2023-08-15T18:20:43.093Z,964,3
4,2,2023-08-15T18:20:53.093Z,496,2
17,22,2023-08-15T18:20:53.093Z,200,9
2,1,2023-08-15T18:21:03.093Z,496,1
17,23,2023-08-15T18:21:03.093Z,43,9
7,1,2023-08-15T18:21:13.093Z,357,1
19,33,2023-08-15T18:21:13.093Z,267,7
8,5,2023-08-15T18:21:23.093Z,479,2
0,3,2023-08-15T18:21:33.093Z,279,1
13,8,2023-08-15T18:21:33.093Z,296,13
0,3,2023-08-15T18:21:43.093Z,739,1
13,14,2023-08-15T18:21:43.093Z,964,13
10,5,2023-08-15T18:20:43.093Z,596,2
23,24,2023-08-15T18:20:43.093Z,979,14
12,7,2023-08-15T18:20:53.093Z,701,8
23,15,2023-08-15T18:20:53.093Z,956,14
11,7,2023-08-15T18:21:03.093Z,627,8
34,33,2023-08-15T18:21:03.093Z,156,7
15,13,2023-08-15T18:21:13.093Z,80,3
3,5,2023-08-15T18:21:23.093Z,206,2
17,22,2023-08-15T18:21:23.093Z,289,9
2,1,2023-08-15T18:21:33.093Z,336,1
17,23,2023-08-15T18:21:33.093Z,324,9
6,10,2023-08-15T18:21:43.093Z,533,8
34,33,2023-08-15T18:21:43.093Z,747,7
1,33,2023-08-15T18:21:53.093Z,100,7
8,5,2023-08-15T18:21:53.093Z,296,2
3,5,2023-08-15T18:22:03.093Z,279,2
7,1,2023-08-15T18:22:13.093Z,328,1
19,0,2023-08-15T18:22:13.093Z,908,7
13,14,2023-08-15T18:22:23.093Z,638,13
7,6,2023-08-15T18:22:33.093Z,588,1
34,34,2023-08-15T18:22:33.093Z,667,7
22,25,2023-08-15T18:22:43.093Z,489,6
2,1,2023-08-15T18:22:53.093Z,739,1
7,1,2023-08-15T18:22:53.093Z,283,1
2,3,2023-08-15T18:23:03.093Z,90,1
16,20,2023-08-15T18:23:03.093Z,704,3
6,10,2023-08-15T18:23:13.093Z,588,8
7,1,2023-08-15T18:23:23.093Z,198,1
16,13,2023-08-15T18:23:23.093Z,256,3
7,3,2023-08-15T18:21:53.093Z,890,1
1,33,2023-08-15T18:22:03.093Z,472,7
3,2,2023-08-15T18:22:13.093Z,739,2
14,19,2023-08-15T18:22:13.093Z,5,3
1,18,2023-08-15T18:22:23.093Z,185,7
3,5,2023-08-15T18:21:53.093Z,54,2
14,19,2023-08-15T18:21:53.093Z,760,3
14,19,2023-08-15T18:22:03.093Z,964,3
13,14,2023-08-15T18:22:13.093Z,80,13
0,6,2023-08-15T18:22:23.093Z,669,1
27,34,2023-08-15T18:22:23.093Z,783,5
21,23,2023-08-15T18:22:33.093Z,994,9
7,1,2023-08-15T18:22:43.093Z,426,1
34,33,2023-08-15T18:22:43.093Z,605,7
4,5,2023-08-15T18:22:53.093Z,308,2
14,20,2023-08-15T18:22:53.093Z,80,3
7,6,2023-08-15T18:23:03.093Z,767,1
1,33,2023-08-15T18:23:13.093Z,298,7
34,33,2023-08-15T18:23:13.093Z,441,7
10,2,2023-08-15T18:23:23.093Z,588,2
2,3,2023-08-15T18:21:53.093Z,94,1
12,7,2023-08-15T18:21:53.093Z,319,8
10,5,2023-08-15T18:22:03.093Z,533,2
10,5,2023-08-15T18:22:13.093Z,832,2
34,18,2023-08-15T18:22:13.093Z,167,7
0,6,2023-08-15T18:22:33.093Z,908,1
22,25,2023-08-15T18:22:33.093Z,23,6
12,10,2023-08-15T18:22:43.093Z,90,8
1,0,2023-08-15T18:22:53.093Z,657,7
6,7,2023-08-15T18:22:53.093Z,669,8
34,33,2023-08-15T18:22:53.093Z,720,7
14,19,2023-08-15T18:23:03.093Z,638,3
3,5,2023-08-15T18:23:13.093Z,90,2
1,33,2023-08-15T18:23:23.093Z,612,7
15,19,2023-08-15T18:23:23.093Z,994,3
22,34,2023-08-15T18:22:23.093Z,939,6
15,19,2023-08-15T18:22:33.093Z,273,3
2,2,2023-08-15T18:22:43.093Z,739,1
23,15,2023-08-15T18:22:43.093Z,994,14
3,5,2023-08-15T18:22:53.093Z,424,2
10,2,2023-08-15T18:22:53.093Z,90,2
6,7,2023-08-15T18:23:03.093Z,908,8
34,18,2023-08-15T18:23:03.093Z,762,7
19,18,2023-08-15T18:23:13.093Z,202,7
8,5,2023-08-15T18:23:23.093Z,197,2
34,0,2023-08-15T18:23:23.093Z,446,7
1,1,2023-08-15T18:23:33.093Z,690,7
6,10,2023-08-15T18:23:33.093Z,767,8
7,1,2023-08-15T18:23:33.093Z,808,1
34,33,2023-08-15T18:23:33.093Z,653,7
1,33,2023-08-15T18:23:43.093Z,402,7
10,9,2023-08-15T18:23:43.093Z,767,2
23,15,2023-08-15T18:23:43.093Z,1,14
27,34,2023-08-15T18:23:43.093Z,490,5
0,6,2023-08-15T18:23:53.093Z,657,1
1,18,2023-08-15T18:23:53.093Z,734,7
7,3,2023-08-15T18:23:53.093Z,962,1
19,0,2023-08-15T18:23:53.093Z,760,7
22,34,2023-08-15T18:23:53.093Z,874,6
0,3,2023-08-15T18:24:03.093Z,446,1
2,1,2023-08-15T18:24:03.093Z,588,1
7,3,2023-08-15T18:24:03.093Z,314,1
9,14,2023-08-15T18:24:03.093Z,767,13
13,8,2023-08-15T18:24:03.093Z,256,13
22,25,2023-08-15T18:24:03.093Z,423,6
34,33,2023-08-15T18:24:03.093Z,902,7
1,18,2023-08-15T18:24:13.093Z,571,7
6,7,2023-08-15T18:24:13.093Z,657,8
7,1,2023-08-15T18:24:13.093Z,701,1
8,5,2023-08-15T18:24:13.093Z,256,2
19,0,2023-08-15T18:24:13.093Z,5,7
22,22,2023-08-15T18:24:13.093Z,136,6
27,34,2023-08-15T18:24:13.093Z,86,5
0,3,2023-08-15T18:24:23.093Z,760,1
1,1,2023-08-15T18:24:23.093Z,806,7
3,2,2023-08-15T18:24:23.093Z,962,2
6,7,2023-08-15T18:24:23.093Z,955,8
7,1,2023-08-15T18:24:23.093Z,25,1
14,20,2023-08-15T18:24:23.093Z,767,3
22,34,2023-08-15T18:24:23.093Z,221,6
26,27,2023-08-15T18:24:23.093Z,864,11
27,34,2023-08-15T18:24:23.093Z,796,5
29,27,2023-08-15T18:24:23.093Z,117,11
1,0,2023-08-15T18:24:33.093Z,26,7
3,5,2023-08-15T18:24:33.093Z,446,2
19,33,2023-08-15T18:24:33.093Z,638,7
23,15,2023-08-15T18:24:33.093Z,43,14
3,2,2023-08-15T18:24:43.093Z,314,2
5,20,2023-08-15T18:24:43.093Z,505,3
7,1,2023-08-15T18:24:43.093Z,627,1
15,17,2023-08-15T18:24:43.093Z,1,3
27,31,2023-08-15T18:24:43.093Z,725,5
29,27,2023-08-15T18:24:43.093Z,265,11
34,33,2023-08-15T18:24:43.093Z,261,7
35,29,2023-08-15T18:24:43.093Z,630,10
0,3,2023-08-15T18:24:53.093Z,5,1
1,1,2023-08-15T18:24:53.093Z,146,7
3,9,2023-08-15T18:24:53.093Z,890,2
5,20,2023-08-15T18:24:53.093Z,632,3
15,17,2023-08-15T18:24:53.093Z,956,3
27,31,2023-08-15T18:24:53.093Z,183,5
1,18,2023-08-15T18:25:03.093Z,738,7
3,9,2023-08-15T18:25:03.093Z,760,2
5,17,2023-08-15T18:25:03.093Z,909,3
7,1,2023-08-15T18:25:03.093Z,240,1
14,19,2023-08-15T18:25:03.093Z,27,3
15,12,2023-08-15T18:25:03.093Z,43,3
24,26,2023-08-15T18:25:03.093Z,311,4
27,31,2023-08-15T18:25:03.093Z,635,5
34,34,2023-08-15T18:25:03.093Z,478,7
0,3,2023-08-15T18:25:13.093Z,26,1
2,1,2023-08-15T18:25:13.093Z,962,1
5,20,2023-08-15T18:25:13.093Z,780,3
9,14,2023-08-15T18:25:13.093Z,890,13
17,22,2023-08-15T18:25:13.093Z,1,9
27,31,2023-08-15T18:25:13.093Z,445,5
1,33,2023-08-15T18:25:23.093Z,619,7
6,6,2023-08-15T18:25:23.093Z,319,8
29,27,2023-08-15T18:25:23.093Z,914,11
24,35,2023-08-15T18:25:33.093Z,979,4
35,29,2023-08-15T18:25:33.093Z,647,10
2,1,2023-08-15T18:25:43.093Z,314,1
5,4,2023-08-15T18:25:43.093Z,851,3
22,34,2023-08-15T18:25:43.093Z,368,6
34,0,2023-08-15T18:25:43.093Z,466,7
13,8,2023-08-15T18:25:53.093Z,890,13
3,11,2023-08-15T18:25:13.093Z,5,2
15,20,2023-08-15T18:25:13.093Z,324,3
29,27,2023-08-15T18:25:13.093Z,473,11
7,3,2023-08-15T18:25:23.093Z,669,1
5,12,2023-08-15T18:25:33.093Z,650,3
19,33,2023-08-15T18:25:33.093Z,756,7
34,0,2023-08-15T18:25:33.093Z,906,7
3,9,2023-08-15T18:25:43.093Z,669,2
19,0,2023-08-15T18:25:43.093Z,273,7
31,32,2023-08-15T18:25:43.093Z,725,12
11,7,2023-08-15T18:25:53.093Z,26,8
22,21,2023-08-15T18:25:53.093Z,847,6
9,8,2023-08-15T18:25:23.093Z,760,13
6,7,2023-08-15T18:25:33.093Z,319,8
14,13,2023-08-15T18:25:33.093Z,890,3
29,27,2023-08-15T18:25:33.093Z,945,11
17,22,2023-08-15T18:25:43.093Z,956,9
29,27,2023-08-15T18:25:43.093Z,509,11
9,8,2023-08-15T18:25:53.093Z,669,13
1,18,2023-08-15T18:25:13.093Z,721,7
7,6,2023-08-15T18:25:13.093Z,319,1
24,35,2023-08-15T18:25:13.093Z,661,4
3,11,2023-08-15T18:25:23.093Z,26,2
12,7,2023-08-15T18:25:23.093Z,43,8
7,3,2023-08-15T18:25:33.093Z,908,1
28,29,2023-08-15T18:25:33.093Z,719,10
1,1,2023-08-15T18:25:43.093Z,362,7
11,7,2023-08-15T18:25:43.093Z,5,8
27,34,2023-08-15T18:25:43.093Z,61,5
7,3,2023-08-15T18:25:53.093Z,955,1
17,22,2023-08-15T18:25:53.093Z,909,9
28,30,2023-08-15T18:25:53.093Z,420,10
33,28,2023-08-15T18:25:53.093Z,254,6
8,11,2023-08-15T18:26:03.093Z,669,2
17,16,2023-08-15T18:26:03.093Z,604,9
28,30,2023-08-15T18:26:03.093Z,305,10
31,32,2023-08-15T18:26:03.093Z,635,12
34,34,2023-08-15T18:26:03.093Z,143,7
1,18,2023-08-15T18:26:13.093Z,104,7
3,5,2023-08-15T18:26:13.093Z,908,2
8,2,2023-08-15T18:26:13.093Z,890,2
19,33,2023-08-15T18:26:13.093Z,964,7
27,31,2023-08-15T18:26:13.093Z,766,5
32,21,2023-08-15T18:26:13.093Z,420,6
1,0,2023-08-15T18:26:23.093Z,500,7
3,2,2023-08-15T18:26:23.093Z,955,2
8,2,2023-08-15T18:26:23.093Z,760,2
29,27,2023-08-15T18:26:23.093Z,11,11
10,9,2023-08-15T18:26:33.093Z,650,2
0,6,2023-08-15T18:26:43.093Z,906,1
10,5,2023-08-15T18:26:43.093Z,669,2
16,20,2023-08-15T18:26:23.093Z,604,3
1,18,2023-08-15T18:26:33.093Z,583,7
1,33,2023-08-15T18:26:43.093Z,48,7
28,29,2023-08-15T18:26:43.093Z,327,10
34,18,2023-08-15T18:26:43.093Z,148,7
4,2,2023-08-15T18:26:03.093Z,851,2
12,10,2023-08-15T18:26:03.093Z,650,8
27,34,2023-08-15T18:26:03.093Z,454,5
30,32,2023-08-15T18:26:03.093Z,420,12
32,34,2023-08-15T18:26:03.093Z,725,6
35,29,2023-08-15T18:26:03.093Z,838,10
2,1,2023-08-15T18:26:13.093Z,851,1
7,1,2023-08-15T18:26:13.093Z,43,1
11,10,2023-08-15T18:26:13.093Z,669,8
21,23,2023-08-15T18:26:13.093Z,847,9
30,32,2023-08-15T18:26:13.093Z,305,12
34,34,2023-08-15T18:26:13.093Z,218,7
2,1,2023-08-15T18:26:23.093Z,890,1
7,3,2023-08-15T18:26:23.093Z,319,1
26,27,2023-08-15T18:26:23.093Z,6,11
3,9,2023-08-15T18:26:33.093Z,319,2
33,28,2023-08-15T18:26:33.093Z,427,6
9,8,2023-08-15T18:26:43.093Z,319,13
10,10,2023-08-15T18:26:23.093Z,669,2
33,28,2023-08-15T18:26:23.093Z,836,6
28,29,2023-08-15T18:26:33.093Z,573,10
7,6,2023-08-15T18:26:43.093Z,5,1
31,32,2023-08-15T18:26:43.093Z,766,12
0,6,2023-08-15T18:26:53.093Z,273,1
2,1,2023-08-15T18:26:53.093Z,955,1
6,10,2023-08-15T18:26:53.093Z,906,8
7,6,2023-08-15T18:26:53.093Z,26,1
8,2,2023-08-15T18:26:53.093Z,319,2
9,14,2023-08-15T18:26:53.093Z,650,13
21,22,2023-08-15T18:26:53.093Z,420,9
23,24,2023-08-15T18:26:53.093Z,847,14
31,32,2023-08-15T18:26:53.093Z,183,12
33,25,2023-08-15T18:26:53.093Z,156,6
0,6,2023-08-15T18:27:03.093Z,466,1
1,1,2023-08-15T18:27:03.093Z,471,7
2,1,2023-08-15T18:27:03.093Z,760,1
6,10,2023-08-15T18:27:03.093Z,5,8
10,2,2023-08-15T18:27:03.093Z,906,2
33,21,2023-08-15T18:27:03.093Z,267,6
0,3,2023-08-15T18:27:13.093Z,500,1
1,33,2023-08-15T18:27:13.093Z,238,7
2,1,2023-08-15T18:27:13.093Z,319,1
6,7,2023-08-15T18:27:13.093Z,22,8
10,5,2023-08-15T18:27:13.093Z,5,2
33,28,2023-08-15T18:27:13.093Z,747,6
1,0,2023-08-15T18:27:23.093Z,597,7
2,3,2023-08-15T18:27:23.093Z,906,1
3,2,2023-08-15T18:27:23.093Z,500,2
7,1,2023-08-15T18:27:23.093Z,821,1
16,20,2023-08-15T18:27:23.093Z,503,3
33,28,2023-08-15T18:27:23.093Z,100,6
34,33,2023-08-15T18:27:23.093Z,601,7
3,9,2023-08-15T18:27:33.093Z,906,2
11,7,2023-08-15T18:27:33.093Z,837,8
14,12,2023-08-15T18:27:33.093Z,650,3
33,21,2023-08-15T18:27:33.093Z,472,6
1,18,2023-08-15T18:27:43.093Z,872,7
6,10,2023-08-15T18:27:43.093Z,273,8
7,3,2023-08-15T18:27:43.093Z,657,1
9,8,2023-08-15T18:27:43.093Z,906,13
33,25,2023-08-15T18:27:43.093Z,605,6
1,1,2023-08-15T18:27:53.093Z,358,7
6,10,2023-08-15T18:27:53.093Z,26,8
7,1,2023-08-15T18:27:53.093Z,22,1
8,5,2023-08-15T18:27:53.093Z,906,2
19,18,2023-08-15T18:27:53.093Z,27,7
34,33,2023-08-15T18:27:53.093Z,403,7
1,33,2023-08-15T18:28:03.093Z,515,7
2,1,2023-08-15T18:28:03.093Z,500,1
3,11,2023-08-15T18:28:03.093Z,657,2
6,10,2023-08-15T18:28:03.093Z,466,8
7,3,2023-08-15T18:28:03.093Z,837,1
10,9,2023-08-15T18:28:03.093Z,273,2
12,7,2023-08-15T18:28:03.093Z,650,8
34,0,2023-08-15T18:28:03.093Z,523,7
3,2,2023-08-15T18:28:13.093Z,837,2
10,9,2023-08-15T18:28:13.093Z,26,2
11,10,2023-08-15T18:28:13.093Z,657,8
33,28,2023-08-15T18:28:13.093Z,720,6
34,0,2023-08-15T18:28:13.093Z,919,7
2,1,2023-08-15T18:28:23.093Z,837,1
9,14,2023-08-15T18:28:23.093Z,273,13
10,5,2023-08-15T18:28:23.093Z,466,2
21,22,2023-08-15T18:28:23.093Z,267,9
0,6,2023-08-15T18:28:33.093Z,597,1
14,17,2023-08-15T18:28:33.093Z,273,3
1,18,2023-08-15T18:28:43.093Z,168,7
34,0,2023-08-15T18:28:43.093Z,558,7
23,15,2023-08-15T18:28:53.093Z,472,14
0,6,2023-08-15T18:29:13.093Z,558,1
0,3,2023-08-15T18:29:23.093Z,383,1
6,10,2023-08-15T18:29:33.093Z,597,8
35,29,2023-08-15T18:29:43.093Z,2,10
34,18,2023-08-15T18:29:53.093Z,252,7
31,32,2023-08-15T18:30:03.093Z,445,12
10,5,2023-08-15T18:28:33.093Z,657,2
0,3,2023-08-15T18:28:43.093Z,523,1
23,23,2023-08-15T18:28:43.093Z,472,14
3,5,2023-08-15T18:28:53.093Z,523,2
9,14,2023-08-15T18:28:33.093Z,26,13
33,28,2023-08-15T18:28:33.093Z,298,6
17,22,2023-08-15T18:28:43.093Z,273,9
1,18,2023-08-15T18:28:53.093Z,347,7
1,0,2023-08-15T18:29:03.093Z,383,7
3,5,2023-08-15T18:29:13.093Z,94,2
0,6,2023-08-15T18:29:33.093Z,941,1
10,11,2023-08-15T18:29:43.093Z,597,2
6,7,2023-08-15T18:29:53.093Z,558,8
7,3,2023-08-15T18:30:03.093Z,919,1
1,18,2023-08-15T18:28:33.093Z,589,7
21,23,2023-08-15T18:28:33.093Z,472,9
7,1,2023-08-15T18:28:43.093Z,650,1
0,6,2023-08-15T18:28:53.093Z,919,1
33,21,2023-08-15T18:28:53.093Z,441,6
34,0,2023-08-15T18:29:03.093Z,941,7
1,1,2023-08-15T18:29:13.093Z,578,7
21,16,2023-08-15T18:29:13.093Z,441,9
34,34,2023-08-15T18:29:23.093Z,381,7
1,1,2023-08-15T18:29:33.093Z,592,7
6,7,2023-08-15T18:29:43.093Z,919,8
34,34,2023-08-15T18:29:43.093Z,692,7
1,0,2023-08-15T18:29:53.093Z,539,7
11,7,2023-08-15T18:29:53.093Z,597,8
3,2,2023-08-15T18:30:03.093Z,383,2
15,19,2023-08-15T18:30:03.093Z,472,3
34,34,2023-08-15T18:30:03.093Z,79,7
7,3,2023-08-15T18:30:13.093Z,558,1
1,0,2023-08-15T18:30:23.093Z,18,7
0,6,2023-08-15T18:30:43.093Z,539,1
1,0,2023-08-15T18:30:43.093Z,196,7
9,14,2023-08-15T18:30:43.093Z,919,13
1,18,2023-08-15T18:30:13.093Z,297,7
6,10,2023-08-15T18:30:23.093Z,941,8
3,9,2023-08-15T18:30:33.093Z,919,2
3,5,2023-08-15T18:30:43.093Z,558,2
16,13,2023-08-15T18:30:13.093Z,441,3
34,18,2023-08-15T18:30:23.093Z,390,7
1,33,2023-08-15T18:30:33.093Z,896,7
2,1,2023-08-15T18:30:33.093Z,383,1
19,19,2023-08-15T18:30:33.093Z,472,7
34,34,2023-08-15T18:30:33.093Z,307,7
10,11,2023-08-15T18:30:43.093Z,941,2
0,6,2023-08-15T18:30:53.093Z,18,1
13,14,2023-08-15T18:30:43.093Z,441,13
19,33,2023-08-15T18:30:43.093Z,994,7
34,34,2023-08-15T18:30:43.093Z,753,7
11,7,2023-08-15T18:30:53.093Z,941,8
1,18,2023-08-15T18:31:03.093Z,334,7
34,18,2023-08-15T18:31:03.093Z,475,7
34,33,2023-08-15T18:31:23.093Z,350,7
34,34,2023-08-15T18:31:43.093Z,184,7
34,34,2023-08-15T18:30:53.093Z,430,7
34,33,2023-08-15T18:31:13.093Z,41,7
1,0,2023-08-15T18:31:43.093Z,869,7
1,18,2023-08-15T18:30:53.093Z,878,7
19,33,2023-08-15T18:30:53.093Z,472,7
6,7,2023-08-15T18:31:03.093Z,539,8
1,18,2023-08-15T18:31:13.093Z,220,7
1,1,2023-08-15T18:31:33.093Z,585,7
23,15,2023-08-15T18:30:53.093Z,448,14
6,7,2023-08-15T18:31:13.093Z,18,8
1,1,2023-08-15T18:31:23.093Z,504,7
7,3,2023-08-15T18:31:43.093Z,941,1
7,3,2023-08-15T18:31:53.093Z,539,1
14,20,2023-08-15T18:31:53.093Z,919,3
15,17,2023-08-15T18:31:53.093Z,448,3
5,20,2023-08-15T18:32:03.093Z,873,3
7,3,2023-08-15T18:32:03.093Z,18,1
21,23,2023-08-15T18:32:03.093Z,21,9
34,33,2023-08-15T18:32:03.093Z,428,7
35,29,2023-08-15T18:32:03.093Z,356,10
3,5,2023-08-15T18:32:13.093Z,941,2
5,19,2023-08-15T18:32:13.093Z,934,3
7,1,2023-08-15T18:32:13.093Z,597,1
14,4,2023-08-15T18:32:13.093Z,26,3
1,0,2023-08-15T18:32:23.093Z,949,7
3,11,2023-08-15T18:32:23.093Z,539,2
4,9,2023-08-15T18:32:23.093Z,26,2
5,20,2023-08-15T18:32:23.093Z,810,3
17,22,2023-08-15T18:32:23.093Z,448,9
22,34,2023-08-15T18:32:23.093Z,16,6
23,24,2023-08-15T18:32:23.093Z,21,14
27,34,2023-08-15T18:32:23.093Z,49,5
32,34,2023-08-15T18:32:23.093Z,635,6
34,33,2023-08-15T18:32:23.093Z,763,7
5,12,2023-08-15T18:32:33.093Z,544,3
11,10,2023-08-15T18:32:33.093Z,539,8
22,21,2023-08-15T18:32:33.093Z,521,6
26,27,2023-08-15T18:32:33.093Z,166,11
28,29,2023-08-15T18:32:33.093Z,138,10
29,27,2023-08-15T18:32:33.093Z,114,11
34,18,2023-08-15T18:32:33.093Z,716,7
1,1,2023-08-15T18:32:43.093Z,863,7
9,8,2023-08-15T18:32:43.093Z,26,13
22,28,2023-08-15T18:32:43.093Z,540,6
32,25,2023-08-15T18:32:43.093Z,766,6
3,9,2023-08-15T18:32:53.093Z,18,2
7,6,2023-08-15T18:32:53.093Z,664,1
19,18,2023-08-15T18:32:53.093Z,934,7
32,21,2023-08-15T18:32:53.093Z,183,6
0,3,2023-08-15T18:33:03.093Z,869,1
22,34,2023-08-15T18:33:03.093Z,409,6
34,18,2023-08-15T18:32:43.093Z,287,7
0,3,2023-08-15T18:32:53.093Z,196,1
1,18,2023-08-15T18:32:53.093Z,526,7
5,20,2023-08-15T18:32:53.093Z,382,3
8,11,2023-08-15T18:32:53.093Z,26,2
22,25,2023-08-15T18:32:53.093Z,673,6
34,33,2023-08-15T18:32:53.093Z,899,7
9,8,2023-08-15T18:33:03.093Z,18,13
32,25,2023-08-15T18:33:03.093Z,445,6
0,3,2023-08-15T18:33:13.093Z,949,1
8,11,2023-08-15T18:33:13.093Z,18,2
14,19,2023-08-15T18:33:13.093Z,441,3
28,30,2023-08-15T18:33:13.093Z,394,10
3,11,2023-08-15T18:33:23.093Z,196,2
6,10,2023-08-15T18:33:23.093Z,664,8
11,10,2023-08-15T18:33:23.093Z,18,8
22,25,2023-08-15T18:33:23.093Z,646,6
27,31,2023-08-15T18:33:23.093Z,365,5
27,34,2023-08-15T18:33:03.093Z,997,5
34,34,2023-08-15T18:33:03.093Z,406,7
1,18,2023-08-15T18:33:13.093Z,938,7
5,4,2023-08-15T18:33:13.093Z,543,3
11,7,2023-08-15T18:33:13.093Z,26,8
22,22,2023-08-15T18:33:13.093Z,7,6
34,18,2023-08-15T18:33:13.093Z,417,7
1,18,2023-08-15T18:33:23.093Z,292,7
5,20,2023-08-15T18:33:23.093Z,46,3
10,5,2023-08-15T18:33:23.093Z,539,2
21,16,2023-08-15T18:33:23.093Z,521,9
34,18,2023-08-15T18:33:23.093Z,163,7
1,0,2023-08-15T18:33:33.093Z,37,7
3,5,2023-08-15T18:33:33.093Z,869,2
4,11,2023-08-15T18:33:33.093Z,543,2
5,19,2023-08-15T18:33:33.093Z,118,3
7,1,2023-08-15T18:33:33.093Z,26,1
10,2,2023-08-15T18:33:33.093Z,664,2
21,22,2023-08-15T18:33:33.093Z,183,9
22,25,2023-08-15T18:33:33.093Z,940,6
26,27,2023-08-15T18:33:33.093Z,831,11
27,34,2023-08-15T18:33:33.093Z,353,5
29,27,2023-08-15T18:33:33.093Z,668,11
30,32,2023-08-15T18:33:33.093Z,394,12
34,33,2023-08-15T18:33:33.093Z,785,7
1,0,2023-08-15T18:33:43.093Z,528,7
2,1,2023-08-15T18:33:43.093Z,664,1
3,5,2023-08-15T18:33:43.093Z,949,2
5,17,2023-08-15T18:33:43.093Z,803,3
10,5,2023-08-15T18:33:43.093Z,18,2
18,20,2023-08-15T18:33:43.093Z,133,3
20,26,2023-08-15T18:33:43.093Z,295,4
22,34,2023-08-15T18:33:43.093Z,698,6
25,24,2023-08-15T18:33:43.093Z,23,14
27,34,2023-08-15T18:33:43.093Z,175,5
29,27,2023-08-15T18:33:43.093Z,88,11
31,32,2023-08-15T18:33:43.093Z,365,12
34,34,2023-08-15T18:33:43.093Z,871,7
1,18,2023-08-15T18:33:53.093Z,272,7
5,19,2023-08-15T18:33:53.093Z,482,3
11,7,2023-08-15T18:33:53.093Z,543,8
12,10,2023-08-15T18:33:53.093Z,544,8
16,19,2023-08-15T18:33:53.093Z,521,3
18,12,2023-08-15T18:33:53.093Z,748,3
20,35,2023-08-15T18:33:53.093Z,870,4
22,25,2023-08-15T18:33:53.093Z,894,6
25,15,2023-08-15T18:33:53.093Z,489,14
27,31,2023-08-15T18:33:53.093Z,189,5
28,30,2023-08-15T18:33:53.093Z,87,10
32,25,2023-08-15T18:33:53.093Z,394,6
34,34,2023-08-15T18:33:53.093Z,174,7
0,6,2023-08-15T18:34:03.093Z,37,1
10,5,2023-08-15T18:34:03.093Z,544,2
18,4,2023-08-15T18:34:03.093Z,24,3
28,30,2023-08-15T18:34:03.093Z,566,10
29,27,2023-08-15T18:34:03.093Z,455,11
30,32,2023-08-15T18:34:03.093Z,87,12
32,28,2023-08-15T18:34:03.093Z,365,6
34,33,2023-08-15T18:34:03.093Z,418,7
0,6,2023-08-15T18:34:13.093Z,528,1
1,1,2023-08-15T18:34:13.093Z,329,7
5,13,2023-08-15T18:34:13.093Z,663,3
6,7,2023-08-15T18:34:13.093Z,37,8
7,6,2023-08-15T18:34:13.093Z,543,1
18,12,2023-08-15T18:34:13.093Z,900,3
25,24,2023-08-15T18:34:13.093Z,156,14
27,31,2023-08-15T18:34:13.093Z,913,5
30,32,2023-08-15T18:34:13.093Z,566,12
32,25,2023-08-15T18:34:13.093Z,87,6
34,33,2023-08-15T18:34:13.093Z,579,7
1,0,2023-08-15T18:34:23.093Z,977,7
5,13,2023-08-15T18:34:23.093Z,580,3
6,6,2023-08-15T18:34:23.093Z,528,8
11,7,2023-08-15T18:34:23.093Z,196,8
15,4,2023-08-15T18:34:23.093Z,489,3
17,22,2023-08-15T18:34:23.093Z,803,9
18,4,2023-08-15T18:34:23.093Z,167,3
27,31,2023-08-15T18:34:23.093Z,123,5
28,30,2023-08-15T18:34:23.093Z,733,10
29,27,2023-08-15T18:34:23.093Z,671,11
31,32,2023-08-15T18:34:23.093Z,189,12
32,25,2023-08-15T18:34:23.093Z,566,6
1,0,2023-08-15T18:34:33.093Z,134,7
5,17,2023-08-15T18:34:33.093Z,835,3
7,3,2023-08-15T18:34:33.093Z,37,1
18,20,2023-08-15T18:34:33.093Z,185,3
19,33,2023-08-15T18:34:33.093Z,190,7
22,34,2023-08-15T18:34:33.093Z,823,6
24,35,2023-08-15T18:34:33.093Z,847,4
27,31,2023-08-15T18:34:33.093Z,313,5
28,29,2023-08-15T18:34:33.093Z,254,10
29,27,2023-08-15T18:34:33.093Z,958,11
30,32,2023-08-15T18:34:33.093Z,733,12
31,32,2023-08-15T18:34:33.093Z,913,12
32,34,2023-08-15T18:34:33.093Z,189,6
33,28,2023-08-15T18:34:33.093Z,612,6
35,29,2023-08-15T18:34:33.093Z,112,10
0,3,2023-08-15T18:34:43.093Z,977,1
1,18,2023-08-15T18:34:43.093Z,132,7
3,5,2023-08-15T18:34:43.093Z,37,2
5,13,2023-08-15T18:34:43.093Z,946,3
6,10,2023-08-15T18:34:43.093Z,543,8
7,1,2023-08-15T18:34:43.093Z,196,1
13,14,2023-08-15T18:34:43.093Z,663,13
18,17,2023-08-15T18:34:43.093Z,762,3
19,18,2023-08-15T18:34:43.093Z,482,7
22,25,2023-08-15T18:34:43.093Z,800,6
26,27,2023-08-15T18:34:43.093Z,770,11
27,31,2023-08-15T18:34:43.093Z,74,5
28,30,2023-08-15T18:34:43.093Z,836,10
29,27,2023-08-15T18:34:43.093Z,181,11
32,21,2023-08-15T18:34:43.093Z,733,6
34,33,2023-08-15T18:34:43.093Z,47,7
35,30,2023-08-15T18:34:43.093Z,460,10
0,6,2023-08-15T18:34:53.093Z,134,1
1,18,2023-08-15T18:34:53.093Z,225,7
5,20,2023-08-15T18:34:53.093Z,596,3
6,10,2023-08-15T18:34:53.093Z,528,8
10,2,2023-08-15T18:34:53.093Z,543,2
12,10,2023-08-15T18:34:53.093Z,748,8
19,33,2023-08-15T18:34:53.093Z,521,7
20,26,2023-08-15T18:34:53.093Z,242,4
22,28,2023-08-15T18:34:53.093Z,316,6
24,35,2023-08-15T18:34:53.093Z,850,4
25,24,2023-08-15T18:34:53.093Z,605,14
28,30,2023-08-15T18:34:53.093Z,427,10
29,27,2023-08-15T18:34:53.093Z,685,11
31,32,2023-08-15T18:34:53.093Z,123,12
33,21,2023-08-15T18:34:53.093Z,653,6
1,33,2023-08-15T18:35:03.093Z,875,7
3,2,2023-08-15T18:35:03.093Z,977,2
5,12,2023-08-15T18:35:03.093Z,354,3
6,7,2023-08-15T18:35:03.093Z,134,8
10,5,2023-08-15T18:35:03.093Z,528,2
12,7,2023-08-15T18:35:03.093Z,900,8
13,14,2023-08-15T18:35:03.093Z,580,13
21,16,2023-08-15T18:35:03.093Z,733,9
22,21,2023-08-15T18:35:03.093Z,696,6
30,32,2023-08-15T18:35:03.093Z,836,12
32,21,2023-08-15T18:35:03.093Z,913,6
33,21,2023-08-15T18:35:03.093Z,402,6
34,34,2023-08-15T18:35:03.093Z,842,7
35,30,2023-08-15T18:35:03.093Z,711,10
2,1,2023-08-15T18:35:13.093Z,543,1
4,9,2023-08-15T18:35:13.093Z,24,2
5,20,2023-08-15T18:35:13.093Z,206,3
10,2,2023-08-15T18:35:13.093Z,748,2
14,17,2023-08-15T18:35:13.093Z,663,3
17,16,2023-08-15T18:35:13.093Z,835,9
22,28,2023-08-15T18:35:13.093Z,921,6
31,32,2023-08-15T18:35:13.093Z,313,12
1,33,2023-08-15T18:35:23.093Z,862,7
4,11,2023-08-15T18:35:23.093Z,489,2
5,17,2023-08-15T18:35:23.093Z,479,3
7,3,2023-08-15T18:35:23.093Z,900,1
17,22,2023-08-15T18:35:23.093Z,762,9
18,17,2023-08-15T18:35:23.093Z,734,3
28,30,2023-08-15T18:35:23.093Z,720,10
30,32,2023-08-15T18:35:23.093Z,460,12
32,34,2023-08-15T18:35:23.093Z,305,6
34,34,2023-08-15T18:35:23.093Z,246,7
1,0,2023-08-15T18:35:33.093Z,159,7
5,20,2023-08-15T18:35:33.093Z,54,3
11,7,2023-08-15T18:35:33.093Z,489,8
21,23,2023-08-15T18:35:33.093Z,653,9
25,15,2023-08-15T18:35:33.093Z,445,14
28,30,2023-08-15T18:35:33.093Z,298,10
32,25,2023-08-15T18:35:33.093Z,123,6
34,18,2023-08-15T18:35:33.093Z,621,7
2,3,2023-08-15T18:35:43.093Z,748,1
5,19,2023-08-15T18:35:43.093Z,296,3
8,2,2023-08-15T18:35:43.093Z,24,2
1,33,2023-08-15T18:35:13.093Z,373,7
12,7,2023-08-15T18:35:13.093Z,354,8
13,14,2023-08-15T18:35:13.093Z,946,13
18,17,2023-08-15T18:35:13.093Z,202,3
28,30,2023-08-15T18:35:13.093Z,100,10
33,21,2023-08-15T18:35:13.093Z,902,6
34,18,2023-08-15T18:35:13.093Z,912,7
22,34,2023-08-15T18:35:23.093Z,200,6
27,34,2023-08-15T18:35:23.093Z,519,5
31,32,2023-08-15T18:35:23.093Z,74,12
33,21,2023-08-15T18:35:23.093Z,638,6
35,30,2023-08-15T18:35:23.093Z,881,10
2,6,2023-08-15T18:35:33.093Z,977,1
9,8,2023-08-15T18:35:33.093Z,24,13
18,20,2023-08-15T18:35:33.093Z,571,3
22,28,2023-08-15T18:35:33.093Z,232,6
27,31,2023-08-15T18:35:33.093Z,700,5
30,32,2023-08-15T18:35:33.093Z,427,12
33,21,2023-08-15T18:35:33.093Z,261,6
1,1,2023-08-15T18:35:43.093Z,828,7
4,9,2023-08-15T18:35:43.093Z,167,2
6,10,2023-08-15T18:35:43.093Z,977,8
17,16,2023-08-15T18:35:43.093Z,663,9
19,0,2023-08-15T18:35:43.093Z,441,7
21,16,2023-08-15T18:35:43.093Z,696,9
23,15,2023-08-15T18:35:43.093Z,653,14
29,27,2023-08-15T18:35:43.093Z,126,11
31,32,2023-08-15T18:35:43.093Z,700,12
33,21,2023-08-15T18:35:43.093Z,619,6
1,0,2023-08-15T18:35:53.093Z,366,7
7,1,2023-08-15T18:35:53.093Z,134,1
16,17,2023-08-15T18:35:53.093Z,733,3
32,21,2023-08-15T18:35:53.093Z,313,6
13,8,2023-08-15T18:36:03.093Z,738,13
21,16,2023-08-15T18:36:03.093Z,402,9
28,29,2023-08-15T18:36:03.093Z,656,10
33,21,2023-08-15T18:36:03.093Z,964,6
32,25,2023-08-15T18:36:13.093Z,74,6
1,18,2023-08-15T18:36:23.093Z,188,7
12,10,2023-08-15T18:36:23.093Z,721,8
22,34,2023-08-15T18:36:23.093Z,289,6
35,30,2023-08-15T18:36:23.093Z,187,10
13,8,2023-08-15T18:36:33.093Z,104,13
25,15,2023-08-15T18:36:33.093Z,87,14
6,10,2023-08-15T18:36:43.093Z,24,8
16,12,2023-08-15T18:36:43.093Z,202,3
33,25,2023-08-15T18:36:43.093Z,601,6
18,12,2023-08-15T18:35:53.093Z,721,3
28,29,2023-08-15T18:35:53.093Z,885,10
33,28,2023-08-15T18:35:53.093Z,756,6
35,30,2023-08-15T18:35:53.093Z,695,10
7,1,2023-08-15T18:36:03.093Z,489,1
16,12,2023-08-15T18:36:03.093Z,835,3
25,15,2023-08-15T18:36:03.093Z,894,14
5,17,2023-08-15T18:36:13.093Z,832,3
18,13,2023-08-15T18:36:13.093Z,583,3
34,33,2023-08-15T18:36:13.093Z,299,7
5,17,2023-08-15T18:36:23.093Z,424,3
25,24,2023-08-15T18:36:23.093Z,394,14
1,1,2023-08-15T18:36:33.093Z,36,7
10,2,2023-08-15T18:36:33.093Z,721,2
14,4,2023-08-15T18:36:33.093Z,738,3
18,17,2023-08-15T18:36:33.093Z,148,3
22,28,2023-08-15T18:36:33.093Z,136,6
32,25,2023-08-15T18:36:33.093Z,711,6
3,9,2023-08-15T18:36:43.093Z,441,2
8,11,2023-08-15T18:36:43.093Z,104,2
27,34,2023-08-15T18:36:43.093Z,416,5
35,30,2023-08-15T18:36:43.093Z,300,10
14,17,2023-08-15T18:35:43.093Z,580,3
18,13,2023-08-15T18:35:43.093Z,738,3
20,26,2023-08-15T18:35:43.093Z,530,4
22,28,2023-08-15T18:35:43.093Z,757,6
25,15,2023-08-15T18:35:43.093Z,646,14
30,32,2023-08-15T18:35:43.093Z,711,12
32,25,2023-08-15T18:35:43.093Z,836,6
35,29,2023-08-15T18:35:43.093Z,512,10
5,4,2023-08-15T18:35:53.093Z,279,3
9,14,2023-08-15T18:35:53.093Z,167,13
21,23,2023-08-15T18:35:53.093Z,913,9
3,11,2023-08-15T18:36:03.093Z,748,2
17,16,2023-08-15T18:36:03.093Z,202,9
23,15,2023-08-15T18:36:03.093Z,913,14
32,25,2023-08-15T18:36:03.093Z,460,6
10,11,2023-08-15T18:36:13.093Z,977,2
0,3,2023-08-15T18:36:23.093Z,159,1
9,14,2023-08-15T18:36:23.093Z,738,13
15,15,2023-08-15T18:36:23.093Z,646,3
34,0,2023-08-15T18:36:23.093Z,982,7
5,20,2023-08-15T18:36:33.093Z,308,3
16,20,2023-08-15T18:36:33.093Z,696,3
33,25,2023-08-15T18:36:33.093Z,238,6
13,8,2023-08-15T18:36:43.093Z,583,13
22,21,2023-08-15T18:36:43.093Z,1,6
14,20,2023-08-15T18:35:53.093Z,946,3
25,15,2023-08-15T18:35:53.093Z,940,14
30,32,2023-08-15T18:35:53.093Z,100,12
34,34,2023-08-15T18:35:53.093Z,165,7
5,17,2023-08-15T18:36:03.093Z,533,3
15,20,2023-08-15T18:36:03.093Z,445,3
18,13,2023-08-15T18:36:03.093Z,104,3
34,33,2023-08-15T18:36:03.093Z,135,7
8,9,2023-08-15T18:36:13.093Z,738,2
33,21,2023-08-15T18:36:13.093Z,48,6
2,6,2023-08-15T18:36:23.093Z,24,1
21,16,2023-08-15T18:36:23.093Z,638,9
0,3,2023-08-15T18:36:33.093Z,441,1
3,3,2023-08-15T18:36:33.093Z,159,2
11,7,2023-08-15T18:36:33.093Z,977,8
15,4,2023-08-15T18:36:33.093Z,940,3
19,0,2023-08-15T18:36:33.093Z,296,7
30,32,2023-08-15T18:36:33.093Z,881,12
0,3,2023-08-15T18:36:43.093Z,366,1
5,13,2023-08-15T18:36:43.093Z,90,3
21,16,2023-08-15T18:36:43.093Z,619,9
32,21,2023-08-15T18:36:43.093Z,700,6
9,14,2023-08-15T18:45:13.093Z,432,13
10,9,2023-08-15T18:45:13.093Z,27,2
12,10,2023-08-15T18:45:13.093Z,188,8
13,8,2023-08-15T18:45:13.093Z,56,13
14,20,2023-08-15T18:45:13.093Z,766,3
17,22,2023-08-15T18:45:13.093Z,982,9
28,29,2023-08-15T18:45:13.093Z,734,10
29,27,2023-08-15T18:45:13.093Z,838,11
33,28,2023-08-15T18:45:13.093Z,393,6
34,18,2023-08-15T18:45:13.093Z,84,7
0,6,2023-08-15T18:45:23.093Z,362,1
2,6,2023-08-15T18:45:23.093Z,806,1
4,2,2023-08-15T18:45:23.093Z,621,2
6,7,2023-08-15T18:45:23.093Z,816,8
8,2,2023-08-15T18:45:23.093Z,56,2
9,14,2023-08-15T18:45:23.093Z,220,13
10,9,2023-08-15T18:45:23.093Z,580,2
12,7,2023-08-15T18:45:23.093Z,413,8
13,14,2023-08-15T18:45:23.093Z,441,13
17,16,2023-08-15T18:45:23.093Z,300,9
18,17,2023-08-15T18:45:23.093Z,754,3
20,26,2023-08-15T18:45:23.093Z,675,4
22,34,2023-08-15T18:45:23.093Z,908,6
23,15,2023-08-15T18:45:23.093Z,974,14
24,35,2023-08-15T18:45:23.093Z,836,4
21,22,2023-08-15T18:45:13.093Z,807,9
22,34,2023-08-15T18:45:13.093Z,533,6
23,15,2023-08-15T18:45:13.093Z,37,14
24,35,2023-08-15T18:45:13.093Z,350,4
25,24,2023-08-15T18:45:13.093Z,73,14
35,29,2023-08-15T18:45:13.093Z,948,10
25,15,2023-08-15T18:45:23.093Z,439,14
27,31,2023-08-15T18:45:23.093Z,45,5
33,21,2023-08-15T18:45:23.093Z,898,6
34,33,2023-08-15T18:45:23.093Z,904,7
35,30,2023-08-15T18:45:23.093Z,727,10
1,0,2023-08-15T18:45:33.093Z,524,7
2,6,2023-08-15T18:45:33.093Z,494,1
4,5,2023-08-15T18:45:33.093Z,74,2
5,17,2023-08-15T18:45:33.093Z,852,3
6,10,2023-08-15T18:45:33.093Z,929,8
9,14,2023-08-15T18:45:33.093Z,27,13
14,12,2023-08-15T18:45:33.093Z,100,3
18,4,2023-08-15T18:45:33.093Z,458,3
26,27,2023-08-15T18:45:33.093Z,248,11
5,17,2023-08-15T18:45:43.093Z,212,3
19,18,2023-08-15T18:45:43.093Z,272,7
27,34,2023-08-15T18:45:43.093Z,303,5
2,1,2023-08-15T18:45:53.093Z,217,1
9,14,2023-08-15T18:45:53.093Z,188,13
14,13,2023-08-15T18:45:53.093Z,432,3
22,28,2023-08-15T18:45:53.093Z,638,6
25,15,2023-08-15T18:45:53.093Z,47,14
31,32,2023-08-15T18:45:53.093Z,639,12
1,0,2023-08-15T18:46:03.093Z,257,7
10,11,2023-08-15T18:46:03.093Z,238,2
22,21,2023-08-15T18:46:03.093Z,539,6
31,32,2023-08-15T18:46:03.093Z,102,12
3,9,2023-08-15T18:46:13.093Z,524,2
10,2,2023-08-15T18:46:13.093Z,601,2
17,16,2023-08-15T18:46:13.093Z,48,9
27,31,2023-08-15T18:46:13.093Z,824,5
35,30,2023-08-15T18:46:13.093Z,979,10
12,10,2023-08-15T18:46:23.093Z,790,8
18,13,2023-08-15T18:46:23.093Z,14,3
25,15,2023-08-15T18:46:23.093Z,41,14
19,18,2023-08-15T18:45:33.093Z,583,7
30,32,2023-08-15T18:37:13.093Z,187,12
34,33,2023-08-15T18:37:13.093Z,926,7
1,33,2023-08-15T18:37:23.093Z,522,7
5,17,2023-08-15T18:37:23.093Z,908,3
21,23,2023-08-15T18:37:23.093Z,48,9
27,34,2023-08-15T18:37:23.093Z,96,5
33,25,2023-08-15T18:37:23.093Z,896,6
35,29,2023-08-15T18:37:23.093Z,607,10
3,2,2023-08-15T18:37:33.093Z,296,2
12,10,2023-08-15T18:37:33.093Z,202,8
15,12,2023-08-15T18:37:33.093Z,87,3
17,22,2023-08-15T18:37:33.093Z,832,9
21,16,2023-08-15T18:37:33.093Z,1,9
26,27,2023-08-15T18:37:33.093Z,35,11
28,30,2023-08-15T18:37:33.093Z,757,10
33,21,2023-08-15T18:37:33.093Z,994,6
35,29,2023-08-15T18:37:33.093Z,611,10
4,9,2023-08-15T18:37:43.093Z,446,2
9,14,2023-08-15T18:37:43.093Z,90,13
14,17,2023-08-15T18:37:43.093Z,279,3
16,12,2023-08-15T18:37:43.093Z,1,3
20,35,2023-08-15T18:37:43.093Z,150,4
26,27,2023-08-15T18:37:43.093Z,877,11
7,1,2023-08-15T18:37:03.093Z,354,1
13,8,2023-08-15T18:37:03.093Z,90,13
16,13,2023-08-15T18:37:03.093Z,638,3
21,16,2023-08-15T18:37:03.093Z,313,9
27,31,2023-08-15T18:37:03.093Z,398,5
34,34,2023-08-15T18:37:03.093Z,121,7
3,9,2023-08-15T18:37:13.093Z,159,2
5,4,2023-08-15T18:37:13.093Z,446,3
8,9,2023-08-15T18:37:13.093Z,90,2
11,7,2023-08-15T18:37:13.093Z,24,8
16,4,2023-08-15T18:37:13.093Z,619,3
21,23,2023-08-15T18:37:13.093Z,964,9
28,30,2023-08-15T18:37:13.093Z,921,10
33,21,2023-08-15T18:37:13.093Z,515,6
35,29,2023-08-15T18:37:13.093Z,465,10
3,5,2023-08-15T18:37:23.093Z,366,2
9,14,2023-08-15T18:37:23.093Z,279,13
25,15,2023-08-15T18:37:23.093Z,766,14
30,32,2023-08-15T18:37:23.093Z,300,12
34,33,2023-08-15T18:37:23.093Z,518,7
2,6,2023-08-15T18:37:33.093Z,721,1
9,14,2023-08-15T18:37:33.093Z,159,13
14,12,2023-08-15T18:37:33.093Z,583,3
16,4,2023-08-15T18:37:33.093Z,313,3
20,26,2023-08-15T18:37:33.093Z,893,4
23,15,2023-08-15T18:37:33.093Z,48,14
27,34,2023-08-15T18:37:33.093Z,213,5
31,32,2023-08-15T18:37:33.093Z,398,12
34,34,2023-08-15T18:37:33.093Z,154,7
2,1,2023-08-15T18:37:43.093Z,940,1
5,17,2023-08-15T18:37:43.093Z,669,3
10,9,2023-08-15T18:37:43.093Z,982,2
15,17,2023-08-15T18:37:43.093Z,653,3
19,33,2023-08-15T18:37:43.093Z,118,7
21,22,2023-08-15T18:37:43.093Z,700,9
28,30,2023-08-15T18:37:43.093Z,788,10
29,27,2023-08-15T18:37:43.093Z,391,11
1,0,2023-08-15T18:37:53.093Z,56,7
5,20,2023-08-15T18:37:53.093Z,5,3
9,8,2023-08-15T18:37:53.093Z,446,13
12,7,2023-08-15T18:37:53.093Z,197,8
17,16,2023-08-15T18:37:53.093Z,424,9
20,35,2023-08-15T18:37:53.093Z,925,4
27,34,2023-08-15T18:37:53.093Z,545,5
35,30,2023-08-15T18:37:53.093Z,468,10
13,8,2023-08-15T18:38:03.093Z,894,13
18,12,2023-08-15T18:38:03.093Z,589,3
24,26,2023-08-15T18:38:03.093Z,21,4
32,34,2023-08-15T18:38:03.093Z,881,6
34,33,2023-08-15T18:38:03.093Z,660,7
5,17,2023-08-15T18:38:13.093Z,906,3
8,9,2023-08-15T18:38:13.093Z,894,2
13,14,2023-08-15T18:38:13.093Z,638,13
18,4,2023-08-15T18:38:13.093Z,168,3
3,5,2023-08-15T18:38:23.093Z,24,2
14,17,2023-08-15T18:38:23.093Z,90,3
20,35,2023-08-15T18:38:23.093Z,859,4
32,25,2023-08-15T18:38:23.093Z,298,6
15,19,2023-08-15T18:38:13.093Z,800,3
24,26,2023-08-15T18:38:13.093Z,23,4
28,29,2023-08-15T18:38:13.093Z,756,10
34,18,2023-08-15T18:38:13.093Z,413,7
9,8,2023-08-15T18:38:23.093Z,619,13
17,22,2023-08-15T18:38:23.093Z,479,9
35,30,2023-08-15T18:37:43.093Z,844,10
2,6,2023-08-15T18:37:53.093Z,296,1
7,3,2023-08-15T18:37:53.093Z,24,1
11,7,2023-08-15T18:37:53.093Z,748,8
15,4,2023-08-15T18:37:53.093Z,423,3
18,13,2023-08-15T18:37:53.093Z,27,3
21,16,2023-08-15T18:37:53.093Z,515,9
34,33,2023-08-15T18:37:53.093Z,73,7
1,0,2023-08-15T18:38:03.093Z,816,7
17,22,2023-08-15T18:38:03.093Z,148,9
22,34,2023-08-15T18:38:03.093Z,909,6
27,31,2023-08-15T18:38:03.093Z,396,5
33,21,2023-08-15T18:38:03.093Z,472,6
4,9,2023-08-15T18:38:13.093Z,619,2
7,3,2023-08-15T18:38:13.093Z,748,1
9,14,2023-08-15T18:38:13.093Z,982,13
14,12,2023-08-15T18:38:13.093Z,159,3
20,35,2023-08-15T18:38:13.093Z,193,4
5,17,2023-08-15T18:38:23.093Z,466,3
15,12,2023-08-15T18:38:23.093Z,766,3
24,35,2023-08-15T18:38:23.093Z,156,4
33,21,2023-08-15T18:38:23.093Z,350,6
17,16,2023-08-15T18:38:13.093Z,913,9
26,27,2023-08-15T18:38:13.093Z,262,11
33,25,2023-08-15T18:38:13.093Z,41,6
7,1,2023-08-15T18:38:23.093Z,197,1
16,20,2023-08-15T18:38:23.093Z,424,3
18,13,2023-08-15T18:38:23.093Z,347,3
4,9,2023-08-15T18:38:33.093Z,738,2
9,14,2023-08-15T18:38:33.093Z,894,13
13,8,2023-08-15T18:38:33.093Z,646,13
31,32,2023-08-15T18:38:33.093Z,396,12
1,0,2023-08-15T18:38:43.093Z,217,7
5,5,2023-08-15T18:38:43.093Z,523,3
8,9,2023-08-15T18:38:43.093Z,646,2
13,8,2023-08-15T18:38:43.093Z,27,13
16,4,2023-08-15T18:38:43.093Z,515,3
22,34,2023-08-15T18:38:43.093Z,331,6
0,3,2023-08-15T18:38:53.093Z,56,1
5,4,2023-08-15T18:38:53.093Z,94,3
10,9,2023-08-15T18:38:53.093Z,296,2
18,12,2023-08-15T18:38:53.093Z,390,3
27,34,2023-08-15T18:38:53.093Z,82,5
34,33,2023-08-15T18:38:53.093Z,130,7
3,9,2023-08-15T18:39:03.093Z,56,2
5,4,2023-08-15T18:39:03.093Z,558,3
10,11,2023-08-15T18:39:03.093Z,402,2
14,17,2023-08-15T18:39:03.093Z,638,3
22,25,2023-08-15T18:39:03.093Z,273,6
26,27,2023-08-15T18:39:03.093Z,459,11
3,9,2023-08-15T18:38:33.093Z,748,2
5,20,2023-08-15T18:38:33.093Z,657,3
10,5,2023-08-15T18:38:33.093Z,202,2
18,20,2023-08-15T18:38:33.093Z,252,3
33,21,2023-08-15T18:38:33.093Z,428,6
4,2,2023-08-15T18:38:43.093Z,313,2
6,10,2023-08-15T18:38:43.093Z,296,8
12,10,2023-08-15T18:38:43.093Z,402,8
15,12,2023-08-15T18:38:43.093Z,48,3
18,13,2023-08-15T18:38:43.093Z,297,3
33,28,2023-08-15T18:38:43.093Z,763,6
4,5,2023-08-15T18:38:53.093Z,423,2
8,5,2023-08-15T18:38:53.093Z,27,2
14,17,2023-08-15T18:38:53.093Z,982,3
22,28,2023-08-15T18:38:53.093Z,267,6
33,28,2023-08-15T18:38:53.093Z,899,6
0,3,2023-08-15T18:39:03.093Z,816,1
4,11,2023-08-15T18:39:03.093Z,168,2
9,14,2023-08-15T18:39:03.093Z,748,13
12,10,2023-08-15T18:39:03.093Z,872,8
18,12,2023-08-15T18:39:03.093Z,878,3
24,26,2023-08-15T18:39:03.093Z,605,4
27,34,2023-08-15T18:39:03.093Z,613,5
32,21,2023-08-15T18:39:03.093Z,187,6
34,18,2023-08-15T18:39:03.093Z,70,7
3,5,2023-08-15T18:39:13.093Z,816,2
4,9,2023-08-15T18:39:13.093Z,515,2
5,17,2023-08-15T18:39:13.093Z,941,3
6,7,2023-08-15T18:39:13.093Z,721,8
9,14,2023-08-15T18:39:13.093Z,738,13
14,12,2023-08-15T18:39:13.093Z,167,3
18,13,2023-08-15T18:39:13.093Z,334,3
21,16,2023-08-15T18:39:13.093Z,472,9
22,34,2023-08-15T18:39:13.093Z,448,6
27,31,2023-08-15T18:39:13.093Z,160,5
28,29,2023-08-15T18:39:13.093Z,136,10
29,27,2023-08-15T18:39:13.093Z,694,11
33,21,2023-08-15T18:39:13.093Z,785,6
4,9,2023-08-15T18:39:23.093Z,94,2
5,17,2023-08-15T18:39:23.093Z,539,3
9,14,2023-08-15T18:39:23.093Z,646,13
10,9,2023-08-15T18:39:23.093Z,872,2
11,7,2023-08-15T18:39:23.093Z,402,8
12,10,2023-08-15T18:39:23.093Z,87,8
13,14,2023-08-15T18:39:23.093Z,297,13
16,4,2023-08-15T18:39:23.093Z,663,3
18,4,2023-08-15T18:39:23.093Z,475,3
21,16,2023-08-15T18:39:23.093Z,261,9
22,21,2023-08-15T18:39:23.093Z,7,6
26,27,2023-08-15T18:39:23.093Z,111,11
27,31,2023-08-15T18:39:23.093Z,322,5
29,27,2023-08-15T18:39:23.093Z,809,11
32,21,2023-08-15T18:39:23.093Z,300,6
33,25,2023-08-15T18:39:23.093Z,418,6
0,6,2023-08-15T18:39:33.093Z,217,1
1,18,2023-08-15T18:39:33.093Z,965,7
10,9,2023-08-15T18:39:33.093Z,87,2
12,7,2023-08-15T18:39:33.093Z,1,8
14,20,2023-08-15T18:39:33.093Z,894,3
17,16,2023-08-15T18:39:33.093Z,669,9
18,17,2023-08-15T18:39:33.093Z,220,3
20,26,2023-08-15T18:39:33.093Z,195,4
21,23,2023-08-15T18:39:33.093Z,350,9
25,24,2023-08-15T18:39:33.093Z,123,14
27,31,2023-08-15T18:39:33.093Z,102,5
33,28,2023-08-15T18:39:33.093Z,579,6
1,18,2023-08-15T18:39:43.093Z,790,7
4,5,2023-08-15T18:39:43.093Z,663,2
5,4,2023-08-15T18:39:43.093Z,949,3
7,1,2023-08-15T18:39:43.093Z,721,1
8,5,2023-08-15T18:39:43.093Z,446,2
9,14,2023-08-15T18:39:43.093Z,56,13
13,14,2023-08-15T18:39:43.093Z,334,13
14,17,2023-08-15T18:39:43.093Z,748,3
17,22,2023-08-15T18:39:43.093Z,279,9
18,17,2023-08-15T18:39:43.093Z,716,3
20,26,2023-08-15T18:39:43.093Z,730,4
22,25,2023-08-15T18:39:43.093Z,183,6
23,24,2023-08-15T18:39:43.093Z,350,14
25,24,2023-08-15T18:39:43.093Z,836,14
26,27,2023-08-15T18:39:43.093Z,384,11
27,34,2023-08-15T18:39:43.093Z,947,5
29,27,2023-08-15T18:39:43.093Z,916,11
31,32,2023-08-15T18:39:43.093Z,160,12
32,34,2023-08-15T18:39:43.093Z,427,6
33,25,2023-08-15T18:39:43.093Z,190,6
34,18,2023-08-15T18:39:43.093Z,705,7
4,9,2023-08-15T18:39:53.093Z,475,2
5,4,2023-08-15T18:39:53.093Z,18,3
6,10,2023-08-15T18:39:53.093Z,217,8
7,3,2023-08-15T18:39:53.093Z,402,1
9,14,2023-08-15T18:39:53.093Z,515,13
12,7,2023-08-15T18:39:53.093Z,159,8
14,20,2023-08-15T18:39:53.093Z,738,3
18,12,2023-08-15T18:39:53.093Z,287,3
20,26,2023-08-15T18:39:53.093Z,883,4
21,22,2023-08-15T18:39:53.093Z,187,9
25,15,2023-08-15T18:39:53.093Z,673,14
31,32,2023-08-15T18:39:53.093Z,322,12
32,21,2023-08-15T18:39:53.093Z,398,6
33,25,2023-08-15T18:39:53.093Z,47,6
34,33,2023-08-15T18:39:53.093Z,576,7
1,1,2023-08-15T18:40:03.093Z,426,7
5,13,2023-08-15T18:40:03.093Z,544,3
7,1,2023-08-15T18:40:03.093Z,1,1
9,14,2023-08-15T18:40:03.093Z,94,13
16,17,2023-08-15T18:40:03.093Z,472,3
17,22,2023-08-15T18:40:03.093Z,653,9
18,17,2023-08-15T18:40:03.093Z,526,3
21,16,2023-08-15T18:40:03.093Z,785,9
26,26,2023-08-15T18:40:03.093Z,708,11
33,25,2023-08-15T18:40:03.093Z,521,6
34,33,2023-08-15T18:40:03.093Z,439,7
7,1,2023-08-15T18:40:13.093Z,159,1
14,19,2023-08-15T18:40:13.093Z,441,3
18,20,2023-08-15T18:40:13.093Z,934,3
21,16,2023-08-15T18:40:13.093Z,7,9
25,24,2023-08-15T18:40:13.093Z,460,14
34,0,2023-08-15T18:40:13.093Z,852,7
5,4,2023-08-15T18:40:23.093Z,37,3
9,14,2023-08-15T18:40:23.093Z,87,13
13,14,2023-08-15T18:40:23.093Z,544,13
14,12,2023-08-15T18:40:23.093Z,646,3
18,4,2023-08-15T18:40:23.093Z,938,3
21,23,2023-08-15T18:40:23.093Z,300,9
0,3,2023-08-15T18:40:33.093Z,852,1
1,18,2023-08-15T18:40:33.093Z,315,7
5,12,2023-08-15T18:40:33.093Z,8,3
12,7,2023-08-15T18:40:33.093Z,48,8
18,17,2023-08-15T18:40:33.093Z,417,3
27,34,2023-08-15T18:40:33.093Z,59,5
33,25,2023-08-15T18:40:33.093Z,373,6
4,2,2023-08-15T18:40:43.093Z,18,2
12,10,2023-08-15T18:40:43.093Z,390,8
25,15,2023-08-15T18:40:43.093Z,711,14
29,27,2023-08-15T18:40:43.093Z,991,11
9,14,2023-08-15T18:40:13.093Z,872,13
16,20,2023-08-15T18:40:13.093Z,261,3
17,23,2023-08-15T18:40:13.093Z,906,9
33,21,2023-08-15T18:40:13.093Z,875,6
1,1,2023-08-15T18:40:23.093Z,283,7
12,7,2023-08-15T18:40:23.093Z,766,8
16,20,2023-08-15T18:40:23.093Z,913,3
23,15,2023-08-15T18:40:23.093Z,906,14
25,15,2023-08-15T18:40:23.093Z,74,14
4,9,2023-08-15T18:40:33.093Z,949,2
9,8,2023-08-15T18:40:33.093Z,475,13
15,4,2023-08-15T18:40:33.093Z,673,3
16,12,2023-08-15T18:40:33.093Z,580,3
17,22,2023-08-15T18:40:33.093Z,533,9
21,16,2023-08-15T18:40:33.093Z,902,9
22,34,2023-08-15T18:40:33.093Z,803,6
32,34,2023-08-15T18:40:33.093Z,396,6
1,18,2023-08-15T18:40:43.093Z,119,7
5,12,2023-08-15T18:40:43.093Z,528,3
8,2,2023-08-15T18:40:43.093Z,475,2
9,14,2023-08-15T18:40:43.093Z,296,13
14,17,2023-08-15T18:40:43.093Z,56,3
26,27,2023-08-15T18:40:43.093Z,408,11
32,25,2023-08-15T18:40:43.093Z,160,6
4,9,2023-08-15T18:40:53.093Z,37,2
17,16,2023-08-15T18:40:53.093Z,90,9
19,18,2023-08-15T18:40:53.093Z,441,7
24,35,2023-08-15T18:40:53.093Z,394,4
4,9,2023-08-15T18:41:03.093Z,938,2
20,26,2023-08-15T18:41:03.093Z,498,4
32,34,2023-08-15T18:41:03.093Z,322,6
2,1,2023-08-15T18:41:13.093Z,313,1
9,14,2023-08-15T18:41:13.093Z,37,13
28,30,2023-08-15T18:41:13.093Z,763,10
7,1,2023-08-15T18:41:23.093Z,168,1
12,10,2023-08-15T18:41:23.093Z,287,8
18,4,2023-08-15T18:41:23.093Z,482,3
25,15,2023-08-15T18:41:23.093Z,100,14
3,11,2023-08-15T18:41:33.093Z,900,2
11,10,2023-08-15T18:41:33.093Z,949,8
15,17,2023-08-15T18:41:33.093Z,711,3
33,21,2023-08-15T18:41:33.093Z,522,6
9,14,2023-08-15T18:41:43.093Z,163,13
9,8,2023-08-15T18:40:53.093Z,949,13
18,4,2023-08-15T18:40:53.093Z,163,3
23,15,2023-08-15T18:40:53.093Z,300,14
3,11,2023-08-15T18:41:03.093Z,852,2
15,4,2023-08-15T18:41:03.093Z,906,3
22,34,2023-08-15T18:41:03.093Z,733,6
1,0,2023-08-15T18:41:13.093Z,432,7
7,3,2023-08-15T18:41:13.093Z,48,1
17,22,2023-08-15T18:41:13.093Z,908,9
33,25,2023-08-15T18:41:13.093Z,299,6
8,11,2023-08-15T18:41:23.093Z,949,2
15,13,2023-08-15T18:41:23.093Z,74,3
22,34,2023-08-15T18:41:23.093Z,832,6
27,31,2023-08-15T18:41:23.093Z,58,5
4,9,2023-08-15T18:41:33.093Z,163,2
14,17,2023-08-15T18:41:33.093Z,872,3
25,15,2023-08-15T18:41:33.093Z,403,14
1,0,2023-08-15T18:41:43.093Z,212,7
10,11,2023-08-15T18:41:43.093Z,287,2
13,8,2023-08-15T18:41:43.093Z,74,13
18,17,2023-08-15T18:41:43.093Z,225,3
28,30,2023-08-15T18:41:43.093Z,899,10
16,20,2023-08-15T18:40:43.093Z,669,3
18,13,2023-08-15T18:40:43.093Z,292,3
33,28,2023-08-15T18:40:43.093Z,862,6
5,4,2023-08-15T18:40:53.093Z,366,3
11,7,2023-08-15T18:40:53.093Z,168,8
20,26,2023-08-15T18:40:53.093Z,714,4
25,15,2023-08-15T18:40:53.093Z,238,14
28,29,2023-08-15T18:40:53.093Z,365,10
2,6,2023-08-15T18:41:03.093Z,475,1
13,14,2023-08-15T18:41:03.093Z,292,13
19,33,2023-08-15T18:41:03.093Z,800,7
31,32,2023-08-15T18:41:03.093Z,145,12
34,18,2023-08-15T18:41:03.093Z,226,7
12,7,2023-08-15T18:41:13.093Z,583,8
18,17,2023-08-15T18:41:13.093Z,132,3
1,0,2023-08-15T18:41:23.093Z,755,7
6,10,2023-08-15T18:41:23.093Z,475,8
17,16,2023-08-15T18:41:43.093Z,941,9
26,27,2023-08-15T18:41:43.093Z,609,11
33,21,2023-08-15T18:41:43.093Z,518,6
17,16,2023-08-15T18:40:43.093Z,466,9
27,31,2023-08-15T18:40:43.093Z,145,5
1,18,2023-08-15T18:40:53.093Z,291,7
7,3,2023-08-15T18:40:53.093Z,766,1
14,12,2023-08-15T18:40:53.093Z,334,3
22,28,2023-08-15T18:40:53.093Z,734,6
26,27,2023-08-15T18:40:53.093Z,648,11
35,29,2023-08-15T18:40:53.093Z,917,10
12,7,2023-08-15T18:41:03.093Z,167,8
18,4,2023-08-15T18:41:03.093Z,272,3
25,15,2023-08-15T18:41:03.093Z,601,14
33,25,2023-08-15T18:41:03.093Z,135,6
4,2,2023-08-15T18:41:13.093Z,673,2
14,12,2023-08-15T18:41:13.093Z,515,3
20,35,2023-08-15T18:41:13.093Z,474,4
3,5,2023-08-15T18:41:23.093Z,766,2
11,7,2023-08-15T18:41:23.093Z,852,8
20,35,2023-08-15T18:41:23.093Z,235,4
7,1,2023-08-15T18:41:33.093Z,167,1
16,12,2023-08-15T18:41:33.093Z,7,3
27,31,2023-08-15T18:41:33.093Z,461,5
3,5,2023-08-15T18:41:43.093Z,402,2
14,14,2023-08-15T18:41:43.093Z,87,3
21,23,2023-08-15T18:41:43.093Z,398,9
9,8,2023-08-15T18:41:23.093Z,938,13
14,12,2023-08-15T18:41:23.093Z,94,3
33,21,2023-08-15T18:41:23.093Z,926,6
10,11,2023-08-15T18:41:33.093Z,475,2
17,22,2023-08-15T18:41:33.093Z,638,9
2,3,2023-08-15T18:41:43.093Z,673,1
11,7,2023-08-15T18:41:43.093Z,900,8
16,20,2023-08-15T18:41:43.093Z,902,3
29,27,2023-08-15T18:41:43.093Z,532,11
2,1,2023-08-15T18:41:53.093Z,18,1
4,4,2023-08-15T18:41:53.093Z,272,2
21,16,2023-08-15T18:41:53.093Z,875,9
31,32,2023-08-15T18:41:53.093Z,58,12
4,9,2023-08-15T18:42:03.093Z,558,2
11,7,2023-08-15T18:42:03.093Z,287,8
16,13,2023-08-15T18:42:03.093Z,466,3
33,25,2023-08-15T18:42:03.093Z,73,6
3,5,2023-08-15T18:42:13.093Z,673,2
9,14,2023-08-15T18:42:13.093Z,558,13
16,4,2023-08-15T18:42:13.093Z,90,3
31,32,2023-08-15T18:42:13.093Z,461,12
3,11,2023-08-15T18:42:23.093Z,432,2
7,6,2023-08-15T18:42:23.093Z,852,1
21,16,2023-08-15T18:42:23.093Z,522,9
33,21,2023-08-15T18:42:23.093Z,660,6
4,5,2023-08-15T18:42:33.093Z,272,2
8,9,2023-08-15T18:41:53.093Z,74,2
11,7,2023-08-15T18:41:53.093Z,475,8
18,4,2023-08-15T18:41:53.093Z,912,3
26,27,2023-08-15T18:41:53.093Z,801,11
34,33,2023-08-15T18:41:53.093Z,974,7
9,14,2023-08-15T18:42:03.093Z,74,13
13,14,2023-08-15T18:42:03.093Z,347,13
20,35,2023-08-15T18:42:03.093Z,987,4
0,3,2023-08-15T18:42:13.093Z,432,1
5,20,2023-08-15T18:42:13.093Z,523,3
13,8,2023-08-15T18:42:13.093Z,466,13
23,24,2023-08-15T18:42:13.093Z,398,14
0,6,2023-08-15T18:42:23.093Z,755,1
5,12,2023-08-15T18:42:23.093Z,423,3
16,13,2023-08-15T18:42:23.093Z,785,3
25,15,2023-08-15T18:42:23.093Z,273,14
1,0,2023-08-15T18:42:33.093Z,435,7
7,1,2023-08-15T18:42:33.093Z,900,1
12,7,2023-08-15T18:42:33.093Z,580,8
21,23,2023-08-15T18:42:33.093Z,518,9
8,2,2023-08-15T18:42:43.093Z,466,2
18,12,2023-08-15T18:42:43.093Z,413,3
33,21,2023-08-15T18:42:43.093Z,576,6
2,3,2023-08-15T18:42:53.093Z,466,1
3,9,2023-08-15T18:42:53.093Z,48,2
7,3,2023-08-15T18:42:53.093Z,287,1
17,16,2023-08-15T18:42:33.093Z,220,9
34,18,2023-08-15T18:42:33.093Z,754,7
4,5,2023-08-15T18:42:43.093Z,906,2
14,20,2023-08-15T18:42:43.093Z,163,3
25,15,2023-08-15T18:42:43.093Z,183,14
5,4,2023-08-15T18:42:53.093Z,816,3
9,14,2023-08-15T18:42:53.093Z,583,13
12,10,2023-08-15T18:42:53.093Z,334,8
14,20,2023-08-15T18:42:53.093Z,87,3
15,12,2023-08-15T18:42:53.093Z,238,3
18,4,2023-08-15T18:42:53.093Z,70,3
32,34,2023-08-15T18:42:53.093Z,145,6
5,13,2023-08-15T18:43:03.093Z,663,3
12,7,2023-08-15T18:43:03.093Z,515,8
17,23,2023-08-15T18:43:03.093Z,472,9
1,0,2023-08-15T18:43:13.093Z,806,7
7,1,2023-08-15T18:43:13.093Z,646,1
16,20,2023-08-15T18:43:13.093Z,941,3
34,33,2023-08-15T18:43:13.093Z,393,7
4,2,2023-08-15T18:43:23.093Z,816,2
28,30,2023-08-15T18:42:53.093Z,862,10
3,5,2023-08-15T18:43:03.093Z,475,2
9,14,2023-08-15T18:43:03.093Z,48,13
15,12,2023-08-15T18:43:03.093Z,601,3
28,28,2023-08-15T18:43:03.093Z,734,10
4,5,2023-08-15T18:43:13.093Z,482,2
12,7,2023-08-15T18:43:13.093Z,94,8
22,34,2023-08-15T18:43:13.093Z,700,6
1,1,2023-08-15T18:43:23.093Z,627,7
16,4,2023-08-15T18:43:23.093Z,875,3
34,18,2023-08-15T18:43:23.093Z,787,7
2,6,2023-08-15T18:43:33.093Z,816,1
14,20,2023-08-15T18:43:33.093Z,558,3
25,15,2023-08-15T18:43:33.093Z,373,14
3,2,2023-08-15T18:41:53.093Z,48,2
10,2,2023-08-15T18:41:53.093Z,949,2
20,26,2023-08-15T18:41:53.093Z,959,4
28,30,2023-08-15T18:41:53.093Z,747,10
1,18,2023-08-15T18:42:03.093Z,157,7
10,5,2023-08-15T18:42:03.093Z,217,2
14,12,2023-08-15T18:42:03.093Z,296,3
21,23,2023-08-15T18:42:03.093Z,926,9
2,6,2023-08-15T18:42:13.093Z,949,1
7,3,2023-08-15T18:42:13.093Z,583,1
7,1,2023-08-15T18:43:23.093Z,8,1
18,20,2023-08-15T18:43:23.093Z,705,3
0,6,2023-08-15T18:43:33.093Z,690,1
11,7,2023-08-15T18:43:33.093Z,334,8
17,22,2023-08-15T18:43:33.093Z,417,9
1,0,2023-08-15T18:41:53.093Z,690,7
5,20,2023-08-15T18:41:53.093Z,24,3
14,17,2023-08-15T18:41:53.093Z,544,3
25,15,2023-08-15T18:41:53.093Z,896,14
33,25,2023-08-15T18:41:53.093Z,118,6
5,20,2023-08-15T18:42:03.093Z,202,3
12,7,2023-08-15T18:42:03.093Z,646,8
17,22,2023-08-15T18:42:03.093Z,539,9
34,33,2023-08-15T18:42:03.093Z,807,7
4,4,2023-08-15T18:42:13.093Z,482,2
14,20,2023-08-15T18:42:13.093Z,292,3
25,15,2023-08-15T18:42:13.093Z,298,14
1,18,2023-08-15T18:42:23.093Z,502,7
6,7,2023-08-15T18:42:23.093Z,949,8
18,13,2023-08-15T18:42:23.093Z,621,3
28,30,2023-08-15T18:42:23.093Z,232,10
3,9,2023-08-15T18:42:33.093Z,583,2
11,7,2023-08-15T18:42:33.093Z,432,8
12,7,2023-08-15T18:42:13.093Z,8,8
21,16,2023-08-15T18:42:13.093Z,428,9
34,33,2023-08-15T18:42:13.093Z,281,7
4,11,2023-08-15T18:42:23.093Z,912,2
14,17,2023-08-15T18:42:23.093Z,37,3
23,15,2023-08-15T18:42:23.093Z,926,14
34,0,2023-08-15T18:42:23.093Z,494,7
5,12,2023-08-15T18:42:33.093Z,27,3
14,19,2023-08-15T18:42:33.093Z,297,3
18,12,2023-08-15T18:42:33.093Z,188,3
2,3,2023-08-15T18:42:43.093Z,48,1
12,7,2023-08-15T18:42:43.093Z,528,8
17,16,2023-08-15T18:42:43.093Z,748,9
28,30,2023-08-15T18:42:43.093Z,540,10
1,18,2023-08-15T18:42:53.093Z,458,7
6,10,2023-08-15T18:42:53.093Z,852,8
13,14,2023-08-15T18:42:53.093Z,785,13
25,15,2023-08-15T18:42:53.093Z,190,14
33,25,2023-08-15T18:42:53.093Z,439,6
10,9,2023-08-15T18:43:03.093Z,852,2
13,14,2023-08-15T18:43:03.093Z,621,13
33,28,2023-08-15T18:42:33.093Z,130,6
7,3,2023-08-15T18:42:43.093Z,475,1
15,17,2023-08-15T18:42:43.093Z,300,3
23,24,2023-08-15T18:42:43.093Z,518,14
34,0,2023-08-15T18:42:43.093Z,525,7
4,11,2023-08-15T18:42:53.093Z,90,2
11,7,2023-08-15T18:42:53.093Z,912,8
17,23,2023-08-15T18:42:53.093Z,716,9
27,34,2023-08-15T18:42:53.093Z,568,5
8,5,2023-08-15T18:43:03.093Z,938,2
11,7,2023-08-15T18:43:03.093Z,90,8
18,12,2023-08-15T18:43:03.093Z,965,3
21,16,2023-08-15T18:43:03.093Z,660,9
32,25,2023-08-15T18:43:03.093Z,58,6
5,17,2023-08-15T18:43:13.093Z,446,3
9,8,2023-08-15T18:43:13.093Z,852,13
10,11,2023-08-15T18:43:13.093Z,334,2
14,17,2023-08-15T18:43:13.093Z,347,3
17,22,2023-08-15T18:43:13.093Z,526,9
18,12,2023-08-15T18:43:13.093Z,790,3
25,24,2023-08-15T18:43:13.093Z,521,14
32,21,2023-08-15T18:43:13.093Z,461,6
0,6,2023-08-15T18:43:23.093Z,212,1
5,20,2023-08-15T18:43:23.093Z,869,3
8,5,2023-08-15T18:43:23.093Z,852,2
15,13,2023-08-15T18:43:23.093Z,100,3
28,30,2023-08-15T18:43:23.093Z,130,10
1,0,2023-08-15T18:43:33.093Z,929,7
5,13,2023-08-15T18:43:33.093Z,766,3
16,17,2023-08-15T18:43:33.093Z,428,3
18,12,2023-08-15T18:43:33.093Z,315,3
0,3,2023-08-15T18:43:43.093Z,494,1
1,18,2023-08-15T18:43:43.093Z,146,7
3,9,2023-08-15T18:43:43.093Z,287,2
5,17,2023-08-15T18:43:43.093Z,402,3
7,6,2023-08-15T18:43:43.093Z,432,1
13,14,2023-08-15T18:43:43.093Z,663,13
14,19,2023-08-15T18:43:43.093Z,583,3
27,34,2023-08-15T18:45:33.093Z,317,5
15,4,2023-08-15T18:43:43.093Z,403,3
16,12,2023-08-15T18:43:43.093Z,522,3
18,12,2023-08-15T18:43:43.093Z,119,3
21,23,2023-08-15T18:43:43.093Z,576,9
22,34,2023-08-15T18:43:43.093Z,479,6
27,34,2023-08-15T18:43:43.093Z,364,5
28,30,2023-08-15T18:43:43.093Z,267,10
34,18,2023-08-15T18:43:43.093Z,969,7
0,6,2023-08-15T18:43:53.093Z,435,1
3,9,2023-08-15T18:43:53.093Z,494,2
5,4,2023-08-15T18:43:53.093Z,217,3
6,10,2023-08-15T18:43:53.093Z,212,8
9,14,2023-08-15T18:43:53.093Z,287,13
13,8,2023-08-15T18:43:53.093Z,100,13
14,12,2023-08-15T18:43:53.093Z,785,3
16,4,2023-08-15T18:43:53.093Z,220,3
17,16,2023-08-15T18:43:53.093Z,56,9
21,16,2023-08-15T18:43:53.093Z,461,9
22,21,2023-08-15T18:43:53.093Z,420,6
25,15,2023-08-15T18:43:53.093Z,160,14
27,31,2023-08-15T18:43:53.093Z,351,5
34,33,2023-08-15T18:43:53.093Z,898,7
0,6,2023-08-15T18:44:03.093Z,525,1
5,19,2023-08-15T18:44:03.093Z,673,3
6,7,2023-08-15T18:44:03.093Z,690,8
7,6,2023-08-15T18:44:03.093Z,580,1
9,8,2023-08-15T18:44:03.093Z,494,13
10,5,2023-08-15T18:44:03.093Z,212,2
12,7,2023-08-15T18:44:03.093Z,7,8
13,14,2023-08-15T18:44:03.093Z,766,13
14,17,2023-08-15T18:44:03.093Z,48,3
16,13,2023-08-15T18:44:03.093Z,748,3
17,22,2023-08-15T18:44:03.093Z,132,9
20,26,2023-08-15T18:44:03.093Z,992,4
23,15,2023-08-15T18:44:03.093Z,716,14
25,15,2023-08-15T18:44:03.093Z,135,14
26,27,2023-08-15T18:44:03.093Z,758,11
29,27,2023-08-15T18:44:03.093Z,630,11
34,18,2023-08-15T18:44:03.093Z,829,7
0,3,2023-08-15T18:44:13.093Z,806,1
5,19,2023-08-15T18:44:13.093Z,272,3
6,6,2023-08-15T18:44:13.093Z,816,8
7,1,2023-08-15T18:44:13.093Z,528,1
8,9,2023-08-15T18:44:13.093Z,100,2
10,5,2023-08-15T18:44:13.093Z,104,2
12,7,2023-08-15T18:44:13.093Z,296,8
16,13,2023-08-15T18:44:13.093Z,660,3
17,22,2023-08-15T18:44:13.093Z,872,9
22,34,2023-08-15T18:44:13.093Z,279,6
23,24,2023-08-15T18:44:13.093Z,576,14
24,35,2023-08-15T18:44:13.093Z,566,4
25,15,2023-08-15T18:44:13.093Z,299,14
27,31,2023-08-15T18:44:13.093Z,672,5
28,29,2023-08-15T18:44:13.093Z,579,10
33,28,2023-08-15T18:44:13.093Z,800,6
34,33,2023-08-15T18:44:13.093Z,497,7
35,29,2023-08-15T18:44:13.093Z,239,10
0,6,2023-08-15T18:44:23.093Z,929,1
1,18,2023-08-15T18:44:23.093Z,14,7
4,2,2023-08-15T18:44:23.093Z,875,2
5,17,2023-08-15T18:44:23.093Z,906,3
7,6,2023-08-15T18:44:23.093Z,912,1
8,2,2023-08-15T18:44:23.093Z,619,2
12,7,2023-08-15T18:44:23.093Z,878,8
14,4,2023-08-15T18:44:23.093Z,621,3
17,22,2023-08-15T18:44:23.093Z,711,9
18,17,2023-08-15T18:44:23.093Z,291,3
20,26,2023-08-15T18:44:23.093Z,483,4
21,23,2023-08-15T18:44:23.093Z,420,9
22,25,2023-08-15T18:44:23.093Z,187,6
23,15,2023-08-15T18:44:23.093Z,472,14
24,26,2023-08-15T18:44:23.093Z,123,4
25,15,2023-08-15T18:44:23.093Z,118,14
27,34,2023-08-15T18:44:23.093Z,180,5
34,18,2023-08-15T18:44:23.093Z,352,7
1,18,2023-08-15T18:44:33.093Z,93,7
3,2,2023-08-15T18:44:33.093Z,806,2
5,5,2023-08-15T18:44:33.093Z,475,3
6,10,2023-08-15T18:44:33.093Z,432,8
8,2,2023-08-15T18:44:33.093Z,494,2
9,14,2023-08-15T18:44:33.093Z,100,13
13,8,2023-08-15T18:44:33.093Z,748,13
14,4,2023-08-15T18:44:33.093Z,74,3
16,13,2023-08-15T18:44:33.093Z,56,3
17,23,2023-08-15T18:44:33.093Z,225,9
18,13,2023-08-15T18:44:33.093Z,441,3
19,33,2023-08-15T18:44:33.093Z,297,7
23,15,2023-08-15T18:44:33.093Z,420,14
26,27,2023-08-15T18:44:33.093Z,363,11
27,31,2023-08-15T18:44:33.093Z,549,5
29,27,2023-08-15T18:44:33.093Z,719,11
33,21,2023-08-15T18:44:33.093Z,974,6
34,33,2023-08-15T18:44:33.093Z,278,7
1,0,2023-08-15T18:44:43.093Z,362,7
3,11,2023-08-15T18:44:43.093Z,466,2
4,5,2023-08-15T18:44:43.093Z,403,2
10,9,2023-08-15T18:44:43.093Z,432,2
12,7,2023-08-15T18:44:43.093Z,423,8
14,19,2023-08-15T18:44:43.093Z,663,3
16,17,2023-08-15T18:44:43.093Z,461,3
17,22,2023-08-15T18:44:43.093Z,544,9
18,4,2023-08-15T18:44:43.093Z,226,3
22,34,2023-08-15T18:44:43.093Z,653,6
27,31,2023-08-15T18:44:43.093Z,637,5
31,32,2023-08-15T18:44:43.093Z,672,12
33,21,2023-08-15T18:44:43.093Z,807,6
34,34,2023-08-15T18:44:43.093Z,152,7
1,18,2023-08-15T18:44:53.093Z,15,7
5,17,2023-08-15T18:44:53.093Z,938,3
6,7,2023-08-15T18:44:53.093Z,435,8
8,5,2023-08-15T18:44:53.093Z,748,2
9,9,2023-08-15T18:44:53.093Z,432,13
11,7,2023-08-15T18:44:53.093Z,466,8
17,23,2023-08-15T18:44:53.093Z,37,9
18,4,2023-08-15T18:44:53.093Z,157,3
21,23,2023-08-15T18:44:53.093Z,974,9
26,27,2023-08-15T18:44:53.093Z,501,11
27,31,2023-08-15T18:44:53.093Z,639,5
31,32,2023-08-15T18:44:53.093Z,549,12
32,21,2023-08-15T18:44:53.093Z,672,6
33,28,2023-08-15T18:44:53.093Z,281,6
2,6,2023-08-15T18:45:03.093Z,875,1
4,2,2023-08-15T18:45:03.093Z,217,2
5,17,2023-08-15T18:45:03.093Z,482,3
6,7,2023-08-15T18:45:03.093Z,525,8
7,1,2023-08-15T18:45:03.093Z,90,1
12,10,2023-08-15T18:45:03.093Z,27,8
13,14,2023-08-15T18:45:03.093Z,660,13
14,12,2023-08-15T18:45:03.093Z,287,3
18,12,2023-08-15T18:45:03.093Z,502,3
23,15,2023-08-15T18:45:03.093Z,225,14
27,31,2023-08-15T18:45:03.093Z,30,5
29,27,2023-08-15T18:45:03.093Z,647,11
32,21,2023-08-15T18:45:03.093Z,549,6
34,33,2023-08-15T18:45:03.093Z,4,7
2,1,2023-08-15T18:45:13.093Z,619,1
4,9,2023-08-15T18:45:13.093Z,220,2
6,10,2023-08-15T18:45:13.093Z,580,8
1,18,2023-08-15T18:46:53.093Z,586,7
4,9,2023-08-15T18:46:53.093Z,226,2
6,10,2023-08-15T18:46:53.093Z,494,8
15,13,2023-08-15T18:46:53.093Z,183,3
18,12,2023-08-15T18:46:53.093Z,15,3
25,15,2023-08-15T18:46:53.093Z,278,14
28,29,2023-08-15T18:46:53.093Z,638,10
2,6,2023-08-15T18:46:53.093Z,929,1
5,17,2023-08-15T18:46:53.093Z,403,3
7,3,2023-08-15T18:46:53.093Z,435,1
11,7,2023-08-15T18:46:53.093Z,621,8
14,4,2023-08-15T18:46:53.093Z,580,3
17,22,2023-08-15T18:46:53.093Z,461,9
20,35,2023-08-15T18:46:53.093Z,989,4
27,31,2023-08-15T18:46:53.093Z,531,5
29,27,2023-08-15T18:46:53.093Z,112,11
8,5,2023-08-15T18:46:53.093Z,912,2
12,7,2023-08-15T18:46:53.093Z,119,8
31,32,2023-08-15T18:46:53.093Z,351,12
1,33,2023-08-15T18:47:03.093Z,140,7
4,9,2023-08-15T18:47:03.093Z,829,2
7,1,2023-08-15T18:47:03.093Z,466,1
33,21,2023-08-15T18:45:33.093Z,497,6
9,14,2023-08-15T18:45:43.093Z,580,13
17,16,2023-08-15T18:45:43.093Z,347,9
7,1,2023-08-15T18:45:33.093Z,94,1
10,9,2023-08-15T18:45:33.093Z,188,2
17,16,2023-08-15T18:45:33.093Z,446,9
21,23,2023-08-15T18:45:33.093Z,672,9
29,27,2023-08-15T18:45:33.093Z,573,11
14,12,2023-08-15T18:45:43.093Z,660,3
25,15,2023-08-15T18:45:43.093Z,58,14
33,25,2023-08-15T18:45:43.093Z,297,6
7,7,2023-08-15T18:45:53.093Z,690,1
10,9,2023-08-15T18:45:53.093Z,929,2
17,22,2023-08-15T18:45:53.093Z,428,9
24,35,2023-08-15T18:45:53.093Z,398,4
27,34,2023-08-15T18:45:53.093Z,404,5
34,33,2023-08-15T18:45:53.093Z,401,7
9,8,2023-08-15T18:46:03.093Z,929,13
17,16,2023-08-15T18:46:03.093Z,402,9
27,31,2023-08-15T18:46:03.093Z,171,5
1,18,2023-08-15T18:46:13.093Z,471,7
6,10,2023-08-15T18:46:13.093Z,912,8
12,7,2023-08-15T18:46:13.093Z,965,8
20,35,2023-08-15T18:46:13.093Z,214,4
29,27,2023-08-15T18:46:13.093Z,138,11
3,9,2023-08-15T18:46:23.093Z,621,2
15,12,2023-08-15T18:46:23.093Z,298,3
20,26,2023-08-15T18:46:23.093Z,176,4
31,32,2023-08-15T18:46:23.093Z,30,12
25,15,2023-08-15T18:45:33.093Z,418,14
28,29,2023-08-15T18:45:33.093Z,800,10
34,34,2023-08-15T18:45:33.093Z,922,7
12,10,2023-08-15T18:45:43.093Z,238,8
21,22,2023-08-15T18:45:43.093Z,549,9
24,26,2023-08-15T18:45:43.093Z,460,4
4,11,2023-08-15T18:45:53.093Z,157,2
18,13,2023-08-15T18:45:53.093Z,146,3
28,30,2023-08-15T18:45:53.093Z,316,10
32,34,2023-08-15T18:45:53.093Z,637,6
35,30,2023-08-15T18:45:53.093Z,661,10
4,2,2023-08-15T18:46:03.093Z,70,2
18,12,2023-08-15T18:46:03.093Z,969,3
23,15,2023-08-15T18:46:03.093Z,964,14
28,30,2023-08-15T18:46:03.093Z,281,10
33,28,2023-08-15T18:46:03.093Z,4,6
4,5,2023-08-15T18:46:13.093Z,458,2
11,10,2023-08-15T18:46:13.093Z,157,8
18,4,2023-08-15T18:46:13.093Z,829,3
28,29,2023-08-15T18:46:13.093Z,393,10
2,6,2023-08-15T18:46:23.093Z,56,1
14,14,2023-08-15T18:46:23.093Z,27,3
19,33,2023-08-15T18:46:23.093Z,663,7
29,27,2023-08-15T18:46:23.093Z,254,11
2,1,2023-08-15T18:46:33.093Z,70,1
6,7,2023-08-15T18:46:33.093Z,362,8
10,9,2023-08-15T18:46:33.093Z,912,2
21,16,2023-08-15T18:46:33.093Z,539,9
35,30,2023-08-15T18:46:33.093Z,870,10
5,12,2023-08-15T18:46:43.093Z,475,3
10,5,2023-08-15T18:46:43.093Z,157,2
18,20,2023-08-15T18:46:43.093Z,93,3
27,31,2023-08-15T18:46:43.093Z,344,5
4,11,2023-08-15T18:46:33.093Z,787,2
15,4,2023-08-15T18:46:33.093Z,926,3
25,15,2023-08-15T18:46:33.093Z,187,14
0,6,2023-08-15T18:46:43.093Z,257,1
7,1,2023-08-15T18:46:43.093Z,423,1
11,10,2023-08-15T18:46:43.093Z,787,8
20,35,2023-08-15T18:46:43.093Z,570,4
31,32,2023-08-15T18:46:43.093Z,45,12
18,4,2023-08-15T18:45:43.093Z,787,3
23,15,2023-08-15T18:45:43.093Z,672,14
31,32,2023-08-15T18:45:43.093Z,637,12
12,10,2023-08-15T18:45:53.093Z,601,8
26,27,2023-08-15T18:45:53.093Z,843,11
29,27,2023-08-15T18:45:53.093Z,2,11
33,25,2023-08-15T18:45:53.093Z,278,6
0,3,2023-08-15T18:46:03.093Z,524,1
7,1,2023-08-15T18:46:03.093Z,7,1
20,35,2023-08-15T18:46:03.093Z,487,4
24,35,2023-08-15T18:46:03.093Z,518,4
29,27,2023-08-15T18:46:03.093Z,356,11
2,3,2023-08-15T18:46:13.093Z,621,1
7,1,2023-08-15T18:46:13.093Z,296,1
15,13,2023-08-15T18:46:13.093Z,896,3
22,25,2023-08-15T18:46:13.093Z,526,6
33,25,2023-08-15T18:46:13.093Z,904,6
7,6,2023-08-15T18:46:23.093Z,878,1
17,16,2023-08-15T18:46:23.093Z,906,9
21,22,2023-08-15T18:46:23.093Z,497,9
35,30,2023-08-15T18:46:23.093Z,978,10
5,17,2023-08-15T18:46:33.093Z,104,3
9,8,2023-08-15T18:46:33.093Z,621,13
18,13,2023-08-15T18:46:33.093Z,352,3
27,31,2023-08-15T18:46:33.093Z,640,5
1,0,2023-08-15T18:46:43.093Z,937,7
8,11,2023-08-15T18:46:43.093Z,621,2
13,8,2023-08-15T18:46:43.093Z,432,13
22,21,2023-08-15T18:46:43.093Z,762,6
34,33,2023-08-15T18:46:43.093Z,415,7
8,2,2023-08-15T18:46:33.093Z,929,2
22,21,2023-08-15T18:46:33.093Z,417,6
32,34,2023-08-15T18:46:33.093Z,639,6
2,6,2023-08-15T18:46:43.093Z,601,1
9,8,2023-08-15T18:46:43.093Z,912,13
17,16,2023-08-15T18:46:43.093Z,291,9
25,15,2023-08-15T18:46:43.093Z,297,14
14,19,2023-08-15T18:51:53.093Z,418,3
18,4,2023-08-15T18:51:53.093Z,906,3
34,18,2023-08-15T18:51:53.093Z,339,7
5,20,2023-08-15T18:52:03.093Z,84,3
15,20,2023-08-15T18:52:03.093Z,974,3
25,15,2023-08-15T18:52:03.093Z,747,14
1,18,2023-08-15T18:52:13.093Z,828,7
7,3,2023-08-15T18:52:13.093Z,755,1
15,4,2023-08-15T18:52:13.093Z,187,3
34,18,2023-08-15T18:52:13.093Z,507,7
17,16,2023-08-15T18:51:53.093Z,586,9
35,29,2023-08-15T18:51:53.093Z,487,10
7,3,2023-08-15T18:52:03.093Z,458,1
16,4,2023-08-15T18:52:03.093Z,788,3
30,32,2023-08-15T18:52:03.093Z,925,12
3,11,2023-08-15T18:52:13.093Z,276,2
9,8,2023-08-15T18:52:13.093Z,135,13
17,16,2023-08-15T18:52:13.093Z,472,9
35,30,2023-08-15T18:52:13.093Z,214,10
6,10,2023-08-15T18:52:23.093Z,504,8
9,8,2023-08-15T18:52:23.093Z,378,13
12,10,2023-08-15T18:52:23.093Z,896,8
17,22,2023-08-15T18:52:23.093Z,417,9
24,35,2023-08-15T18:52:23.093Z,439,4
32,34,2023-08-15T18:52:23.093Z,232,6
35,30,2023-08-15T18:52:23.093Z,570,10
5,20,2023-08-15T18:52:33.093Z,516,3
7,1,2023-08-15T18:52:33.093Z,257,1
13,8,2023-08-15T18:52:33.093Z,160,13
17,16,2023-08-15T18:52:33.093Z,118,9
22,34,2023-08-15T18:52:33.093Z,938,6
30,32,2023-08-15T18:52:33.093Z,987,12
34,33,2023-08-15T18:52:33.093Z,761,7
0,6,2023-08-15T18:52:03.093Z,284,1
12,7,2023-08-15T18:52:03.093Z,524,8
17,16,2023-08-15T18:52:03.093Z,815,9
34,18,2023-08-15T18:52:03.093Z,633,7
4,4,2023-08-15T18:52:13.093Z,906,2
12,7,2023-08-15T18:52:13.093Z,660,8
18,13,2023-08-15T18:52:13.093Z,676,3
0,3,2023-08-15T18:52:23.093Z,582,1
30,32,2023-08-15T18:51:53.093Z,150,12
3,2,2023-08-15T18:52:03.093Z,298,2
13,14,2023-08-15T18:52:03.093Z,30,13
18,17,2023-08-15T18:52:03.093Z,561,3
0,3,2023-08-15T18:52:13.093Z,329,1
5,12,2023-08-15T18:52:13.093Z,420,3
13,14,2023-08-15T18:52:13.093Z,14,13
30,32,2023-08-15T18:52:13.093Z,193,12
5,17,2023-08-15T18:52:23.093Z,929,3
8,5,2023-08-15T18:52:23.093Z,135,2
11,7,2023-08-15T18:52:23.093Z,276,8
10,2,2023-08-15T18:47:03.093Z,390,2
14,17,2023-08-15T18:47:03.093Z,188,3
26,27,2023-08-15T18:47:03.093Z,541,11
1,33,2023-08-15T18:47:13.093Z,636,7
8,5,2023-08-15T18:47:03.093Z,432,2
12,7,2023-08-15T18:47:03.093Z,785,8
21,16,2023-08-15T18:47:03.093Z,417,9
34,34,2023-08-15T18:47:03.093Z,884,7
7,3,2023-08-15T18:47:13.093Z,525,1
8,5,2023-08-15T18:47:13.093Z,524,2
12,7,2023-08-15T18:47:13.093Z,835,8
14,20,2023-08-15T18:47:13.093Z,27,3
34,33,2023-08-15T18:47:13.093Z,360,7
5,12,2023-08-15T18:47:23.093Z,458,3
9,14,2023-08-15T18:47:23.093Z,829,13
18,12,2023-08-15T18:47:23.093Z,84,3
26,26,2023-08-15T18:47:23.093Z,876,11
1,33,2023-08-15T18:47:33.093Z,358,7
8,5,2023-08-15T18:47:33.093Z,896,2
16,12,2023-08-15T18:47:33.093Z,300,3
30,32,2023-08-15T18:47:33.093Z,64,12
10,5,2023-08-15T18:47:43.093Z,878,2
18,4,2023-08-15T18:47:43.093Z,272,3
34,33,2023-08-15T18:47:43.093Z,151,7
9,14,2023-08-15T18:47:13.093Z,226,13
13,8,2023-08-15T18:47:13.093Z,896,13
25,24,2023-08-15T18:47:13.093Z,904,14
2,6,2023-08-15T18:47:23.093Z,390,1
7,1,2023-08-15T18:47:23.093Z,816,1
14,13,2023-08-15T18:47:23.093Z,226,3
19,19,2023-08-15T18:47:23.093Z,74,7
31,32,2023-08-15T18:47:23.093Z,171,12
5,12,2023-08-15T18:47:33.093Z,157,3
11,7,2023-08-15T18:47:33.093Z,146,8
20,35,2023-08-15T18:47:33.093Z,80,4
5,20,2023-08-15T18:47:43.093Z,912,3
15,12,2023-08-15T18:47:43.093Z,135,3
22,21,2023-08-15T18:47:43.093Z,872,6
6,7,2023-08-15T18:47:53.093Z,929,8
12,12,2023-08-15T18:47:53.093Z,100,8
28,30,2023-08-15T18:47:53.093Z,132,10
1,18,2023-08-15T18:48:03.093Z,120,7
15,13,2023-08-15T18:48:03.093Z,472,3
21,16,2023-08-15T18:48:03.093Z,30,9
1,0,2023-08-15T18:48:13.093Z,655,7
6,7,2023-08-15T18:48:13.093Z,390,8
12,10,2023-08-15T18:48:13.093Z,969,8
22,34,2023-08-15T18:48:13.093Z,711,6
33,21,2023-08-15T18:48:13.093Z,415,6
6,7,2023-08-15T18:48:23.093Z,806,8
16,20,2023-08-15T18:48:23.093Z,48,3
33,21,2023-08-15T18:48:23.093Z,140,6
5,12,2023-08-15T18:48:33.093Z,896,3
23,24,2023-08-15T18:48:33.093Z,403,14
35,29,2023-08-15T18:46:53.093Z,847,10
9,8,2023-08-15T18:47:03.093Z,524,13
17,22,2023-08-15T18:47:03.093Z,938,9
24,26,2023-08-15T18:47:03.093Z,521,4
5,4,2023-08-15T18:47:53.093Z,432,3
10,2,2023-08-15T18:47:53.093Z,257,2
16,12,2023-08-15T18:47:53.093Z,347,3
33,21,2023-08-15T18:47:53.093Z,663,6
5,12,2023-08-15T18:48:03.093Z,524,3
19,33,2023-08-15T18:48:03.093Z,673,7
30,32,2023-08-15T18:48:03.093Z,757,12
3,11,2023-08-15T18:48:13.093Z,257,2
10,2,2023-08-15T18:48:13.093Z,502,2
17,16,2023-08-15T18:48:13.093Z,104,9
30,32,2023-08-15T18:48:13.093Z,788,12
3,5,2023-08-15T18:48:23.093Z,525,2
12,10,2023-08-15T18:48:23.093Z,298,8
30,32,2023-08-15T18:48:23.093Z,844,12
35,30,2023-08-15T18:48:23.093Z,925,10
15,4,2023-08-15T18:48:33.093Z,225,3
31,32,2023-08-15T18:48:33.093Z,531,12
5,4,2023-08-15T18:47:03.093Z,748,3
13,8,2023-08-15T18:47:03.093Z,146,13
20,35,2023-08-15T18:47:03.093Z,433,4
27,34,2023-08-15T18:47:03.093Z,841,5
32,34,2023-08-15T18:47:03.093Z,102,6
5,19,2023-08-15T18:47:13.093Z,74,3
10,9,2023-08-15T18:47:13.093Z,787,2
17,16,2023-08-15T18:47:13.093Z,482,9
26,27,2023-08-15T18:47:13.093Z,520,11
35,29,2023-08-15T18:47:13.093Z,850,10
4,5,2023-08-15T18:47:23.093Z,580,2
8,11,2023-08-15T18:47:23.093Z,146,2
15,13,2023-08-15T18:47:23.093Z,160,3
32,21,2023-08-15T18:47:23.093Z,30,6
9,8,2023-08-15T18:47:33.093Z,435,13
15,20,2023-08-15T18:47:33.093Z,716,3
18,13,2023-08-15T18:47:33.093Z,583,3
21,16,2023-08-15T18:47:33.093Z,762,9
35,29,2023-08-15T18:47:33.093Z,907,10
9,14,2023-08-15T18:47:43.093Z,787,13
14,17,2023-08-15T18:47:43.093Z,829,3
17,22,2023-08-15T18:47:43.093Z,852,9
30,32,2023-08-15T18:47:43.093Z,921,12
25,15,2023-08-15T18:47:03.093Z,526,14
28,29,2023-08-15T18:47:03.093Z,4,10
3,9,2023-08-15T18:47:13.093Z,435,2
6,10,2023-08-15T18:47:13.093Z,878,8
15,12,2023-08-15T18:47:13.093Z,373,3
24,35,2023-08-15T18:47:13.093Z,576,4
29,27,2023-08-15T18:47:13.093Z,512,11
0,6,2023-08-15T18:47:23.093Z,937,1
6,10,2023-08-15T18:47:23.093Z,257,8
12,7,2023-08-15T18:47:23.093Z,287,8
30,32,2023-08-15T18:47:23.093Z,720,12
7,6,2023-08-15T18:47:33.093Z,413,1
10,5,2023-08-15T18:47:33.093Z,494,2
17,22,2023-08-15T18:47:33.093Z,754,9
19,33,2023-08-15T18:47:33.093Z,74,7
22,28,2023-08-15T18:47:33.093Z,132,6
6,7,2023-08-15T18:47:43.093Z,601,8
12,10,2023-08-15T18:47:43.093Z,502,8
16,20,2023-08-15T18:47:43.093Z,446,3
20,35,2023-08-15T18:47:43.093Z,704,4
35,30,2023-08-15T18:47:43.093Z,142,10
15,12,2023-08-15T18:47:53.093Z,299,3
21,22,2023-08-15T18:47:53.093Z,898,9
31,32,2023-08-15T18:47:53.093Z,640,12
35,29,2023-08-15T18:47:53.093Z,629,10
4,2,2023-08-15T18:48:03.093Z,748,2
7,1,2023-08-15T18:48:03.093Z,690,1
17,16,2023-08-15T18:48:03.093Z,212,9
20,26,2023-08-15T18:48:03.093Z,767,4
7,1,2023-08-15T18:48:13.093Z,334,1
27,34,2023-08-15T18:48:13.093Z,724,5
32,34,2023-08-15T18:48:13.093Z,45,6
35,30,2023-08-15T18:48:13.093Z,150,10
5,19,2023-08-15T18:48:23.093Z,580,3
10,9,2023-08-15T18:48:23.093Z,937,2
15,13,2023-08-15T18:48:23.093Z,420,3
21,23,2023-08-15T18:48:23.093Z,872,9
4,9,2023-08-15T18:48:33.093Z,471,2
16,19,2023-08-15T18:48:33.093Z,906,3
30,32,2023-08-15T18:48:33.093Z,468,12
33,28,2023-08-15T18:47:43.093Z,401,6
7,6,2023-08-15T18:47:53.093Z,515,1
18,4,2023-08-15T18:47:53.093Z,471,3
30,32,2023-08-15T18:47:53.093Z,695,12
34,0,2023-08-15T18:47:53.093Z,13,7
2,3,2023-08-15T18:48:03.093Z,257,1
6,10,2023-08-15T18:48:03.093Z,937,8
10,2,2023-08-15T18:48:03.093Z,790,2
18,4,2023-08-15T18:48:03.093Z,586,3
34,18,2023-08-15T18:48:03.093Z,713,7
16,4,2023-08-15T18:48:13.093Z,402,3
31,32,2023-08-15T18:48:13.093Z,344,12
34,18,2023-08-15T18:48:13.093Z,266,7
4,2,2023-08-15T18:48:23.093Z,432,2
7,6,2023-08-15T18:48:23.093Z,965,1
14,13,2023-08-15T18:48:23.093Z,220,3
17,23,2023-08-15T18:48:23.093Z,403,9
1,18,2023-08-15T18:48:33.093Z,779,7
10,5,2023-08-15T18:48:33.093Z,969,2
17,22,2023-08-15T18:48:33.093Z,188,9
35,30,2023-08-15T18:48:33.093Z,193,10
1,18,2023-08-15T18:48:43.093Z,578,7
4,9,2023-08-15T18:48:43.093Z,586,2
6,10,2023-08-15T18:48:43.093Z,413,8
10,11,2023-08-15T18:48:43.093Z,298,2
17,22,2023-08-15T18:48:43.093Z,829,9
1,18,2023-08-15T18:48:53.093Z,592,7
4,9,2023-08-15T18:48:53.093Z,402,2
9,8,2023-08-15T18:48:53.093Z,471,13
11,7,2023-08-15T18:48:53.093Z,298,8
21,16,2023-08-15T18:48:53.093Z,663,9
34,18,2023-08-15T18:48:53.093Z,815,7
2,3,2023-08-15T18:49:03.093Z,502,1
5,19,2023-08-15T18:49:03.093Z,878,3
10,2,2023-08-15T18:49:03.093Z,515,2
15,17,2023-08-15T18:49:03.093Z,439,3
22,34,2023-08-15T18:49:03.093Z,148,6
2,6,2023-08-15T18:49:13.093Z,432,1
9,14,2023-08-15T18:49:13.093Z,402,13
13,8,2023-08-15T18:49:13.093Z,226,13
16,20,2023-08-15T18:49:13.093Z,539,3
1,18,2023-08-15T18:49:23.093Z,682,7
3,11,2023-08-15T18:49:23.093Z,502,2
6,10,2023-08-15T18:48:53.093Z,515,8
23,24,2023-08-15T18:48:53.093Z,872,14
13,14,2023-08-15T18:49:03.093Z,183,13
18,12,2023-08-15T18:49:03.093Z,120,3
34,18,2023-08-15T18:49:03.093Z,516,7
6,10,2023-08-15T18:49:13.093Z,621,8
12,7,2023-08-15T18:49:13.093Z,15,8
14,13,2023-08-15T18:49:13.093Z,937,3
34,33,2023-08-15T18:49:13.093Z,674,7
2,3,2023-08-15T18:49:23.093Z,413,1
8,9,2023-08-15T18:49:23.093Z,352,2
16,12,2023-08-15T18:49:23.093Z,291,3
14,20,2023-08-15T18:49:33.093Z,183,3
6,10,2023-08-15T18:49:43.093Z,119,8
21,16,2023-08-15T18:49:43.093Z,720,9
28,29,2023-08-15T18:49:43.093Z,401,10
3,9,2023-08-15T18:49:53.093Z,413,2
5,20,2023-08-15T18:48:43.093Z,494,3
9,14,2023-08-15T18:48:43.093Z,937,13
30,32,2023-08-15T18:48:43.093Z,763,12
13,8,2023-08-15T18:48:53.093Z,352,13
7,6,2023-08-15T18:49:03.093Z,621,1
30,32,2023-08-15T18:49:03.093Z,747,12
4,5,2023-08-15T18:49:13.093Z,272,2
10,5,2023-08-15T18:49:13.093Z,315,2
30,32,2023-08-15T18:49:13.093Z,232,12
7,1,2023-08-15T18:49:23.093Z,785,1
12,10,2023-08-15T18:49:23.093Z,373,8
30,32,2023-08-15T18:49:23.093Z,540,12
10,9,2023-08-15T18:49:33.093Z,373,2
18,12,2023-08-15T18:49:33.093Z,779,3
1,0,2023-08-15T18:49:43.093Z,504,7
12,7,2023-08-15T18:49:43.093Z,458,8
20,26,2023-08-15T18:49:43.093Z,505,4
29,27,2023-08-15T18:49:43.093Z,885,11
7,1,2023-08-15T18:49:53.093Z,287,1
14,19,2023-08-15T18:49:23.093Z,441,3
23,24,2023-08-15T18:49:23.093Z,415,14
9,14,2023-08-15T18:49:33.093Z,352,13
12,10,2023-08-15T18:49:33.093Z,522,8
17,23,2023-08-15T18:49:33.093Z,439,9
22,34,2023-08-15T18:49:33.093Z,544,6
30,32,2023-08-15T18:49:33.093Z,862,12
8,2,2023-08-15T18:49:43.093Z,226,2
24,26,2023-08-15T18:49:43.093Z,73,4
30,32,2023-08-15T18:49:43.093Z,130,12
35,29,2023-08-15T18:49:43.093Z,394,10
8,9,2023-08-15T18:49:53.093Z,583,2
10,2,2023-08-15T18:48:53.093Z,413,2
1,0,2023-08-15T18:49:03.093Z,346,7
21,23,2023-08-15T18:49:03.093Z,415,9
1,0,2023-08-15T18:49:13.093Z,378,7
7,6,2023-08-15T18:49:13.093Z,119,1
18,17,2023-08-15T18:49:13.093Z,713,3
0,3,2023-08-15T18:49:23.093Z,13,1
10,5,2023-08-15T18:49:23.093Z,621,2
18,12,2023-08-15T18:49:23.093Z,266,3
6,7,2023-08-15T18:49:33.093Z,432,8
15,12,2023-08-15T18:49:33.093Z,58,3
32,21,2023-08-15T18:49:33.093Z,64,6
7,1,2023-08-15T18:49:43.093Z,835,1
18,12,2023-08-15T18:49:43.093Z,578,3
26,27,2023-08-15T18:49:43.093Z,491,11
1,0,2023-08-15T18:49:53.093Z,585,7
32,21,2023-08-15T18:49:23.093Z,171,6
0,3,2023-08-15T18:49:33.093Z,655,1
34,33,2023-08-15T18:49:33.093Z,826,7
2,1,2023-08-15T18:49:43.093Z,515,1
14,13,2023-08-15T18:49:43.093Z,402,3
27,31,2023-08-15T18:49:43.093Z,3,5
34,18,2023-08-15T18:49:43.093Z,980,7
2,1,2023-08-15T18:49:53.093Z,226,1
2,1,2023-08-15T18:48:43.093Z,748,1
12,7,2023-08-15T18:48:43.093Z,475,8
2,1,2023-08-15T18:48:53.093Z,790,1
30,32,2023-08-15T18:48:53.093Z,899,12
12,10,2023-08-15T18:49:03.093Z,315,8
32,34,2023-08-15T18:49:03.093Z,351,6
5,20,2023-08-15T18:49:13.093Z,525,3
15,13,2023-08-15T18:49:13.093Z,418,3
32,21,2023-08-15T18:49:13.093Z,720,6
9,14,2023-08-15T18:49:23.093Z,586,13
15,17,2023-08-15T18:49:23.093Z,672,3
34,33,2023-08-15T18:49:23.093Z,103,7
13,8,2023-08-15T18:49:33.093Z,583,13
27,34,2023-08-15T18:49:33.093Z,689,5
3,9,2023-08-15T18:49:43.093Z,13,2
16,13,2023-08-15T18:49:43.093Z,482,3
23,24,2023-08-15T18:49:43.093Z,439,14
32,25,2023-08-15T18:49:43.093Z,921,6
9,14,2023-08-15T18:49:53.093Z,13,13
12,10,2023-08-15T18:49:53.093Z,84,8
22,34,2023-08-15T18:49:53.093Z,982,6
32,34,2023-08-15T18:49:53.093Z,695,6
7,7,2023-08-15T18:50:03.093Z,146,1
16,12,2023-08-15T18:50:03.093Z,212,3
7,3,2023-08-15T18:50:13.093Z,601,1
16,13,2023-08-15T18:50:13.093Z,30,3
26,27,2023-08-15T18:50:13.093Z,993,11
15,20,2023-08-15T18:49:53.093Z,47,3
34,18,2023-08-15T18:49:53.093Z,995,7
11,7,2023-08-15T18:50:03.093Z,257,8
17,16,2023-08-15T18:50:03.093Z,713,9
30,32,2023-08-15T18:50:03.093Z,727,12
29,27,2023-08-15T18:50:13.093Z,612,11
32,25,2023-08-15T18:50:13.093Z,757,6
10,5,2023-08-15T18:49:53.093Z,522,2
16,17,2023-08-15T18:49:53.093Z,762,3
30,32,2023-08-15T18:49:53.093Z,267,12
3,9,2023-08-15T18:50:03.093Z,655,2
14,17,2023-08-15T18:50:03.093Z,586,3
20,35,2023-08-15T18:50:03.093Z,632,4
26,27,2023-08-15T18:50:03.093Z,813,11
31,32,2023-08-15T18:50:03.093Z,3,12
8,2,2023-08-15T18:50:13.093Z,220,2
22,25,2023-08-15T18:50:13.093Z,549,6
27,31,2023-08-15T18:50:13.093Z,702,5
27,31,2023-08-15T18:49:53.093Z,548,5
6,7,2023-08-15T18:50:03.093Z,755,8
18,17,2023-08-15T18:50:03.093Z,815,3
21,22,2023-08-15T18:50:03.093Z,171,9
10,2,2023-08-15T18:50:13.093Z,84,2
13,14,2023-08-15T18:49:53.093Z,472,13
24,35,2023-08-15T18:49:53.093Z,904,4
1,18,2023-08-15T18:50:03.093Z,550,7
15,13,2023-08-15T18:50:03.093Z,964,3
29,27,2023-08-15T18:50:03.093Z,656,11
34,33,2023-08-15T18:50:03.093Z,703,7
15,13,2023-08-15T18:50:13.093Z,41,3
20,35,2023-08-15T18:50:13.093Z,780,4
18,12,2023-08-15T18:49:53.093Z,592,3
10,2,2023-08-15T18:50:03.093Z,119,2
13,8,2023-08-15T18:50:03.093Z,220,13
19,18,2023-08-15T18:50:03.093Z,580,7
24,35,2023-08-15T18:50:03.093Z,403,4
35,30,2023-08-15T18:50:03.093Z,235,10
19,18,2023-08-15T18:50:13.093Z,906,7
24,35,2023-08-15T18:50:13.093Z,872,4
30,32,2023-08-15T18:50:13.093Z,316,12
1,18,2023-08-15T18:50:23.093Z,561,7
7,1,2023-08-15T18:50:23.093Z,949,1
7,3,2023-08-15T18:50:33.093Z,929,1
7,1,2023-08-15T18:50:43.093Z,390,1
30,30,2023-08-15T18:50:43.093Z,281,12
16,4,2023-08-15T18:50:23.093Z,104,3
19,33,2023-08-15T18:50:33.093Z,878,7
0,3,2023-08-15T18:50:43.093Z,346,1
8,5,2023-08-15T18:50:43.093Z,420,2
0,3,2023-08-15T18:50:53.093Z,378,1
8,2,2023-08-15T18:50:23.093Z,435,2
30,32,2023-08-15T18:50:33.093Z,661,12
4,2,2023-08-15T18:50:43.093Z,104,2
15,4,2023-08-15T18:50:43.093Z,297,3
3,5,2023-08-15T18:50:53.093Z,929,2
14,20,2023-08-15T18:50:53.093Z,13,3
27,31,2023-08-15T18:50:53.093Z,32,5
32,25,2023-08-15T18:50:53.093Z,468,6
14,17,2023-08-15T18:51:03.093Z,472,3
16,17,2023-08-15T18:51:03.093Z,417,3
34,18,2023-08-15T18:50:23.093Z,676,7
27,34,2023-08-15T18:50:33.093Z,0,5
16,12,2023-08-15T18:50:43.093Z,720,3
34,33,2023-08-15T18:50:13.093Z,693,7
2,6,2023-08-15T18:50:23.093Z,220,1
18,4,2023-08-15T18:50:23.093Z,516,3
24,35,2023-08-15T18:50:23.093Z,415,4
31,32,2023-08-15T18:50:23.093Z,548,12
2,3,2023-08-15T18:50:33.093Z,84,1
18,12,2023-08-15T18:50:33.093Z,682,3
34,0,2023-08-15T18:50:33.093Z,276,7
14,4,2023-08-15T18:50:43.093Z,352,3
28,30,2023-08-15T18:50:43.093Z,344,10
25,15,2023-08-15T18:50:53.093Z,549,14
29,27,2023-08-15T18:50:53.093Z,465,11
0,6,2023-08-15T18:51:03.093Z,504,1
12,7,2023-08-15T18:51:03.093Z,157,8
2,1,2023-08-15T18:50:53.093Z,435,1
1,0,2023-08-15T18:51:03.093Z,284,7
4,5,2023-08-15T18:51:03.093Z,516,2
6,7,2023-08-15T18:51:03.093Z,875,8
7,1,2023-08-15T18:51:03.093Z,475,1
32,25,2023-08-15T18:51:03.093Z,531,6
0,6,2023-08-15T18:51:13.093Z,585,1
13,8,2023-08-15T18:51:13.093Z,402,13
4,11,2023-08-15T18:51:23.093Z,352,2
9,8,2023-08-15T18:51:23.093Z,601,13
31,32,2023-08-15T18:51:23.093Z,702,12
11,7,2023-08-15T18:51:33.093Z,352,8
34,33,2023-08-15T18:51:33.093Z,28,7
35,30,2023-08-15T18:50:13.093Z,987,10
3,9,2023-08-15T18:50:23.093Z,601,2
15,15,2023-08-15T18:50:23.093Z,187,3
22,34,2023-08-15T18:50:23.093Z,428,6
34,0,2023-08-15T18:51:43.093Z,582,7
1,18,2023-08-15T18:51:53.093Z,436,7
5,17,2023-08-15T18:51:53.093Z,522,3
25,15,2023-08-15T18:50:23.093Z,921,14
22,25,2023-08-15T18:50:33.093Z,497,6
31,32,2023-08-15T18:50:33.093Z,824,12
3,5,2023-08-15T18:50:43.093Z,84,2
27,34,2023-08-15T18:50:43.093Z,819,5
9,14,2023-08-15T18:51:13.093Z,655,13
7,3,2023-08-15T18:51:23.093Z,298,1
14,12,2023-08-15T18:51:23.093Z,583,3
1,0,2023-08-15T18:51:33.093Z,329,7
31,32,2023-08-15T18:51:33.093Z,32,12
2,6,2023-08-15T18:51:43.093Z,346,1
31,32,2023-08-15T18:51:43.093Z,951,12
20,26,2023-08-15T18:51:23.093Z,503,4
25,15,2023-08-15T18:51:23.093Z,497,14
8,2,2023-08-15T18:51:33.093Z,402,2
12,7,2023-08-15T18:51:43.093Z,347,8
18,12,2023-08-15T18:51:03.093Z,980,3
21,16,2023-08-15T18:51:03.093Z,788,9
14,13,2023-08-15T18:51:13.093Z,787,3
15,17,2023-08-15T18:51:13.093Z,118,3
35,29,2023-08-15T18:51:13.093Z,350,10
12,10,2023-08-15T18:51:23.093Z,135,8
0,3,2023-08-15T18:51:33.093Z,276,1
18,12,2023-08-15T18:51:33.093Z,550,3
1,1,2023-08-15T18:51:43.093Z,196,7
23,15,2023-08-15T18:51:43.093Z,762,14
30,32,2023-08-15T18:51:43.093Z,132,12
3,9,2023-08-15T18:51:53.093Z,378,2
1,18,2023-08-15T18:50:33.093Z,115,7
13,8,2023-08-15T18:50:33.093Z,420,13
32,28,2023-08-15T18:50:33.093Z,344,6
21,22,2023-08-15T18:50:43.093Z,64,9
1,18,2023-08-15T18:50:53.093Z,162,7
6,7,2023-08-15T18:50:53.093Z,220,8
5,20,2023-08-15T18:51:03.093Z,969,3
9,14,2023-08-15T18:51:03.093Z,373,13
13,14,2023-08-15T18:51:03.093Z,418,13
15,12,2023-08-15T18:51:03.093Z,526,3
22,34,2023-08-15T18:51:03.093Z,461,6
12,7,2023-08-15T18:51:13.093Z,300,8
26,27,2023-08-15T18:51:13.093Z,775,11
8,11,2023-08-15T18:51:23.093Z,471,2
21,23,2023-08-15T18:51:23.093Z,994,9
12,7,2023-08-15T18:51:33.093Z,299,8
35,29,2023-08-15T18:51:33.093Z,398,10
15,12,2023-08-15T18:51:43.093Z,921,3
13,14,2023-08-15T18:51:23.093Z,482,13
34,33,2023-08-15T18:51:23.093Z,204,7
17,23,2023-08-15T18:51:33.093Z,762,9
20,35,2023-08-15T18:51:33.093Z,919,4
32,25,2023-08-15T18:51:33.093Z,747,6
5,20,2023-08-15T18:51:43.093Z,621,3
18,13,2023-08-15T18:51:43.093Z,580,3
4,9,2023-08-15T18:51:53.093Z,297,2
13,14,2023-08-15T18:51:53.093Z,41,13
20,26,2023-08-15T18:51:03.093Z,324,4
27,31,2023-08-15T18:51:03.093Z,951,5
30,32,2023-08-15T18:51:03.093Z,978,12
2,1,2023-08-15T18:51:13.093Z,119,1
20,35,2023-08-15T18:51:13.093Z,604,4
5,20,2023-08-15T18:51:23.093Z,272,3
18,17,2023-08-15T18:51:23.093Z,995,3
5,20,2023-08-15T18:51:33.093Z,315,3
14,20,2023-08-15T18:51:33.093Z,373,3
23,15,2023-08-15T18:51:33.093Z,994,14
7,1,2023-08-15T18:51:43.093Z,432,1
11,7,2023-08-15T18:51:43.093Z,471,8
13,14,2023-08-15T18:51:43.093Z,964,13
12,7,2023-08-15T18:51:53.093Z,100,8
32,21,2023-08-15T18:50:23.093Z,788,6
1,0,2023-08-15T18:50:43.093Z,863,7
9,8,2023-08-15T18:50:43.093Z,413,13
32,34,2023-08-15T18:50:43.093Z,844,6
7,1,2023-08-15T18:50:53.093Z,806,1
9,14,2023-08-15T18:50:53.093Z,583,13
15,4,2023-08-15T18:50:53.093Z,278,3
26,27,2023-08-15T18:50:53.093Z,642,11
30,32,2023-08-15T18:50:53.093Z,979,12
35,29,2023-08-15T18:50:53.093Z,566,10
2,1,2023-08-15T18:51:03.093Z,104,1
25,15,2023-08-15T18:51:03.093Z,757,14
4,5,2023-08-15T18:51:13.093Z,926,2
7,1,2023-08-15T18:51:13.093Z,362,1
8,5,2023-08-15T18:51:13.093Z,413,2
29,27,2023-08-15T18:51:13.093Z,607,11
11,7,2023-08-15T18:51:23.093Z,502,8
30,32,2023-08-15T18:51:23.093Z,142,12
15,19,2023-08-15T18:51:33.093Z,273,3
25,15,2023-08-15T18:51:43.093Z,468,14
15,17,2023-08-15T18:51:23.093Z,190,3
3,2,2023-08-15T18:51:33.093Z,346,2
0,3,2023-08-15T18:51:43.093Z,863,1
10,9,2023-08-15T18:51:43.093Z,135,2
2,1,2023-08-15T18:51:53.093Z,402,1
8,5,2023-08-15T18:51:53.093Z,601,2
4,5,2023-08-15T18:52:43.093Z,788,2
6,7,2023-08-15T18:52:43.093Z,965,8
8,11,2023-08-15T18:52:43.093Z,787,2
13,14,2023-08-15T18:52:43.093Z,580,13
16,13,2023-08-15T18:52:43.093Z,586,3
18,17,2023-08-15T18:52:43.093Z,436,3
22,21,2023-08-15T18:52:43.093Z,754,6
34,18,2023-08-15T18:52:43.093Z,666,7
3,11,2023-08-15T18:52:53.093Z,458,2
13,8,2023-08-15T18:52:23.093Z,787,13
18,13,2023-08-15T18:52:23.093Z,115,3
30,32,2023-08-15T18:52:23.093Z,235,12
34,18,2023-08-15T18:52:23.093Z,53,7
3,9,2023-08-15T18:52:33.093Z,863,2
6,6,2023-08-15T18:52:33.093Z,585,8
9,14,2023-08-15T18:52:33.093Z,297,13
14,20,2023-08-15T18:52:33.093Z,482,3
18,12,2023-08-15T18:52:33.093Z,162,3
27,34,2023-08-15T18:52:33.093Z,618,5
32,25,2023-08-15T18:52:33.093Z,540,6
3,9,2023-08-15T18:53:43.093Z,582,2
5,13,2023-08-15T18:53:43.093Z,187,3
13,8,2023-08-15T18:53:43.093Z,586,13
17,16,2023-08-15T18:53:43.093Z,929,9
27,31,2023-08-15T18:53:43.093Z,414,5
30,32,2023-08-15T18:53:43.093Z,344,12
34,33,2023-08-15T18:53:43.093Z,139,7
0,6,2023-08-15T18:53:53.093Z,108,1
5,12,2023-08-15T18:53:53.093Z,329,3
9,14,2023-08-15T18:53:53.093Z,58,13
15,13,2023-08-15T18:53:53.093Z,762,3
18,12,2023-08-15T18:53:53.093Z,36,3
22,25,2023-08-15T18:53:53.093Z,807,6
7,3,2023-08-15T18:53:43.093Z,352,1
11,7,2023-08-15T18:53:43.093Z,284,8
15,19,2023-08-15T18:53:43.093Z,994,3
18,4,2023-08-15T18:53:43.093Z,53,3
22,25,2023-08-15T18:53:43.093Z,64,6
25,24,2023-08-15T18:53:43.093Z,171,14
26,27,2023-08-15T18:53:43.093Z,915,11
1,18,2023-08-15T18:53:53.093Z,954,7
3,5,2023-08-15T18:53:53.093Z,160,2
4,2,2023-08-15T18:53:53.093Z,828,2
13,14,2023-08-15T18:53:53.093Z,507,13
20,26,2023-08-15T18:53:53.093Z,133,4
26,27,2023-08-15T18:53:53.093Z,825,11
29,27,2023-08-15T18:53:53.093Z,42,11
32,25,2023-08-15T18:53:53.093Z,316,6
34,18,2023-08-15T18:53:53.093Z,333,7
0,6,2023-08-15T18:54:03.093Z,241,1
3,2,2023-08-15T18:54:03.093Z,300,2
7,3,2023-08-15T18:54:03.093Z,299,1
9,14,2023-08-15T18:54:03.093Z,582,13
15,13,2023-08-15T18:54:03.093Z,468,3
17,16,2023-08-15T18:54:03.093Z,436,9
18,13,2023-08-15T18:54:03.093Z,441,3
22,21,2023-08-15T18:54:03.093Z,417,6
32,34,2023-08-15T18:54:03.093Z,640,6
34,18,2023-08-15T18:54:03.093Z,822,7
0,6,2023-08-15T18:54:13.093Z,976,1
11,7,2023-08-15T18:54:13.093Z,278,8
12,10,2023-08-15T18:54:13.093Z,592,8
15,4,2023-08-15T18:54:13.093Z,747,3
1,33,2023-08-15T18:54:23.093Z,67,7
5,20,2023-08-15T18:54:23.093Z,378,3
15,20,2023-08-15T18:54:23.093Z,37,3
18,13,2023-08-15T18:54:23.093Z,273,3
32,21,2023-08-15T18:54:23.093Z,661,6
3,11,2023-08-15T18:54:33.093Z,828,2
15,17,2023-08-15T18:54:33.093Z,540,3
32,34,2023-08-15T18:54:33.093Z,824,6
33,28,2023-08-15T18:54:33.093Z,636,6
7,6,2023-08-15T18:54:43.093Z,524,1
10,5,2023-08-15T18:54:43.093Z,502,2
11,11,2023-08-15T18:54:43.093Z,828,8
32,25,2023-08-15T18:54:43.093Z,979,6
11,7,2023-08-15T18:54:53.093Z,828,8
33,21,2023-08-15T18:54:53.093Z,358,6
9,8,2023-08-15T18:55:03.093Z,592,13
23,24,2023-08-15T18:55:03.093Z,417,14
25,15,2023-08-15T18:55:03.093Z,548,14
27,31,2023-08-15T18:55:03.093Z,855,5
1,18,2023-08-15T18:55:13.093Z,426,7
12,7,2023-08-15T18:55:13.093Z,980,8
13,8,2023-08-15T18:55:13.093Z,468,13
1,18,2023-08-15T18:54:03.093Z,741,7
4,11,2023-08-15T18:54:03.093Z,278,2
5,5,2023-08-15T18:54:03.093Z,346,3
6,7,2023-08-15T18:54:03.093Z,298,8
18,17,2023-08-15T18:55:13.093Z,320,3
5,17,2023-08-15T18:52:53.093Z,413,3
7,1,2023-08-15T18:52:53.093Z,220,1
9,8,2023-08-15T18:52:53.093Z,863,13
10,2,2023-08-15T18:52:53.093Z,896,2
11,7,2023-08-15T18:52:53.093Z,787,8
12,7,2023-08-15T18:52:53.093Z,266,8
13,8,2023-08-15T18:52:53.093Z,676,13
14,19,2023-08-15T18:52:53.093Z,964,3
15,4,2023-08-15T18:52:53.093Z,757,3
17,22,2023-08-15T18:52:53.093Z,995,9
25,15,2023-08-15T18:52:53.093Z,540,14
30,32,2023-08-15T18:52:53.093Z,281,12
4,11,2023-08-15T18:53:03.093Z,906,2
5,17,2023-08-15T18:53:03.093Z,601,3
6,10,2023-08-15T18:53:03.093Z,284,8
7,1,2023-08-15T18:53:03.093Z,875,1
1,18,2023-08-15T18:52:43.093Z,36,7
5,13,2023-08-15T18:52:43.093Z,926,3
7,1,2023-08-15T18:52:43.093Z,146,1
10,11,2023-08-15T18:52:43.093Z,504,2
15,13,2023-08-15T18:52:43.093Z,549,3
17,23,2023-08-15T18:52:43.093Z,190,9
19,18,2023-08-15T18:52:43.093Z,441,7
32,21,2023-08-15T18:52:43.093Z,862,6
1,33,2023-08-15T18:52:53.093Z,318,7
4,5,2023-08-15T18:52:53.093Z,187,2
6,10,2023-08-15T18:52:53.093Z,346,8
8,2,2023-08-15T18:52:53.093Z,160,2
18,17,2023-08-15T18:52:53.093Z,339,3
19,18,2023-08-15T18:52:53.093Z,273,7
23,24,2023-08-15T18:52:53.093Z,190,14
27,34,2023-08-15T18:52:53.093Z,920,5
34,18,2023-08-15T18:52:53.093Z,78,7
3,5,2023-08-15T18:53:03.093Z,329,2
8,11,2023-08-15T18:53:03.093Z,863,2
10,5,2023-08-15T18:53:03.093Z,346,2
11,7,2023-08-15T18:53:03.093Z,504,8
14,17,2023-08-15T18:53:03.093Z,41,3
19,33,2023-08-15T18:53:03.093Z,418,7
20,26,2023-08-15T18:53:03.093Z,873,4
21,16,2023-08-15T18:53:03.093Z,754,9
26,27,2023-08-15T18:53:03.093Z,752,11
27,31,2023-08-15T18:53:03.093Z,55,5
29,27,2023-08-15T18:53:03.093Z,611,11
30,32,2023-08-15T18:53:03.093Z,870,12
32,34,2023-08-15T18:53:03.093Z,267,6
34,18,2023-08-15T18:53:03.093Z,260,7
6,7,2023-08-15T18:53:13.093Z,585,8
12,10,2023-08-15T18:53:13.093Z,58,8
14,12,2023-08-15T18:53:13.093Z,30,3
18,4,2023-08-15T18:53:13.093Z,828,3
23,24,2023-08-15T18:53:13.093Z,672,14
30,32,2023-08-15T18:53:13.093Z,214,12
13,14,2023-08-15T18:53:03.093Z,115,13
15,12,2023-08-15T18:53:03.093Z,497,3
17,23,2023-08-15T18:53:03.093Z,672,9
18,17,2023-08-15T18:53:03.093Z,633,3
22,34,2023-08-15T18:53:03.093Z,898,6
24,35,2023-08-15T18:53:03.093Z,190,4
2,3,2023-08-15T18:53:13.093Z,160,1
4,5,2023-08-15T18:53:13.093Z,757,2
7,6,2023-08-15T18:53:13.093Z,157,1
8,9,2023-08-15T18:53:13.093Z,676,2
10,11,2023-08-15T18:53:13.093Z,284,2
11,10,2023-08-15T18:53:13.093Z,458,8
16,19,2023-08-15T18:53:13.093Z,663,3
20,35,2023-08-15T18:53:13.093Z,810,4
27,31,2023-08-15T18:53:13.093Z,710,5
7,3,2023-08-15T18:53:23.093Z,300,1
10,9,2023-08-15T18:53:23.093Z,458,2
13,14,2023-08-15T18:53:23.093Z,926,13
16,12,2023-08-15T18:53:23.093Z,472,3
20,26,2023-08-15T18:53:23.093Z,382,4
21,16,2023-08-15T18:53:23.093Z,862,9
24,35,2023-08-15T18:53:23.093Z,672,4
25,24,2023-08-15T18:53:23.093Z,531,14
26,27,2023-08-15T18:53:23.093Z,975,11
27,31,2023-08-15T18:53:23.093Z,936,5
1,0,2023-08-15T18:53:33.093Z,241,7
2,6,2023-08-15T18:53:33.093Z,298,1
3,5,2023-08-15T18:53:33.093Z,755,2
7,6,2023-08-15T18:53:33.093Z,502,1
10,9,2023-08-15T18:53:33.093Z,58,2
12,7,2023-08-15T18:53:33.093Z,779,8
22,25,2023-08-15T18:53:33.093Z,171,6
24,26,2023-08-15T18:53:33.093Z,531,4
27,34,2023-08-15T18:53:33.093Z,268,5
32,34,2023-08-15T18:53:33.093Z,3,6
34,18,2023-08-15T18:53:13.093Z,320,7
1,0,2023-08-15T18:53:23.093Z,108,7
8,5,2023-08-15T18:53:23.093Z,378,2
11,7,2023-08-15T18:53:23.093Z,906,8
14,4,2023-08-15T18:53:23.093Z,14,3
17,16,2023-08-15T18:53:23.093Z,522,9
18,13,2023-08-15T18:53:23.093Z,507,3
29,27,2023-08-15T18:53:23.093Z,756,11
32,34,2023-08-15T18:53:23.093Z,727,6
34,33,2023-08-15T18:53:23.093Z,706,7
5,17,2023-08-15T18:53:33.093Z,788,3
9,14,2023-08-15T18:53:33.093Z,676,13
11,7,2023-08-15T18:53:33.093Z,863,8
13,14,2023-08-15T18:53:33.093Z,549,13
14,14,2023-08-15T18:53:33.093Z,297,3
16,19,2023-08-15T18:53:33.093Z,118,3
19,19,2023-08-15T18:53:33.093Z,663,7
20,26,2023-08-15T18:53:33.093Z,46,4
30,32,2023-08-15T18:53:33.093Z,570,12
34,0,2023-08-15T18:53:33.093Z,976,7
8,5,2023-08-15T18:55:23.093Z,592,2
13,14,2023-08-15T18:55:23.093Z,441,13
16,17,2023-08-15T18:55:23.093Z,815,3
23,15,2023-08-15T18:55:23.093Z,413,14
29,27,2023-08-15T18:55:23.093Z,917,11
33,28,2023-08-15T18:55:23.093Z,151,6
1,33,2023-08-15T18:55:33.093Z,357,7
4,5,2023-08-15T18:55:33.093Z,366,2
7,1,2023-08-15T18:55:33.093Z,787,1
17,16,2023-08-15T18:55:33.093Z,540,9
23,15,2023-08-15T18:55:33.093Z,633,14
6,10,2023-08-15T18:55:23.093Z,347,8
18,4,2023-08-15T18:55:23.093Z,954,3
26,27,2023-08-15T18:55:23.093Z,63,11
9,14,2023-08-15T18:55:33.093Z,522,13
11,7,2023-08-15T18:55:33.093Z,238,8
13,14,2023-08-15T18:55:33.093Z,273,13
27,34,2023-08-15T18:55:33.093Z,742,5
33,25,2023-08-15T18:55:33.093Z,673,6
1,18,2023-08-15T18:55:43.093Z,804,7
5,12,2023-08-15T18:55:43.093Z,14,3
7,6,2023-08-15T18:55:43.093Z,266,1
13,14,2023-08-15T18:55:43.093Z,78,13
17,16,2023-08-15T18:55:43.093Z,64,9
27,31,2023-08-15T18:55:43.093Z,124,5
34,33,2023-08-15T18:55:43.093Z,450,7
1,33,2023-08-15T18:55:53.093Z,283,7
4,2,2023-08-15T18:55:53.093Z,225,2
6,10,2023-08-15T18:55:53.093Z,586,8
10,5,2023-08-15T18:55:53.093Z,300,2
26,27,2023-08-15T18:55:53.093Z,128,11
9,8,2023-08-15T18:55:53.093Z,347,13
15,4,2023-08-15T18:55:53.093Z,316,3
30,32,2023-08-15T18:55:53.093Z,151,12
1,0,2023-08-15T18:56:03.093Z,631,7
8,2,2023-08-15T18:56:03.093Z,347,2
10,11,2023-08-15T18:56:03.093Z,550,2
33,25,2023-08-15T18:56:03.093Z,103,6
9,8,2023-08-15T18:56:13.093Z,670,13
12,10,2023-08-15T18:56:13.093Z,162,8
14,19,2023-08-15T18:56:13.093Z,297,3
16,19,2023-08-15T18:56:13.093Z,713,3
18,13,2023-08-15T18:56:13.093Z,155,3
10,5,2023-08-15T18:55:23.093Z,976,2
17,16,2023-08-15T18:55:23.093Z,757,9
24,35,2023-08-15T18:55:23.093Z,417,4
32,21,2023-08-15T18:55:23.093Z,142,6
3,5,2023-08-15T18:55:33.093Z,660,2
8,5,2023-08-15T18:55:33.093Z,468,2
12,7,2023-08-15T18:55:33.093Z,589,8
20,26,2023-08-15T18:55:33.093Z,206,4
28,30,2023-08-15T18:55:33.093Z,151,10
8,2,2023-08-15T18:54:03.093Z,586,2
20,35,2023-08-15T18:54:03.093Z,185,4
25,15,2023-08-15T18:54:03.093Z,64,14
27,34,2023-08-15T18:54:03.093Z,215,5
35,29,2023-08-15T18:54:03.093Z,989,10
3,5,2023-08-15T18:54:13.093Z,352,2
7,1,2023-08-15T18:54:13.093Z,471,1
17,23,2023-08-15T18:54:13.093Z,413,9
18,20,2023-08-15T18:54:13.093Z,666,3
32,25,2023-08-15T18:54:13.093Z,548,6
34,18,2023-08-15T18:54:13.093Z,155,7
27,31,2023-08-15T18:54:23.093Z,973,5
29,27,2023-08-15T18:54:23.093Z,136,11
31,32,2023-08-15T18:54:23.093Z,55,12
1,33,2023-08-15T18:54:33.093Z,897,7
2,6,2023-08-15T18:54:33.093Z,300,1
10,9,2023-08-15T18:54:33.093Z,592,2
17,23,2023-08-15T18:54:33.093Z,601,9
29,27,2023-08-15T18:54:33.093Z,365,11
1,33,2023-08-15T18:54:43.093Z,662,7
33,25,2023-08-15T18:54:43.093Z,360,6
2,1,2023-08-15T18:54:53.093Z,896,1
7,3,2023-08-15T18:54:53.093Z,660,1
13,8,2023-08-15T18:54:53.093Z,762,13
17,23,2023-08-15T18:54:53.093Z,633,9
18,12,2023-08-15T18:54:53.093Z,260,3
26,27,2023-08-15T18:54:53.093Z,389,11
34,33,2023-08-15T18:54:53.093Z,895,7
14,20,2023-08-15T18:55:03.093Z,655,3
16,4,2023-08-15T18:55:03.093Z,522,3
24,35,2023-08-15T18:55:03.093Z,601,4
2,3,2023-08-15T18:54:13.093Z,828,1
4,5,2023-08-15T18:54:13.093Z,14,2
16,13,2023-08-15T18:55:13.093Z,862,3
24,26,2023-08-15T18:55:13.093Z,171,4
25,15,2023-08-15T18:55:13.093Z,979,14
5,17,2023-08-15T18:54:13.093Z,757,3
22,21,2023-08-15T18:54:13.093Z,995,6
27,34,2023-08-15T18:54:13.093Z,998,5
4,5,2023-08-15T18:54:23.093Z,53,2
7,6,2023-08-15T18:54:23.093Z,347,1
19,33,2023-08-15T18:54:23.093Z,663,7
4,5,2023-08-15T18:54:33.093Z,747,2
12,10,2023-08-15T18:54:33.093Z,682,8
26,27,2023-08-15T18:54:33.093Z,542,11
35,29,2023-08-15T18:54:33.093Z,433,10
12,7,2023-08-15T18:54:43.093Z,720,8
15,17,2023-08-15T18:54:43.093Z,64,3
18,13,2023-08-15T18:54:43.093Z,78,3
5,20,2023-08-15T18:54:53.093Z,755,3
14,20,2023-08-15T18:54:53.093Z,580,3
16,20,2023-08-15T18:54:53.093Z,754,3
27,34,2023-08-15T18:54:53.093Z,529,5
5,17,2023-08-15T18:55:03.093Z,160,3
8,5,2023-08-15T18:55:03.093Z,762,2
5,13,2023-08-15T18:55:13.093Z,346,3
17,22,2023-08-15T18:55:13.093Z,788,9
20,26,2023-08-15T18:55:13.093Z,596,4
32,34,2023-08-15T18:55:13.093Z,978,6
33,25,2023-08-15T18:55:13.093Z,74,6
9,14,2023-08-15T18:54:13.093Z,458,13
25,15,2023-08-15T18:54:13.093Z,807,14
3,5,2023-08-15T18:54:23.093Z,299,2
6,10,2023-08-15T18:54:23.093Z,502,8
12,7,2023-08-15T18:54:23.093Z,212,8
25,15,2023-08-15T18:54:23.093Z,316,14
7,1,2023-08-15T18:54:33.093Z,100,1
21,23,2023-08-15T18:54:33.093Z,417,9
27,34,2023-08-15T18:54:33.093Z,972,5
2,6,2023-08-15T18:54:43.093Z,586,1
13,14,2023-08-15T18:54:43.093Z,187,13
17,16,2023-08-15T18:54:43.093Z,41,9
34,34,2023-08-15T18:54:43.093Z,641,7
6,7,2023-08-15T18:54:53.093Z,108,8
15,17,2023-08-15T18:54:53.093Z,807,3
23,24,2023-08-15T18:54:53.093Z,601,14
1,1,2023-08-15T18:55:03.093Z,1,7
7,6,2023-08-15T18:55:03.093Z,276,1
34,0,2023-08-15T18:55:03.093Z,192,7
6,10,2023-08-15T18:55:13.093Z,976,8
27,34,2023-08-15T18:55:13.093Z,608,5
34,0,2023-08-15T18:55:13.093Z,670,7
0,3,2023-08-15T18:57:03.093Z,92,1
4,9,2023-08-15T18:57:03.093Z,741,2
7,3,2023-08-15T18:57:03.093Z,779,1
15,15,2023-08-15T18:57:03.093Z,360,3
2,1,2023-08-15T18:57:03.093Z,347,1
10,10,2023-08-15T18:57:03.093Z,162,2
11,7,2023-08-15T18:57:03.093Z,550,8
14,20,2023-08-15T18:57:03.093Z,187,3
16,19,2023-08-15T18:57:03.093Z,64,3
17,22,2023-08-15T18:57:03.093Z,333,9
27,34,2023-08-15T18:57:03.093Z,371,5
33,25,2023-08-15T18:57:03.093Z,28,6
1,33,2023-08-15T18:57:13.093Z,198,7
9,8,2023-08-15T18:57:13.093Z,741,13
11,7,2023-08-15T18:57:13.093Z,436,8
16,20,2023-08-15T18:57:13.093Z,807,3
17,23,2023-08-15T18:57:13.093Z,822,9
26,27,2023-08-15T18:57:13.093Z,538,11
27,34,2023-08-15T18:57:13.093Z,326,5
29,27,2023-08-15T18:57:13.093Z,734,11
34,0,2023-08-15T18:57:13.093Z,614,7
0,6,2023-08-15T18:57:23.093Z,931,1
2,3,2023-08-15T18:57:23.093Z,676,1
3,5,2023-08-15T18:57:23.093Z,779,2
5,12,2023-08-15T18:57:23.093Z,976,3
15,12,2023-08-15T18:57:23.093Z,160,3
16,19,2023-08-15T18:57:23.093Z,142,3
23,24,2023-08-15T18:57:23.093Z,703,14
9,14,2023-08-15T18:57:33.093Z,266,13
10,5,2023-08-15T18:57:33.093Z,162,2
12,7,2023-08-15T18:57:33.093Z,472,8
19,33,2023-08-15T18:57:33.093Z,118,7
20,26,2023-08-15T18:57:33.093Z,946,4
33,25,2023-08-15T18:57:33.093Z,318,6
35,30,2023-08-15T18:57:33.093Z,780,10
10,9,2023-08-15T18:57:43.093Z,30,2
17,23,2023-08-15T18:57:43.093Z,304,9
18,20,2023-08-15T18:57:43.093Z,970,3
21,22,2023-08-15T18:57:43.093Z,763,9
7,3,2023-08-15T18:57:53.093Z,720,1
9,8,2023-08-15T18:57:53.093Z,30,13
18,4,2023-08-15T18:57:53.093Z,679,3
20,35,2023-08-15T18:57:53.093Z,445,4
33,21,2023-08-15T18:57:53.093Z,706,6
0,6,2023-08-15T18:58:03.093Z,808,1
1,33,2023-08-15T18:58:03.093Z,328,7
21,16,2023-08-15T18:58:03.093Z,235,9
24,35,2023-08-15T18:58:03.093Z,304,4
1,0,2023-08-15T18:58:13.093Z,325,7
5,19,2023-08-15T18:58:13.093Z,300,3
12,7,2023-08-15T18:58:13.093Z,36,8
16,20,2023-08-15T18:58:13.093Z,926,3
17,22,2023-08-15T18:58:13.093Z,413,9
18,4,2023-08-15T18:58:13.093Z,715,3
17,16,2023-08-15T18:57:23.093Z,747,9
29,27,2023-08-15T18:58:13.093Z,638,11
25,24,2023-08-15T18:57:23.093Z,103,14
32,21,2023-08-15T18:57:23.093Z,763,6
33,28,2023-08-15T18:57:23.093Z,761,6
11,7,2023-08-15T18:58:23.093Z,504,8
13,14,2023-08-15T18:58:23.093Z,592,13
26,27,2023-08-15T18:58:23.093Z,560,11
16,19,2023-08-15T18:57:33.093Z,702,3
28,30,2023-08-15T18:58:23.093Z,320,10
33,28,2023-08-15T18:58:23.093Z,663,6
5,4,2023-08-15T18:58:33.093Z,586,3
7,3,2023-08-15T18:58:33.093Z,238,1
14,17,2023-08-15T18:58:33.093Z,937,3
15,17,2023-08-15T18:58:33.093Z,826,3
22,34,2023-08-15T18:57:03.093Z,815,6
24,35,2023-08-15T18:57:03.093Z,674,4
30,32,2023-08-15T18:57:03.093Z,904,12
32,25,2023-08-15T18:57:03.093Z,193,6
34,18,2023-08-15T18:57:03.093Z,715,7
2,1,2023-08-15T18:57:13.093Z,585,1
3,2,2023-08-15T18:57:13.093Z,92,2
6,7,2023-08-15T18:57:13.093Z,56,8
7,7,2023-08-15T18:57:13.093Z,284,1
3,2,2023-08-15T18:55:43.093Z,965,2
12,10,2023-08-15T18:55:43.093Z,550,8
18,17,2023-08-15T18:55:43.093Z,333,3
0,3,2023-08-15T18:55:53.093Z,670,1
5,13,2023-08-15T18:55:53.093Z,299,3
14,4,2023-08-15T18:55:53.093Z,676,3
18,4,2023-08-15T18:55:53.093Z,741,3
27,34,2023-08-15T18:55:53.093Z,830,5
33,25,2023-08-15T18:55:53.093Z,674,6
35,29,2023-08-15T18:55:53.093Z,576,10
5,12,2023-08-15T18:56:03.093Z,53,3
11,7,2023-08-15T18:56:03.093Z,192,8
13,14,2023-08-15T18:56:03.093Z,346,13
17,16,2023-08-15T18:56:03.093Z,807,9
21,16,2023-08-15T18:56:03.093Z,142,9
35,29,2023-08-15T18:56:03.093Z,80,10
5,17,2023-08-15T18:56:13.093Z,747,3
13,14,2023-08-15T18:56:13.093Z,862,13
22,34,2023-08-15T18:56:13.093Z,788,6
33,25,2023-08-15T18:56:13.093Z,826,6
1,0,2023-08-15T18:56:23.093Z,739,7
4,2,2023-08-15T18:56:23.093Z,676,2
7,1,2023-08-15T18:56:23.093Z,15,1
10,5,2023-08-15T18:56:23.093Z,586,2
13,14,2023-08-15T18:56:23.093Z,937,13
2,1,2023-08-15T18:56:03.093Z,965,1
3,9,2023-08-15T18:56:03.093Z,670,2
7,3,2023-08-15T18:56:03.093Z,585,1
14,12,2023-08-15T18:56:03.093Z,549,3
18,17,2023-08-15T18:56:03.093Z,822,3
1,33,2023-08-15T18:56:13.093Z,336,7
6,10,2023-08-15T18:56:13.093Z,276,8
20,35,2023-08-15T18:56:13.093Z,571,4
21,16,2023-08-15T18:56:13.093Z,702,9
32,21,2023-08-15T18:56:13.093Z,32,6
0,6,2023-08-15T18:56:23.093Z,631,1
4,9,2023-08-15T18:55:23.093Z,522,2
7,3,2023-08-15T18:55:23.093Z,965,1
14,12,2023-08-15T18:55:23.093Z,115,3
21,22,2023-08-15T18:55:23.093Z,358,9
28,29,2023-08-15T18:55:23.093Z,636,10
34,18,2023-08-15T18:55:23.093Z,304,7
5,20,2023-08-15T18:55:33.093Z,352,3
10,9,2023-08-15T18:55:33.093Z,347,2
14,17,2023-08-15T18:55:33.093Z,926,3
25,15,2023-08-15T18:55:33.093Z,360,14
0,3,2023-08-15T18:55:43.093Z,192,1
6,10,2023-08-15T18:55:43.093Z,300,8
16,13,2023-08-15T18:55:43.093Z,929,3
32,21,2023-08-15T18:55:43.093Z,702,6
3,11,2023-08-15T18:55:53.093Z,192,2
7,3,2023-08-15T18:55:53.093Z,504,1
16,4,2023-08-15T18:55:53.093Z,436,3
25,24,2023-08-15T18:55:53.093Z,74,14
29,27,2023-08-15T18:55:53.093Z,579,11
34,33,2023-08-15T18:55:53.093Z,251,7
4,11,2023-08-15T18:56:03.093Z,954,2
6,10,2023-08-15T18:56:03.093Z,524,8
12,7,2023-08-15T18:56:03.093Z,420,8
16,20,2023-08-15T18:56:03.093Z,41,3
20,26,2023-08-15T18:56:03.093Z,54,4
34,18,2023-08-15T18:56:03.093Z,172,7
3,9,2023-08-15T18:56:13.093Z,504,2
7,1,2023-08-15T18:56:13.093Z,906,1
17,23,2023-08-15T18:56:13.093Z,160,9
25,24,2023-08-15T18:56:13.093Z,674,14
34,33,2023-08-15T18:56:13.093Z,797,7
3,2,2023-08-15T18:56:23.093Z,585,2
5,13,2023-08-15T18:56:23.093Z,502,3
8,11,2023-08-15T18:56:23.093Z,670,2
12,7,2023-08-15T18:56:23.093Z,120,8
14,17,2023-08-15T18:56:23.093Z,58,3
17,22,2023-08-15T18:56:23.093Z,320,9
27,34,2023-08-15T18:56:23.093Z,728,5
35,30,2023-08-15T18:56:23.093Z,704,10
12,7,2023-08-15T18:56:33.093Z,291,8
15,4,2023-08-15T18:56:33.093Z,979,3
16,13,2023-08-15T18:56:33.093Z,757,3
18,17,2023-08-15T18:56:33.093Z,304,3
22,21,2023-08-15T18:56:33.093Z,188,6
32,34,2023-08-15T18:56:33.093Z,951,6
2,6,2023-08-15T18:56:43.093Z,225,1
6,10,2023-08-15T18:56:43.093Z,266,8
7,6,2023-08-15T18:56:43.093Z,863,1
32,25,2023-08-15T18:56:43.093Z,150,6
15,19,2023-08-15T18:56:53.093Z,633,3
32,25,2023-08-15T18:56:53.093Z,925,6
33,21,2023-08-15T18:56:53.093Z,204,6
34,0,2023-08-15T18:56:53.093Z,931,7
33,21,2023-08-15T18:56:23.093Z,703,6
11,7,2023-08-15T18:56:33.093Z,670,8
26,27,2023-08-15T18:56:33.093Z,210,11
10,5,2023-08-15T18:56:43.093Z,682,2
12,10,2023-08-15T18:56:43.093Z,497,8
15,17,2023-08-15T18:56:43.093Z,413,3
17,16,2023-08-15T18:56:43.093Z,926,9
18,12,2023-08-15T18:56:23.093Z,426,3
21,16,2023-08-15T18:56:23.093Z,995,9
23,15,2023-08-15T18:56:23.093Z,160,14
32,25,2023-08-15T18:56:23.093Z,132,6
9,8,2023-08-15T18:56:33.093Z,504,13
10,2,2023-08-15T18:56:33.093Z,524,2
21,16,2023-08-15T18:56:33.093Z,32,9
29,27,2023-08-15T18:56:33.093Z,239,11
4,5,2023-08-15T18:56:43.093Z,316,2
11,7,2023-08-15T18:56:43.093Z,954,8
21,23,2023-08-15T18:56:43.093Z,703,9
0,6,2023-08-15T18:56:53.093Z,739,1
4,11,2023-08-15T18:56:53.093Z,436,2
14,20,2023-08-15T18:56:53.093Z,458,3
26,27,2023-08-15T18:56:53.093Z,686,11
5,20,2023-08-15T18:56:33.093Z,762,3
14,20,2023-08-15T18:56:33.093Z,507,3
27,31,2023-08-15T18:56:33.093Z,34,5
5,13,2023-08-15T18:56:43.093Z,592,3
22,25,2023-08-15T18:56:43.093Z,358,6
1,0,2023-08-15T18:56:33.093Z,92,7
13,14,2023-08-15T18:56:33.093Z,929,13
35,30,2023-08-15T18:56:33.093Z,904,10
6,7,2023-08-15T18:56:53.093Z,631,8
21,16,2023-08-15T18:56:53.093Z,188,9
34,18,2023-08-15T18:56:23.093Z,970,7
17,22,2023-08-15T18:56:33.093Z,815,9
24,26,2023-08-15T18:56:33.093Z,74,4
33,21,2023-08-15T18:56:33.093Z,693,6
34,18,2023-08-15T18:56:33.093Z,679,7
14,12,2023-08-15T18:56:43.093Z,582,3
27,34,2023-08-15T18:56:43.093Z,425,5
33,25,2023-08-15T18:56:43.093Z,878,6
34,18,2023-08-15T18:56:43.093Z,772,7
35,29,2023-08-15T18:56:43.093Z,632,10
10,5,2023-08-15T18:56:53.093Z,276,2
16,12,2023-08-15T18:56:53.093Z,540,3
30,32,2023-08-15T18:56:53.093Z,704,12
5,19,2023-08-15T18:58:43.093Z,316,3
7,1,2023-08-15T18:58:43.093Z,589,1
30,32,2023-08-15T18:58:43.093Z,474,12
1,18,2023-08-15T18:58:53.093Z,627,7
5,4,2023-08-15T18:58:53.093Z,682,3
16,13,2023-08-15T18:58:53.093Z,204,3
30,32,2023-08-15T18:58:53.093Z,663,12
33,25,2023-08-15T18:58:53.093Z,895,6
4,11,2023-08-15T18:59:03.093Z,715,2
6,10,2023-08-15T18:59:03.093Z,980,8
13,8,2023-08-15T18:59:03.093Z,32,13
14,17,2023-08-15T18:59:03.093Z,266,3
16,19,2023-08-15T18:59:03.093Z,339,3
27,31,2023-08-15T18:59:03.093Z,376,5
34,34,2023-08-15T18:59:03.093Z,9,7
2,1,2023-08-15T18:59:13.093Z,720,1
5,17,2023-08-15T18:59:13.093Z,779,3
12,7,2023-08-15T18:59:13.093Z,526,8
19,33,2023-08-15T18:59:13.093Z,994,7
26,27,2023-08-15T18:59:13.093Z,306,11
27,34,2023-08-15T18:59:13.093Z,486,5
35,29,2023-08-15T18:59:13.093Z,439,10
7,6,2023-08-15T18:59:23.093Z,120,1
15,17,2023-08-15T18:59:23.093Z,661,3
0,3,2023-08-15T18:58:43.093Z,325,1
12,10,2023-08-15T18:58:43.093Z,115,8
16,19,2023-08-15T18:58:43.093Z,747,3
10,9,2023-08-15T18:57:13.093Z,266,2
21,16,2023-08-15T18:57:13.093Z,693,9
7,1,2023-08-15T18:57:23.093Z,298,1
12,10,2023-08-15T18:57:23.093Z,30,8
27,34,2023-08-15T18:57:23.093Z,469,5
34,33,2023-08-15T18:57:23.093Z,789,7
35,29,2023-08-15T18:57:23.093Z,234,10
6,10,2023-08-15T18:57:33.093Z,863,8
8,2,2023-08-15T18:57:33.093Z,741,2
26,27,2023-08-15T18:57:33.093Z,691,11
29,27,2023-08-15T18:57:33.093Z,948,11
3,5,2023-08-15T18:57:43.093Z,676,2
5,17,2023-08-15T18:57:43.093Z,660,3
23,24,2023-08-15T18:57:43.093Z,822,14
24,26,2023-08-15T18:57:43.093Z,103,4
33,25,2023-08-15T18:57:43.093Z,418,6
21,23,2023-08-15T18:57:53.093Z,661,9
22,21,2023-08-15T18:57:53.093Z,333,6
8,11,2023-08-15T18:58:03.093Z,504,2
13,8,2023-08-15T18:58:03.093Z,502,13
14,20,2023-08-15T18:58:03.093Z,78,3
25,15,2023-08-15T18:58:03.093Z,150,14
27,34,2023-08-15T18:58:03.093Z,551,5
6,7,2023-08-15T18:57:23.093Z,225,8
10,9,2023-08-15T18:57:23.093Z,497,2
10,5,2023-08-15T18:58:13.093Z,157,2
14,13,2023-08-15T18:57:23.093Z,522,3
13,14,2023-08-15T18:58:13.093Z,757,13
18,20,2023-08-15T18:57:23.093Z,804,3
21,16,2023-08-15T18:57:23.093Z,204,9
1,0,2023-08-15T18:57:33.093Z,808,7
1,33,2023-08-15T18:58:23.093Z,588,7
6,10,2023-08-15T18:58:23.093Z,931,8
7,1,2023-08-15T18:57:33.093Z,278,1
7,6,2023-08-15T18:58:23.093Z,980,1
12,7,2023-08-15T18:58:23.093Z,578,8
17,22,2023-08-15T18:58:23.093Z,561,9
14,20,2023-08-15T18:57:33.093Z,273,3
18,17,2023-08-15T18:57:33.093Z,172,3
24,26,2023-08-15T18:57:33.093Z,703,4
29,27,2023-08-15T18:58:23.093Z,847,11
34,18,2023-08-15T18:58:23.093Z,434,7
25,15,2023-08-15T18:57:33.093Z,826,14
27,31,2023-08-15T18:57:33.093Z,464,5
28,30,2023-08-15T18:58:33.093Z,663,10
29,27,2023-08-15T18:58:33.093Z,4,11
30,32,2023-08-15T18:58:33.093Z,320,12
34,18,2023-08-15T18:58:33.093Z,274,7
9,14,2023-08-15T18:57:43.093Z,497,13
13,13,2023-08-15T18:57:43.093Z,299,13
29,27,2023-08-15T18:57:43.093Z,800,11
34,18,2023-08-15T18:57:43.093Z,506,7
1,33,2023-08-15T18:57:53.093Z,50,7
5,20,2023-08-15T18:57:53.093Z,366,3
13,14,2023-08-15T18:57:53.093Z,155,13
16,17,2023-08-15T18:57:53.093Z,995,3
24,35,2023-08-15T18:57:53.093Z,822,4
27,31,2023-08-15T18:57:53.093Z,302,5
35,30,2023-08-15T18:57:53.093Z,872,10
5,4,2023-08-15T18:58:03.093Z,468,3
16,13,2023-08-15T18:58:03.093Z,32,3
18,12,2023-08-15T18:58:03.093Z,772,3
22,21,2023-08-15T18:58:03.093Z,829,6
32,34,2023-08-15T18:58:03.093Z,281,6
6,7,2023-08-15T18:58:13.093Z,739,8
14,17,2023-08-15T18:58:13.093Z,346,3
25,15,2023-08-15T18:58:13.093Z,878,14
27,31,2023-08-15T18:58:13.093Z,129,5
30,32,2023-08-15T18:58:13.093Z,780,12
33,25,2023-08-15T18:58:13.093Z,67,6
14,4,2023-08-15T18:58:23.093Z,862,3
27,31,2023-08-15T18:58:23.093Z,996,5
32,32,2023-08-15T18:58:23.093Z,214,6
4,5,2023-08-15T18:58:33.093Z,679,2
10,9,2023-08-15T18:58:33.093Z,931,2
19,18,2023-08-15T18:58:33.093Z,297,7
27,34,2023-08-15T18:58:33.093Z,963,5
33,25,2023-08-15T18:58:33.093Z,897,6
2,1,2023-08-15T18:57:43.093Z,524,1
12,12,2023-08-15T18:57:43.093Z,329,8
25,15,2023-08-15T18:57:43.093Z,132,14
32,21,2023-08-15T18:57:43.093Z,235,6
0,3,2023-08-15T18:57:53.093Z,614,1
2,6,2023-08-15T18:57:53.093Z,92,1
6,10,2023-08-15T18:57:53.093Z,157,8
15,17,2023-08-15T18:57:53.093Z,360,3
23,24,2023-08-15T18:57:53.093Z,304,14
25,15,2023-08-15T18:57:53.093Z,358,14
32,21,2023-08-15T18:57:53.093Z,987,6
2,3,2023-08-15T18:58:03.093Z,741,1
7,3,2023-08-15T18:58:03.093Z,108,1
17,16,2023-08-15T18:58:03.093Z,339,9
20,35,2023-08-15T18:58:03.093Z,308,4
23,15,2023-08-15T18:58:03.093Z,661,14
33,25,2023-08-15T18:58:03.093Z,139,6
7,1,2023-08-15T18:58:13.093Z,828,1
22,28,2023-08-15T18:58:13.093Z,320,6
26,27,2023-08-15T18:58:13.093Z,462,11
28,29,2023-08-15T18:58:13.093Z,761,10
32,21,2023-08-15T18:58:13.093Z,870,6
35,29,2023-08-15T18:58:13.093Z,604,10
16,19,2023-08-15T18:58:23.093Z,188,3
30,32,2023-08-15T18:58:23.093Z,872,12
35,30,2023-08-15T18:58:23.093Z,474,10
8,9,2023-08-15T18:58:33.093Z,502,2
12,12,2023-08-15T18:58:33.093Z,260,8
25,24,2023-08-15T18:58:33.093Z,193,14
32,34,2023-08-15T18:58:33.093Z,570,6
3,9,2023-08-15T19:25:33.093Z,787,2
6,10,2023-08-15T19:25:33.093Z,489,8
9,14,2023-08-15T19:25:33.093Z,525,13
18,12,2023-08-15T19:25:33.093Z,167,3
21,22,2023-08-15T19:25:33.093Z,249,9
24,35,2023-08-15T19:25:33.093Z,452,4
24,26,2023-08-15T19:25:43.093Z,406,4
7,1,2023-08-15T19:25:53.093Z,690,1
20,35,2023-08-15T19:25:53.093Z,995,4
22,25,2023-08-15T19:25:53.093Z,838,6
26,27,2023-08-15T19:25:53.093Z,873,11
1,18,2023-08-15T19:26:03.093Z,298,7
2,3,2023-08-15T19:26:03.093Z,90,1
18,4,2023-08-15T19:26:03.093Z,937,3
29,27,2023-08-15T19:26:03.093Z,1,11
33,21,2023-08-15T19:26:03.093Z,361,6
16,13,2023-08-15T19:26:13.093Z,464,3
25,15,2023-08-15T19:26:13.093Z,173,14
27,34,2023-08-15T19:26:13.093Z,752,5
30,32,2023-08-15T19:25:33.093Z,750,12
34,33,2023-08-15T19:25:33.093Z,361,7
7,3,2023-08-15T19:25:43.093Z,658,1
12,7,2023-08-15T19:25:43.093Z,355,8
20,26,2023-08-15T19:25:43.093Z,274,4
26,27,2023-08-15T19:25:43.093Z,164,11
29,27,2023-08-15T19:25:43.093Z,670,11
32,25,2023-08-15T19:25:43.093Z,423,6
3,5,2023-08-15T19:25:53.093Z,658,2
5,17,2023-08-15T19:25:53.093Z,8,3
10,2,2023-08-15T19:25:53.093Z,90,2
15,12,2023-08-15T19:25:53.093Z,790,3
10,5,2023-08-15T19:26:03.093Z,325,2
23,15,2023-08-15T19:26:03.093Z,356,14
24,35,2023-08-15T19:26:03.093Z,339,4
27,31,2023-08-15T19:26:03.093Z,607,5
32,21,2023-08-15T19:26:03.093Z,78,6
13,14,2023-08-15T19:26:13.093Z,79,13
31,32,2023-08-15T19:26:13.093Z,775,12
32,34,2023-08-15T19:26:13.093Z,801,6
3,5,2023-08-15T19:26:23.093Z,90,2
6,7,2023-08-15T19:26:23.093Z,986,8
10,9,2023-08-15T19:26:23.093Z,805,2
15,12,2023-08-15T19:26:23.093Z,356,3
27,34,2023-08-15T19:26:23.093Z,611,5
5,20,2023-08-15T19:26:33.093Z,646,3
14,4,2023-08-15T19:26:33.093Z,525,3
25,15,2023-08-15T19:26:33.093Z,838,14
29,27,2023-08-15T19:26:33.093Z,403,11
10,5,2023-08-15T19:26:43.093Z,631,2
25,15,2023-08-15T19:26:43.093Z,138,14
7,3,2023-08-15T19:26:53.093Z,435,1
9,14,2023-08-15T19:26:53.093Z,119,13
22,34,2023-08-15T18:58:43.093Z,763,6
25,24,2023-08-15T18:58:43.093Z,28,14
33,21,2023-08-15T18:58:43.093Z,662,6
9,14,2023-08-15T18:58:53.093Z,931,13
12,7,2023-08-15T18:58:53.093Z,14,8
14,19,2023-08-15T18:58:53.093Z,929,3
21,23,2023-08-15T18:58:53.093Z,333,9
8,2,2023-08-15T18:59:03.093Z,522,2
1,0,2023-08-15T18:59:13.093Z,962,7
8,5,2023-08-15T18:59:13.093Z,32,2
13,14,2023-08-15T18:59:13.093Z,204,13
17,16,2023-08-15T18:59:13.093Z,660,9
32,21,2023-08-15T18:59:13.093Z,151,6
1,0,2023-08-15T18:59:23.093Z,701,7
5,13,2023-08-15T18:59:23.093Z,162,3
16,12,2023-08-15T18:59:23.093Z,987,3
13,14,2023-08-15T18:59:33.093Z,162,13
32,28,2023-08-15T18:59:33.093Z,904,6
34,18,2023-08-15T18:59:33.093Z,191,7
12,10,2023-08-15T18:59:43.093Z,921,8
25,15,2023-08-15T18:59:43.093Z,67,14
0,6,2023-08-15T18:59:53.093Z,962,1
7,3,2023-08-15T18:59:53.093Z,954,1
23,15,2023-08-15T18:59:53.093Z,346,14
32,25,2023-08-15T18:59:53.093Z,872,6
35,30,2023-08-15T18:59:53.093Z,672,10
27,34,2023-08-15T18:59:23.093Z,712,5
32,34,2023-08-15T18:59:23.093Z,704,6
34,33,2023-08-15T18:59:23.093Z,158,7
5,17,2023-08-15T18:59:33.093Z,676,3
24,26,2023-08-15T18:59:33.093Z,28,4
33,25,2023-08-15T18:59:33.093Z,283,6
3,9,2023-08-15T18:59:43.093Z,108,2
19,33,2023-08-15T18:59:43.093Z,633,7
35,30,2023-08-15T18:59:43.093Z,518,10
1,18,2023-08-15T18:59:53.093Z,314,7
22,34,2023-08-15T18:59:53.093Z,561,6
30,32,2023-08-15T18:59:53.093Z,518,12
34,18,2023-08-15T18:59:53.093Z,778,7
16,19,2023-08-15T19:00:03.093Z,660,3
18,17,2023-08-15T19:00:03.093Z,274,3
25,15,2023-08-15T19:00:03.093Z,895,14
30,32,2023-08-15T19:00:03.093Z,672,12
9,14,2023-08-15T19:00:13.093Z,108,13
4,5,2023-08-15T18:58:43.093Z,979,2
9,14,2023-08-15T18:58:43.093Z,502,13
20,26,2023-08-15T18:58:43.093Z,696,4
27,34,2023-08-15T18:58:43.093Z,447,5
35,30,2023-08-15T18:58:43.093Z,836,10
6,10,2023-08-15T18:58:53.093Z,808,8
13,14,2023-08-15T18:58:53.093Z,299,13
18,17,2023-08-15T18:58:53.093Z,506,3
32,34,2023-08-15T18:58:53.093Z,899,6
5,17,2023-08-15T18:59:03.093Z,276,3
10,5,2023-08-15T18:59:03.093Z,115,2
21,16,2023-08-15T18:59:03.093Z,987,9
23,15,2023-08-15T18:59:03.093Z,333,14
33,25,2023-08-15T18:59:03.093Z,357,6
11,7,2023-08-15T18:59:13.093Z,715,8
20,35,2023-08-15T18:59:13.093Z,256,4
25,24,2023-08-15T18:59:13.093Z,318,14
30,32,2023-08-15T18:59:13.093Z,836,12
34,33,2023-08-15T18:59:13.093Z,438,7
10,2,2023-08-15T18:59:23.093Z,980,2
21,16,2023-08-15T18:59:23.093Z,829,9
35,29,2023-08-15T18:59:23.093Z,190,10
7,6,2023-08-15T18:59:33.093Z,670,1
14,17,2023-08-15T18:59:33.093Z,497,3
25,24,2023-08-15T18:59:33.093Z,139,14
35,29,2023-08-15T18:59:33.093Z,810,10
7,6,2023-08-15T18:59:43.093Z,291,1
10,5,2023-08-15T19:00:03.093Z,808,2
17,16,2023-08-15T19:00:03.093Z,937,9
24,35,2023-08-15T19:00:03.093Z,139,4
28,30,2023-08-15T19:00:03.093Z,904,10
35,30,2023-08-15T19:00:03.093Z,185,10
10,9,2023-08-15T19:00:13.093Z,921,2
6,7,2023-08-15T18:58:43.093Z,241,8
13,8,2023-08-15T18:58:43.093Z,522,13
24,26,2023-08-15T18:58:43.093Z,193,4
32,34,2023-08-15T18:58:43.093Z,344,6
3,5,2023-08-15T18:58:53.093Z,614,2
10,5,2023-08-15T18:58:53.093Z,863,2
15,12,2023-08-15T18:58:53.093Z,132,3
24,24,2023-08-15T18:58:53.093Z,28,4
3,2,2023-08-15T18:59:03.093Z,720,2
7,1,2023-08-15T18:59:03.093Z,420,1
15,4,2023-08-15T18:59:03.093Z,358,3
22,21,2023-08-15T18:59:03.093Z,413,6
32,25,2023-08-15T18:59:03.093Z,55,6
3,5,2023-08-15T18:59:13.093Z,741,2
16,4,2023-08-15T18:59:13.093Z,235,3
21,22,2023-08-15T18:59:13.093Z,706,9
29,27,2023-08-15T18:59:13.093Z,850,11
33,21,2023-08-15T18:59:13.093Z,450,6
2,1,2023-08-15T18:59:23.093Z,522,1
17,16,2023-08-15T18:59:23.093Z,360,9
25,25,2023-08-15T18:59:23.093Z,418,14
4,11,2023-08-15T18:59:33.093Z,862,2
12,10,2023-08-15T18:59:33.093Z,549,8
17,23,2023-08-15T18:59:33.093Z,995,9
29,27,2023-08-15T18:59:33.093Z,907,11
2,3,2023-08-15T18:59:43.093Z,980,1
17,23,2023-08-15T18:59:43.093Z,346,9
21,16,2023-08-15T18:59:43.093Z,140,9
33,28,2023-08-15T18:59:43.093Z,251,6
3,2,2023-08-15T18:59:53.093Z,238,2
10,9,2023-08-15T18:59:53.093Z,549,2
24,35,2023-08-15T18:59:53.093Z,318,4
27,34,2023-08-15T18:59:53.093Z,399,5
0,3,2023-08-15T19:00:03.093Z,701,1
6,10,2023-08-15T19:00:03.093Z,120,8
11,7,2023-08-15T19:00:03.093Z,586,8
19,0,2023-08-15T19:00:03.093Z,142,7
21,22,2023-08-15T19:00:03.093Z,870,9
33,28,2023-08-15T19:00:03.093Z,797,6
2,6,2023-08-15T19:00:13.093Z,238,1
7,1,2023-08-15T19:00:13.093Z,550,1
12,7,2023-08-15T19:00:13.093Z,540,8
16,12,2023-08-15T19:00:13.093Z,360,3
21,22,2023-08-15T19:00:13.093Z,662,9
30,32,2023-08-15T19:00:13.093Z,904,12
34,0,2023-08-15T19:00:13.093Z,245,7
25,15,2023-08-15T19:00:13.093Z,55,14
35,30,2023-08-15T19:00:13.093Z,859,10
11,7,2023-08-15T18:59:43.093Z,862,8
18,12,2023-08-15T18:59:43.093Z,434,3
23,15,2023-08-15T18:59:43.093Z,995,14
34,18,2023-08-15T18:59:43.093Z,457,7
4,11,2023-08-15T18:59:53.093Z,586,2
18,13,2023-08-15T18:59:53.093Z,297,3
25,15,2023-08-15T18:59:53.093Z,897,14
33,21,2023-08-15T18:59:53.093Z,336,6
3,11,2023-08-15T19:00:03.093Z,325,2
7,3,2023-08-15T19:00:03.093Z,631,1
12,7,2023-08-15T19:00:03.093Z,582,8
20,26,2023-08-15T19:00:03.093Z,5,4
26,27,2023-08-15T19:00:03.093Z,791,11
34,18,2023-08-15T19:00:03.093Z,253,7
4,9,2023-08-15T19:00:13.093Z,682,2
11,10,2023-08-15T19:00:13.093Z,325,8
13,14,2023-08-15T19:00:13.093Z,297,13
18,12,2023-08-15T19:00:13.093Z,627,3
27,31,2023-08-15T19:00:13.093Z,853,5
33,28,2023-08-15T19:00:13.093Z,198,6
17,22,2023-08-15T19:00:13.093Z,826,9
32,34,2023-08-15T19:00:13.093Z,214,6
3,9,2023-08-15T19:00:23.093Z,980,2
9,8,2023-08-15T19:00:23.093Z,549,13
17,22,2023-08-15T19:00:23.093Z,506,9
21,16,2023-08-15T19:00:23.093Z,413,9
29,27,2023-08-15T19:00:23.093Z,629,11
3,2,2023-08-15T19:00:33.093Z,954,2
5,19,2023-08-15T19:00:33.093Z,157,3
8,2,2023-08-15T19:00:33.093Z,549,2
12,7,2023-08-15T19:00:33.093Z,976,8
16,12,2023-08-15T19:00:33.093Z,140,3
22,34,2023-08-15T19:00:33.093Z,870,6
26,27,2023-08-15T19:00:33.093Z,854,11
28,30,2023-08-15T19:00:33.093Z,198,10
32,34,2023-08-15T19:00:33.093Z,320,6
35,30,2023-08-15T19:00:33.093Z,417,10
21,23,2023-08-15T19:00:43.093Z,450,9
25,15,2023-08-15T19:00:43.093Z,418,14
32,21,2023-08-15T19:00:43.093Z,474,6
35,30,2023-08-15T19:00:43.093Z,571,10
3,9,2023-08-15T19:00:53.093Z,631,2
12,7,2023-08-15T19:00:53.093Z,329,8
15,17,2023-08-15T19:00:53.093Z,548,3
21,16,2023-08-15T19:00:53.093Z,336,9
27,31,2023-08-15T19:00:53.093Z,98,5
4,9,2023-08-15T19:00:23.093Z,358,2
10,5,2023-08-15T19:00:23.093Z,120,2
18,17,2023-08-15T19:00:23.093Z,191,3
26,27,2023-08-15T19:00:23.093Z,443,11
30,32,2023-08-15T19:00:23.093Z,185,12
4,11,2023-08-15T19:00:33.093Z,235,2
9,14,2023-08-15T19:00:33.093Z,682,13
19,33,2023-08-15T19:00:33.093Z,300,7
27,31,2023-08-15T19:00:33.093Z,559,5
33,25,2023-08-15T19:00:33.093Z,789,6
5,13,2023-08-15T19:00:43.093Z,679,3
6,10,2023-08-15T19:00:23.093Z,670,8
12,7,2023-08-15T19:00:23.093Z,583,8
19,18,2023-08-15T19:00:23.093Z,64,7
27,31,2023-08-15T19:00:23.093Z,453,5
34,33,2023-08-15T19:00:23.093Z,449,7
4,5,2023-08-15T19:00:43.093Z,468,2
6,10,2023-08-15T19:00:43.093Z,291,8
10,9,2023-08-15T19:00:43.093Z,325,2
12,7,2023-08-15T19:00:43.093Z,160,8
15,13,2023-08-15T19:00:43.093Z,878,3
17,22,2023-08-15T19:00:43.093Z,276,9
19,18,2023-08-15T19:00:43.093Z,188,7
6,10,2023-08-15T19:00:53.093Z,962,8
17,22,2023-08-15T19:00:53.093Z,266,9
19,33,2023-08-15T19:00:53.093Z,316,7
25,15,2023-08-15T19:00:53.093Z,283,14
29,27,2023-08-15T19:00:53.093Z,327,11
7,1,2023-08-15T19:00:23.093Z,56,1
16,17,2023-08-15T19:00:23.093Z,829,3
20,35,2023-08-15T19:00:23.093Z,424,4
28,29,2023-08-15T19:00:23.093Z,797,10
1,33,2023-08-15T19:00:33.093Z,760,7
7,6,2023-08-15T19:00:33.093Z,436,1
15,13,2023-08-15T19:00:33.093Z,150,3
25,24,2023-08-15T19:00:33.093Z,925,14
30,32,2023-08-15T19:00:33.093Z,859,12
3,9,2023-08-15T19:00:43.093Z,701,2
9,14,2023-08-15T19:00:43.093Z,921,13
11,7,2023-08-15T19:00:43.093Z,235,8
16,12,2023-08-15T19:00:43.093Z,937,3
20,26,2023-08-15T19:00:43.093Z,657,4
27,34,2023-08-15T19:00:43.093Z,19,5
2,6,2023-08-15T19:00:53.093Z,954,1
10,5,2023-08-15T19:00:53.093Z,670,2
16,20,2023-08-15T19:00:53.093Z,413,3
20,35,2023-08-15T19:00:53.093Z,252,4
26,27,2023-08-15T19:00:53.093Z,127,11
32,21,2023-08-15T19:00:53.093Z,663,6
34,18,2023-08-15T19:00:53.093Z,845,7
1,0,2023-08-15T19:01:03.093Z,319,7
7,1,2023-08-15T19:01:03.093Z,284,1
10,2,2023-08-15T19:01:03.093Z,291,2
18,13,2023-08-15T19:01:03.093Z,778,3
22,25,2023-08-15T19:01:03.093Z,662,6
27,34,2023-08-15T19:01:03.093Z,236,5
29,27,2023-08-15T19:01:03.093Z,401,11
32,21,2023-08-15T19:01:03.093Z,130,6
34,18,2023-08-15T19:01:03.093Z,603,7
0,3,2023-08-15T19:01:13.093Z,142,1
5,20,2023-08-15T19:01:13.093Z,614,3
7,1,2023-08-15T19:01:13.093Z,225,1
9,8,2023-08-15T19:01:13.093Z,358,13
13,14,2023-08-15T19:01:13.093Z,150,13
17,22,2023-08-15T19:01:13.093Z,661,9
20,35,2023-08-15T19:01:13.093Z,894,4
22,28,2023-08-15T19:01:13.093Z,506,6
29,27,2023-08-15T19:01:13.093Z,394,11
34,18,2023-08-15T19:01:13.093Z,110,7
10,9,2023-08-15T19:01:23.093Z,238,2
21,22,2023-08-15T19:01:23.093Z,118,9
0,6,2023-08-15T19:01:33.093Z,319,1
9,14,2023-08-15T19:01:33.093Z,701,13
15,4,2023-08-15T19:01:33.093Z,67,3
25,15,2023-08-15T19:01:33.093Z,662,14
30,32,2023-08-15T19:01:33.093Z,674,12
34,18,2023-08-15T19:01:33.093Z,250,7
14,20,2023-08-15T19:00:43.093Z,155,3
18,4,2023-08-15T19:00:43.093Z,457,3
24,26,2023-08-15T19:00:43.093Z,925,4
33,21,2023-08-15T19:00:43.093Z,118,6
5,12,2023-08-15T19:00:53.093Z,979,3
14,19,2023-08-15T19:00:53.093Z,757,3
18,12,2023-08-15T19:00:53.093Z,314,3
22,28,2023-08-15T19:00:53.093Z,826,6
28,30,2023-08-15T19:00:53.093Z,251,10
33,21,2023-08-15T19:00:53.093Z,50,6
35,30,2023-08-15T19:00:53.093Z,674,10
2,2,2023-08-15T19:01:03.093Z,549,1
9,8,2023-08-15T19:01:03.093Z,980,13
17,22,2023-08-15T19:01:03.093Z,779,9
19,18,2023-08-15T19:01:03.093Z,747,7
26,27,2023-08-15T19:01:03.093Z,122,11
28,30,2023-08-15T19:01:03.093Z,826,10
30,32,2023-08-15T19:01:03.093Z,417,12
33,25,2023-08-15T19:01:03.093Z,328,6
35,29,2023-08-15T19:01:03.093Z,445,10
4,9,2023-08-15T19:01:13.093Z,457,2
6,10,2023-08-15T19:01:13.093Z,238,8
8,5,2023-08-15T19:01:13.093Z,980,2
12,10,2023-08-15T19:01:13.093Z,772,8
15,20,2023-08-15T19:01:13.093Z,333,3
18,17,2023-08-15T19:01:13.093Z,253,3
21,16,2023-08-15T19:01:13.093Z,474,9
26,27,2023-08-15T19:01:13.093Z,370,11
33,21,2023-08-15T19:01:13.093Z,588,6
6,10,2023-08-15T19:01:23.093Z,436,8
18,12,2023-08-15T19:01:23.093Z,64,3
30,32,2023-08-15T19:01:23.093Z,251,12
5,20,2023-08-15T19:01:33.093Z,115,3
12,7,2023-08-15T19:01:33.093Z,260,8
19,33,2023-08-15T19:01:33.093Z,713,7
29,27,2023-08-15T19:01:33.093Z,566,11
33,28,2023-08-15T19:01:33.093Z,438,6
5,12,2023-08-15T19:01:43.093Z,741,3
7,3,2023-08-15T19:01:43.093Z,36,1
10,9,2023-08-15T19:01:43.093Z,436,2
16,17,2023-08-15T19:01:43.093Z,474,3
25,15,2023-08-15T19:01:43.093Z,328,14
1,0,2023-08-15T19:01:53.093Z,821,7
12,10,2023-08-15T19:01:53.093Z,132,8
14,19,2023-08-15T19:01:53.093Z,299,3
27,34,2023-08-15T19:01:53.093Z,264,5
34,18,2023-08-15T19:01:53.093Z,794,7
30,32,2023-08-15T19:01:13.093Z,571,12
2,1,2023-08-15T19:01:23.093Z,291,1
7,1,2023-08-15T19:01:23.093Z,472,1
15,13,2023-08-15T19:01:23.093Z,995,3
19,18,2023-08-15T19:01:23.093Z,929,7
22,21,2023-08-15T19:01:23.093Z,276,6
32,34,2023-08-15T19:01:23.093Z,836,6
34,18,2023-08-15T19:01:23.093Z,223,7
3,9,2023-08-15T19:01:33.093Z,142,2
7,3,2023-08-15T19:01:33.093Z,739,1
11,10,2023-08-15T19:01:33.093Z,358,8
14,19,2023-08-15T19:01:33.093Z,502,3
27,31,2023-08-15T19:01:33.093Z,380,5
1,0,2023-08-15T19:01:43.093Z,955,7
13,8,2023-08-15T19:01:43.093Z,878,13
23,15,2023-08-15T19:01:43.093Z,450,14
9,8,2023-08-15T19:01:43.093Z,325,13
14,20,2023-08-15T19:01:43.093Z,931,3
17,23,2023-08-15T19:01:43.093Z,497,9
32,34,2023-08-15T19:01:43.093Z,672,6
7,1,2023-08-15T19:01:53.093Z,504,1
13,8,2023-08-15T19:01:53.093Z,778,13
21,16,2023-08-15T19:01:53.093Z,663,9
32,21,2023-08-15T19:01:53.093Z,904,6
27,31,2023-08-15T19:01:13.093Z,865,5
0,3,2023-08-15T19:01:23.093Z,245,1
5,13,2023-08-15T19:01:23.093Z,863,3
8,11,2023-08-15T19:01:23.093Z,358,2
16,13,2023-08-15T19:01:23.093Z,336,3
20,26,2023-08-15T19:01:23.093Z,738,4
25,15,2023-08-15T19:01:23.093Z,789,14
33,21,2023-08-15T19:01:23.093Z,994,6
2,1,2023-08-15T19:01:33.093Z,549,1
6,10,2023-08-15T19:01:33.093Z,954,8
10,9,2023-08-15T19:01:33.093Z,772,2
13,8,2023-08-15T19:01:33.093Z,679,13
18,17,2023-08-15T19:01:33.093Z,188,3
32,34,2023-08-15T19:01:33.093Z,518,6
8,9,2023-08-15T19:01:43.093Z,679,2
18,13,2023-08-15T19:01:43.093Z,845,3
29,27,2023-08-15T19:01:43.093Z,350,11
30,32,2023-08-15T19:01:43.093Z,826,12
34,18,2023-08-15T19:01:43.093Z,615,7
5,19,2023-08-15T19:01:53.093Z,32,3
10,5,2023-08-15T19:01:53.093Z,954,2
20,35,2023-08-15T19:01:53.093Z,261,4
25,24,2023-08-15T19:01:53.093Z,158,14
33,25,2023-08-15T19:01:43.093Z,158,6
3,2,2023-08-15T19:01:53.093Z,245,2
9,8,2023-08-15T19:01:53.093Z,631,13
18,13,2023-08-15T19:01:53.093Z,747,3
22,34,2023-08-15T19:01:53.093Z,661,6
33,28,2023-08-15T19:01:53.093Z,633,6
9,9,2023-08-15T19:02:03.093Z,457,13
12,10,2023-08-15T19:02:03.093Z,987,8
14,4,2023-08-15T19:02:03.093Z,204,3
18,13,2023-08-15T19:02:03.093Z,603,3
25,15,2023-08-15T19:02:03.093Z,872,14
33,21,2023-08-15T19:02:03.093Z,449,6
1,18,2023-08-15T19:02:13.093Z,25,7
4,5,2023-08-15T19:02:13.093Z,204,2
7,3,2023-08-15T19:02:13.093Z,241,1
9,14,2023-08-15T19:02:13.093Z,238,13
13,14,2023-08-15T19:02:13.093Z,995,13
33,21,2023-08-15T19:02:13.093Z,760,6
12,7,2023-08-15T19:02:23.093Z,53,8
13,14,2023-08-15T19:02:23.093Z,336,13
5,13,2023-08-15T19:02:03.093Z,808,3
21,16,2023-08-15T19:02:03.093Z,50,9
23,24,2023-08-15T19:02:03.093Z,497,14
29,27,2023-08-15T19:02:03.093Z,487,11
23,15,2023-08-15T19:02:13.093Z,829,14
9,14,2023-08-15T19:02:23.093Z,142,13
10,9,2023-08-15T19:02:23.093Z,987,2
20,26,2023-08-15T19:02:23.093Z,669,4
21,16,2023-08-15T19:02:23.093Z,588,9
22,34,2023-08-15T19:02:23.093Z,266,6
34,18,2023-08-15T19:02:23.093Z,209,7
18,12,2023-08-15T19:02:33.093Z,929,3
7,3,2023-08-15T19:02:43.093Z,715,1
8,5,2023-08-15T19:02:43.093Z,778,2
26,27,2023-08-15T19:02:43.093Z,735,11
27,31,2023-08-15T19:02:43.093Z,411,5
7,6,2023-08-15T19:02:03.093Z,578,1
10,5,2023-08-15T19:02:03.093Z,358,2
22,28,2023-08-15T19:02:03.093Z,118,6
24,35,2023-08-15T19:02:03.093Z,158,4
32,25,2023-08-15T19:02:03.093Z,185,6
8,2,2023-08-15T19:02:13.093Z,325,2
10,2,2023-08-15T19:02:13.093Z,132,2
12,7,2023-08-15T19:02:13.093Z,434,8
21,22,2023-08-15T19:02:13.093Z,130,9
6,10,2023-08-15T19:02:23.093Z,578,8
8,5,2023-08-15T19:02:23.093Z,878,2
18,13,2023-08-15T19:02:23.093Z,110,3
25,15,2023-08-15T19:02:23.093Z,185,14
6,7,2023-08-15T19:02:33.093Z,319,8
13,8,2023-08-15T19:02:33.093Z,845,13
32,21,2023-08-15T19:02:33.093Z,571,6
5,20,2023-08-15T19:02:43.093Z,120,3
11,10,2023-08-15T19:02:43.093Z,631,8
12,7,2023-08-15T19:02:43.093Z,360,8
3,2,2023-08-15T19:02:03.093Z,739,2
13,14,2023-08-15T19:02:03.093Z,863,13
17,23,2023-08-15T19:02:03.093Z,829,9
20,35,2023-08-15T19:02:03.093Z,934,4
27,31,2023-08-15T19:02:03.093Z,309,5
34,18,2023-08-15T19:02:03.093Z,644,7
14,19,2023-08-15T19:02:13.093Z,162,3
20,35,2023-08-15T19:02:13.093Z,913,4
27,31,2023-08-15T19:02:13.093Z,866,5
32,34,2023-08-15T19:02:13.093Z,859,6
34,0,2023-08-15T19:02:13.093Z,510,7
16,16,2023-08-15T19:02:23.093Z,663,3
17,22,2023-08-15T19:02:23.093Z,191,9
30,32,2023-08-15T19:02:23.093Z,198,12
33,21,2023-08-15T19:02:23.093Z,300,6
3,2,2023-08-15T19:02:33.093Z,241,2
8,11,2023-08-15T19:02:33.093Z,631,2
14,13,2023-08-15T19:02:33.093Z,108,3
27,31,2023-08-15T19:02:33.093Z,410,5
34,18,2023-08-15T19:02:33.093Z,950,7
1,0,2023-08-15T19:02:43.093Z,22,7
13,8,2023-08-15T19:02:43.093Z,747,13
17,22,2023-08-15T19:02:43.093Z,548,9
18,4,2023-08-15T19:02:43.093Z,223,3
28,29,2023-08-15T19:02:43.093Z,506,10
29,27,2023-08-15T19:02:43.093Z,989,11
34,18,2023-08-15T19:02:43.093Z,537,7
0,6,2023-08-15T19:02:53.093Z,955,1
2,6,2023-08-15T19:02:53.093Z,245,1
8,11,2023-08-15T19:02:53.093Z,845,2
17,22,2023-08-15T19:02:53.093Z,253,9
20,26,2023-08-15T19:02:53.093Z,902,4
27,34,2023-08-15T19:02:53.093Z,301,5
0,6,2023-08-15T19:03:03.093Z,821,1
4,11,2023-08-15T19:03:03.093Z,223,2
17,22,2023-08-15T19:03:03.093Z,188,9
25,15,2023-08-15T19:03:03.093Z,357,14
34,33,2023-08-15T19:03:03.093Z,186,7
7,1,2023-08-15T19:03:13.093Z,586,1
13,14,2023-08-15T19:03:13.093Z,110,13
17,22,2023-08-15T19:03:13.093Z,474,9
26,27,2023-08-15T19:03:13.093Z,137,11
30,32,2023-08-15T19:03:13.093Z,308,12
2,3,2023-08-15T19:03:23.093Z,132,1
15,20,2023-08-15T19:03:23.093Z,346,3
21,23,2023-08-15T19:03:23.093Z,300,9
27,34,2023-08-15T19:03:23.093Z,492,5
9,8,2023-08-15T19:03:33.093Z,715,13
18,13,2023-08-15T19:03:33.093Z,644,3
34,18,2023-08-15T19:03:33.093Z,405,7
27,31,2023-08-15T19:02:23.093Z,591,5
32,34,2023-08-15T19:02:23.093Z,417,6
1,0,2023-08-15T19:02:33.093Z,500,7
7,6,2023-08-15T19:02:33.093Z,14,1
9,14,2023-08-15T19:02:33.093Z,772,13
21,23,2023-08-15T19:02:33.093Z,276,9
33,28,2023-08-15T19:02:33.093Z,316,6
9,14,2023-08-15T19:02:43.093Z,679,13
10,5,2023-08-15T19:02:43.093Z,578,2
35,29,2023-08-15T19:02:43.093Z,822,10
1,0,2023-08-15T19:02:53.093Z,890,7
7,6,2023-08-15T19:02:53.093Z,526,1
9,8,2023-08-15T19:02:53.093Z,436,13
18,13,2023-08-15T19:02:53.093Z,250,3
25,15,2023-08-15T19:02:53.093Z,673,14
35,30,2023-08-15T19:02:53.093Z,308,10
1,1,2023-08-15T19:03:03.093Z,748,7
5,17,2023-08-15T19:03:03.093Z,670,3
18,20,2023-08-15T19:03:03.093Z,615,3
26,27,2023-08-15T19:03:03.093Z,786,11
6,10,2023-08-15T19:03:13.093Z,14,8
9,14,2023-08-15T19:03:13.093Z,457,13
14,17,2023-08-15T19:03:13.093Z,921,3
18,12,2023-08-15T19:03:13.093Z,794,3
28,30,2023-08-15T19:03:13.093Z,118,10
1,18,2023-08-15T19:03:23.093Z,650,7
12,10,2023-08-15T19:03:23.093Z,937,8
20,26,2023-08-15T19:03:23.093Z,202,4
22,34,2023-08-15T19:03:23.093Z,706,6
30,32,2023-08-15T19:03:23.093Z,118,12
14,12,2023-08-15T19:03:33.093Z,592,3
22,25,2023-08-15T19:03:33.093Z,191,6
3,2,2023-08-15T19:02:53.093Z,36,2
5,19,2023-08-15T19:02:53.093Z,468,3
13,14,2023-08-15T19:02:53.093Z,808,13
21,22,2023-08-15T19:02:53.093Z,904,9
23,15,2023-08-15T19:02:53.093Z,276,14
32,34,2023-08-15T19:02:53.093Z,251,6
3,9,2023-08-15T19:03:03.093Z,715,2
11,7,2023-08-15T19:03:03.093Z,845,8
20,26,2023-08-15T19:03:03.093Z,24,4
28,29,2023-08-15T19:03:03.093Z,633,10
35,29,2023-08-15T19:03:03.093Z,304,10
5,20,2023-08-15T19:03:13.093Z,980,3
12,10,2023-08-15T19:03:13.093Z,426,8
21,22,2023-08-15T19:03:13.093Z,760,9
32,21,2023-08-15T19:03:13.093Z,826,6
35,29,2023-08-15T19:03:13.093Z,156,10
7,6,2023-08-15T19:03:23.093Z,582,1
13,8,2023-08-15T19:03:23.093Z,108,13
17,22,2023-08-15T19:03:23.093Z,676,9
32,25,2023-08-15T19:03:23.093Z,198,6
2,1,2023-08-15T19:03:33.093Z,241,1
12,7,2023-08-15T19:03:33.093Z,979,8
15,12,2023-08-15T19:03:33.093Z,897,3
12,7,2023-08-15T19:02:53.093Z,627,8
14,13,2023-08-15T19:02:53.093Z,682,3
22,34,2023-08-15T19:02:53.093Z,130,6
28,29,2023-08-15T19:02:53.093Z,438,10
34,18,2023-08-15T19:02:53.093Z,889,7
8,9,2023-08-15T19:03:03.093Z,747,2
12,7,2023-08-15T19:03:03.093Z,140,8
21,23,2023-08-15T19:03:03.093Z,449,9
32,25,2023-08-15T19:03:03.093Z,674,6
2,6,2023-08-15T19:03:13.093Z,325,1
11,7,2023-08-15T19:03:13.093Z,223,8
19,19,2023-08-15T19:03:13.093Z,299,7
23,24,2023-08-15T19:03:13.093Z,449,14
34,33,2023-08-15T19:03:13.093Z,552,7
5,19,2023-08-15T19:03:23.093Z,954,3
9,8,2023-08-15T19:03:23.093Z,987,13
14,17,2023-08-15T19:03:23.093Z,150,3
24,26,2023-08-15T19:03:23.093Z,497,4
34,33,2023-08-15T19:03:23.093Z,395,7
10,2,2023-08-15T19:03:33.093Z,14,2
13,8,2023-08-15T19:03:33.093Z,682,13
16,12,2023-08-15T19:03:33.093Z,50,3
17,16,2023-08-15T19:03:33.093Z,274,9
20,35,2023-08-15T19:03:33.093Z,523,4
21,23,2023-08-15T19:03:33.093Z,571,9
24,35,2023-08-15T19:03:33.093Z,449,4
27,31,2023-08-15T19:03:33.093Z,600,5
31,32,2023-08-15T19:03:33.093Z,936,12
35,30,2023-08-15T19:03:33.093Z,919,10
3,5,2023-08-15T19:03:43.093Z,132,2
7,1,2023-08-15T19:03:43.093Z,540,1
10,9,2023-08-15T19:03:43.093Z,426,2
16,13,2023-08-15T19:03:43.093Z,588,3
18,12,2023-08-15T19:03:43.093Z,25,3
27,34,2023-08-15T19:03:43.093Z,294,5
31,32,2023-08-15T19:03:43.093Z,414,12
5,12,2023-08-15T19:03:53.093Z,878,3
8,5,2023-08-15T19:03:53.093Z,108,2
16,4,2023-08-15T19:03:53.093Z,663,3
23,15,2023-08-15T19:03:53.093Z,300,14
26,27,2023-08-15T19:03:53.093Z,230,11
32,34,2023-08-15T19:03:53.093Z,308,6
14,12,2023-08-15T19:03:43.093Z,701,3
20,26,2023-08-15T19:03:43.093Z,292,4
2,1,2023-08-15T19:03:53.093Z,36,1
14,13,2023-08-15T19:03:53.093Z,441,3
29,27,2023-08-15T19:03:53.093Z,636,11
35,29,2023-08-15T19:03:53.093Z,256,10
32,25,2023-08-15T19:04:03.093Z,780,6
6,7,2023-08-15T19:04:13.093Z,92,8
9,14,2023-08-15T19:04:13.093Z,426,13
12,10,2023-08-15T19:04:13.093Z,741,8
21,16,2023-08-15T19:04:13.093Z,826,9
23,24,2023-08-15T19:04:13.093Z,670,14
1,1,2023-08-15T19:04:23.093Z,287,7
8,2,2023-08-15T19:04:23.093Z,644,2
15,20,2023-08-15T19:04:23.093Z,789,3
31,32,2023-08-15T19:04:23.093Z,34,12
2,3,2023-08-15T19:04:33.093Z,644,1
5,17,2023-08-15T19:04:03.093Z,778,3
7,1,2023-08-15T19:04:03.093Z,583,1
10,5,2023-08-15T19:04:03.093Z,631,2
12,10,2023-08-15T19:04:03.093Z,64,8
14,4,2023-08-15T19:04:03.093Z,863,3
16,20,2023-08-15T19:04:03.093Z,274,3
19,18,2023-08-15T19:04:03.093Z,32,7
23,15,2023-08-15T19:04:03.093Z,571,14
30,32,2023-08-15T19:04:03.093Z,919,12
15,13,2023-08-15T19:04:13.093Z,283,3
19,33,2023-08-15T19:04:13.093Z,468,7
27,34,2023-08-15T19:04:13.093Z,812,5
32,25,2023-08-15T19:04:13.093Z,118,6
35,29,2023-08-15T19:04:13.093Z,415,10
6,7,2023-08-15T19:04:23.093Z,821,8
12,7,2023-08-15T19:04:23.093Z,929,8
20,35,2023-08-15T19:04:23.093Z,869,4
35,30,2023-08-15T19:04:23.093Z,318,10
4,5,2023-08-15T19:04:33.093Z,663,2
7,3,2023-08-15T19:04:33.093Z,976,1
14,20,2023-08-15T19:04:33.093Z,142,3
24,35,2023-08-15T19:04:33.093Z,191,4
32,34,2023-08-15T19:04:33.093Z,936,6
10,11,2023-08-15T19:04:43.093Z,741,2
19,0,2023-08-15T19:04:43.093Z,502,7
29,27,2023-08-15T19:04:43.093Z,80,11
7,1,2023-08-15T19:04:53.093Z,160,1
12,10,2023-08-15T19:04:53.093Z,897,8
26,27,2023-08-15T19:04:53.093Z,680,11
4,11,2023-08-15T19:05:03.093Z,209,2
1,33,2023-08-15T19:03:43.093Z,851,7
9,14,2023-08-15T19:03:43.093Z,747,13
15,4,2023-08-15T19:03:43.093Z,895,3
19,18,2023-08-15T19:03:43.093Z,299,7
29,27,2023-08-15T19:03:43.093Z,433,11
4,11,2023-08-15T19:03:53.093Z,895,2
10,5,2023-08-15T19:03:53.093Z,937,2
20,26,2023-08-15T19:03:53.093Z,163,4
27,34,2023-08-15T19:03:53.093Z,856,5
33,25,2023-08-15T19:03:53.093Z,713,6
6,10,2023-08-15T19:04:03.093Z,526,8
11,7,2023-08-15T19:04:03.093Z,895,8
15,13,2023-08-15T19:04:03.093Z,418,3
20,35,2023-08-15T19:04:03.093Z,87,4
31,32,2023-08-15T19:04:03.093Z,855,12
8,2,2023-08-15T19:04:13.093Z,682,2
14,13,2023-08-15T19:04:13.093Z,238,3
20,35,2023-08-15T19:04:13.093Z,941,4
25,24,2023-08-15T19:04:13.093Z,191,14
34,0,2023-08-15T19:04:13.093Z,81,7
2,1,2023-08-15T19:04:23.093Z,682,1
10,5,2023-08-15T19:04:23.093Z,526,2
19,18,2023-08-15T19:04:23.093Z,162,7
34,18,2023-08-15T19:04:23.093Z,116,7
12,10,2023-08-15T19:04:33.093Z,794,8
15,13,2023-08-15T19:04:33.093Z,662,3
31,32,2023-08-15T19:04:33.093Z,464,12
34,18,2023-08-15T19:04:33.093Z,667,7
15,4,2023-08-15T19:04:43.093Z,450,3
20,35,2023-08-15T19:04:43.093Z,705,4
4,9,2023-08-15T19:04:53.093Z,863,2
10,5,2023-08-15T19:04:53.093Z,794,2
19,0,2023-08-15T19:04:53.093Z,954,7
34,0,2023-08-15T19:04:53.093Z,879,7
9,8,2023-08-15T19:05:03.093Z,863,13
5,17,2023-08-15T19:03:43.093Z,204,3
13,14,2023-08-15T19:03:43.093Z,250,13
17,23,2023-08-15T19:03:43.093Z,670,9
25,15,2023-08-15T19:03:43.093Z,674,14
34,33,2023-08-15T19:03:43.093Z,359,7
6,10,2023-08-15T19:03:53.093Z,245,8
15,13,2023-08-15T19:03:53.093Z,55,3
25,15,2023-08-15T19:03:53.093Z,198,14
31,32,2023-08-15T19:03:53.093Z,973,12
2,1,2023-08-15T19:04:03.093Z,14,1
8,5,2023-08-15T19:04:03.093Z,715,2
13,8,2023-08-15T19:04:03.093Z,644,13
18,4,2023-08-15T19:04:03.093Z,209,3
29,27,2023-08-15T19:04:03.093Z,576,11
5,17,2023-08-15T19:04:13.093Z,578,3
10,5,2023-08-15T19:04:13.093Z,245,2
18,17,2023-08-15T19:04:13.093Z,950,3
22,34,2023-08-15T19:04:13.093Z,548,6
31,32,2023-08-15T19:04:13.093Z,124,12
0,6,2023-08-15T19:04:23.093Z,510,1
7,3,2023-08-15T19:04:23.093Z,192,1
14,20,2023-08-15T19:04:23.093Z,995,3
22,21,2023-08-15T19:04:23.093Z,253,6
1,0,2023-08-15T19:04:33.093Z,383,7
3,5,2023-08-15T19:04:33.093Z,192,2
6,7,2023-08-15T19:04:33.093Z,325,8
10,5,2023-08-15T19:04:33.093Z,64,2
13,8,2023-08-15T19:04:33.093Z,441,13
19,18,2023-08-15T19:04:33.093Z,757,7
22,34,2023-08-15T19:04:33.093Z,904,6
27,34,2023-08-15T19:04:33.093Z,182,5
30,32,2023-08-15T19:04:33.093Z,318,12
5,4,2023-08-15T19:04:43.093Z,132,3
6,10,2023-08-15T19:04:43.093Z,582,8
8,5,2023-08-15T19:04:43.093Z,441,2
12,7,2023-08-15T19:04:43.093Z,592,8
14,12,2023-08-15T19:04:43.093Z,336,3
21,23,2023-08-15T19:04:43.093Z,253,9
26,27,2023-08-15T19:04:43.093Z,456,11
27,31,2023-08-15T19:04:43.093Z,463,5
34,18,2023-08-15T19:04:43.093Z,369,7
35,30,2023-08-15T19:04:43.093Z,424,10
5,12,2023-08-15T19:04:53.093Z,108,3
13,8,2023-08-15T19:04:53.093Z,55,13
15,4,2023-08-15T19:04:53.093Z,328,3
20,35,2023-08-15T19:04:53.093Z,558,4
23,24,2023-08-15T19:04:53.093Z,253,14
30,32,2023-08-15T19:04:53.093Z,424,12
31,32,2023-08-15T19:04:53.093Z,302,12
6,10,2023-08-15T19:05:03.093Z,510,8
7,6,2023-08-15T19:05:03.093Z,329,1
12,7,2023-08-15T19:05:03.093Z,50,8
13,14,2023-08-15T19:05:03.093Z,418,13
14,12,2023-08-15T19:05:03.093Z,679,3
24,35,2023-08-15T19:05:03.093Z,253,4
31,32,2023-08-15T19:05:03.093Z,129,12
32,34,2023-08-15T19:05:03.093Z,414,6
34,33,2023-08-15T19:05:03.093Z,343,7
5,19,2023-08-15T19:05:13.093Z,937,3
7,1,2023-08-15T19:05:13.093Z,260,1
8,11,2023-08-15T19:05:13.093Z,55,2
10,2,2023-08-15T19:05:13.093Z,962,2
17,16,2023-08-15T19:05:13.093Z,921,9
27,34,2023-08-15T19:05:13.093Z,581,5
31,32,2023-08-15T19:05:13.093Z,996,12
10,5,2023-08-15T19:05:03.093Z,582,2
12,7,2023-08-15T19:05:13.093Z,701,8
13,8,2023-08-15T19:05:13.093Z,238,13
14,20,2023-08-15T19:05:13.093Z,808,3
15,17,2023-08-15T19:05:13.093Z,872,3
22,34,2023-08-15T19:05:13.093Z,474,6
0,3,2023-08-15T19:05:23.093Z,500,1
1,0,2023-08-15T19:05:23.093Z,837,7
5,20,2023-08-15T19:05:23.093Z,715,3
7,6,2023-08-15T19:05:23.093Z,434,1
8,2,2023-08-15T19:05:23.093Z,863,2
15,12,2023-08-15T19:05:23.093Z,829,3
16,20,2023-08-15T19:05:23.093Z,826,3
33,25,2023-08-15T19:05:23.093Z,186,6
3,5,2023-08-15T19:05:33.093Z,500,2
14,13,2023-08-15T19:05:33.093Z,297,3
3,2,2023-08-15T19:05:43.093Z,644,2
10,2,2023-08-15T19:05:43.093Z,329,2
12,7,2023-08-15T19:05:43.093Z,314,8
15,4,2023-08-15T19:05:43.093Z,276,3
16,13,2023-08-15T19:05:43.093Z,921,3
31,32,2023-08-15T19:05:43.093Z,853,12
7,1,2023-08-15T19:05:53.093Z,360,1
12,10,2023-08-15T19:05:53.093Z,336,8
17,16,2023-08-15T19:05:53.093Z,778,9
8,5,2023-08-15T19:06:03.093Z,588,2
10,9,2023-08-15T19:06:03.093Z,434,2
12,10,2023-08-15T19:06:03.093Z,108,8
2,1,2023-08-15T19:06:13.093Z,329,1
7,7,2023-08-15T19:06:13.093Z,845,1
7,1,2023-08-15T19:06:23.093Z,140,1
10,2,2023-08-15T19:06:23.093Z,108,2
27,34,2023-08-15T19:06:23.093Z,971,5
0,3,2023-08-15T19:06:33.093Z,879,1
5,13,2023-08-15T19:06:33.093Z,663,3
10,11,2023-08-15T19:05:23.093Z,897,2
11,7,2023-08-15T19:05:23.093Z,209,8
12,7,2023-08-15T19:05:23.093Z,25,8
13,14,2023-08-15T19:05:23.093Z,283,13
17,16,2023-08-15T19:05:23.093Z,150,9
22,25,2023-08-15T19:05:23.093Z,760,6
24,35,2023-08-15T19:05:23.093Z,670,4
8,5,2023-08-15T19:05:33.093Z,238,2
0,3,2023-08-15T19:05:43.093Z,890,1
5,13,2023-08-15T19:05:43.093Z,631,3
13,8,2023-08-15T19:05:43.093Z,588,13
17,22,2023-08-15T19:05:43.093Z,204,9
2,6,2023-08-15T19:05:53.093Z,644,1
13,8,2023-08-15T19:05:53.093Z,297,13
19,33,2023-08-15T19:05:53.093Z,660,7
4,9,2023-08-15T19:06:03.093Z,67,2
28,29,2023-08-15T19:06:03.093Z,316,10
30,32,2023-08-15T19:06:03.093Z,552,12
5,20,2023-08-15T19:06:13.093Z,192,3
10,9,2023-08-15T19:06:13.093Z,336,2
15,13,2023-08-15T19:06:13.093Z,357,3
16,4,2023-08-15T19:06:13.093Z,150,3
0,6,2023-08-15T19:06:23.093Z,954,1
4,9,2023-08-15T19:06:23.093Z,526,2
12,7,2023-08-15T19:06:23.093Z,829,8
22,34,2023-08-15T19:06:23.093Z,676,6
34,18,2023-08-15T19:06:23.093Z,732,7
12,12,2023-08-15T19:06:33.093Z,185,8
14,12,2023-08-15T19:06:33.093Z,418,3
22,25,2023-08-15T19:06:33.093Z,204,6
35,29,2023-08-15T19:06:33.093Z,252,10
6,7,2023-08-15T19:06:43.093Z,955,8
9,8,2023-08-15T19:06:43.093Z,336,13
21,16,2023-08-15T19:06:43.093Z,851,9
27,31,2023-08-15T19:06:43.093Z,798,5
0,6,2023-08-15T19:06:53.093Z,837,1
5,12,2023-08-15T19:06:53.093Z,441,3
9,14,2023-08-15T19:06:53.093Z,526,13
31,32,2023-08-15T19:05:23.093Z,376,12
13,8,2023-08-15T19:06:53.093Z,921,13
0,6,2023-08-15T19:05:33.093Z,22,1
20,35,2023-08-15T19:06:53.093Z,224,4
26,27,2023-08-15T19:06:53.093Z,77,11
31,32,2023-08-15T19:06:53.093Z,309,12
7,6,2023-08-15T19:07:03.093Z,895,1
4,5,2023-08-15T19:05:33.093Z,450,2
7,1,2023-08-15T19:05:33.093Z,53,1
11,7,2023-08-15T19:05:33.093Z,55,8
34,33,2023-08-15T19:05:33.093Z,514,7
7,1,2023-08-15T19:05:43.093Z,319,1
33,28,2023-08-15T19:05:43.093Z,552,6
5,20,2023-08-15T19:05:53.093Z,245,3
14,20,2023-08-15T19:05:53.093Z,110,3
0,3,2023-08-15T19:06:03.093Z,383,1
7,3,2023-08-15T19:06:03.093Z,627,1
15,4,2023-08-15T19:06:03.093Z,673,3
0,6,2023-08-15T19:06:13.093Z,502,1
9,14,2023-08-15T19:06:13.093Z,67,13
14,20,2023-08-15T19:06:13.093Z,250,3
34,33,2023-08-15T19:06:13.093Z,33,7
3,11,2023-08-15T19:06:23.093Z,81,2
9,8,2023-08-15T19:06:23.093Z,434,13
14,17,2023-08-15T19:06:23.093Z,426,3
17,22,2023-08-15T19:06:23.093Z,578,9
32,34,2023-08-15T19:06:23.093Z,973,6
6,7,2023-08-15T19:06:33.093Z,644,8
10,10,2023-08-15T19:06:33.093Z,679,2
33,28,2023-08-15T19:06:33.093Z,359,6
5,13,2023-08-15T19:06:43.093Z,64,3
11,10,2023-08-15T19:06:43.093Z,81,8
18,20,2023-08-15T19:06:43.093Z,537,3
31,32,2023-08-15T19:06:43.093Z,380,12
1,18,2023-08-15T19:06:53.093Z,543,7
3,5,2023-08-15T19:06:53.093Z,976,2
17,16,2023-08-15T19:06:33.093Z,950,9
26,27,2023-08-15T19:06:33.093Z,20,11
1,1,2023-08-15T19:06:43.093Z,402,7
2,6,2023-08-15T19:06:43.093Z,987,1
3,3,2023-08-15T19:06:43.093Z,627,2
4,2,2023-08-15T19:06:43.093Z,673,2
7,1,2023-08-15T19:06:43.093Z,979,1
20,26,2023-08-15T19:06:43.093Z,766,4
25,24,2023-08-15T19:06:43.093Z,713,14
34,33,2023-08-15T19:06:43.093Z,147,7
4,2,2023-08-15T19:06:53.093Z,150,2
8,11,2023-08-15T19:06:53.093Z,336,2
12,7,2023-08-15T19:06:53.093Z,878,8
35,30,2023-08-15T19:06:53.093Z,894,10
2,1,2023-08-15T19:05:33.093Z,962,1
8,5,2023-08-15T19:07:03.093Z,921,2
6,10,2023-08-15T19:05:33.093Z,329,8
10,5,2023-08-15T19:05:33.093Z,510,2
15,12,2023-08-15T19:05:33.093Z,185,3
2,1,2023-08-15T19:05:43.093Z,863,1
14,20,2023-08-15T19:05:43.093Z,457,3
0,3,2023-08-15T19:05:53.093Z,81,1
6,10,2023-08-15T19:05:53.093Z,434,8
28,30,2023-08-15T19:05:53.093Z,552,10
5,4,2023-08-15T19:06:03.093Z,526,3
14,20,2023-08-15T19:06:03.093Z,747,3
33,25,2023-08-15T19:06:03.093Z,395,6
8,2,2023-08-15T19:06:13.093Z,987,2
12,10,2023-08-15T19:06:13.093Z,679,8
33,21,2023-08-15T19:06:13.093Z,851,6
1,0,2023-08-15T19:06:23.093Z,597,7
8,2,2023-08-15T19:06:23.093Z,297,2
13,14,2023-08-15T19:06:23.093Z,631,13
16,12,2023-08-15T19:06:23.093Z,778,3
31,32,2023-08-15T19:06:23.093Z,98,12
1,33,2023-08-15T19:06:33.093Z,196,7
7,6,2023-08-15T19:06:33.093Z,223,1
29,27,2023-08-15T19:06:33.093Z,632,11
34,18,2023-08-15T19:06:33.093Z,480,7
10,2,2023-08-15T19:06:43.093Z,679,2
17,22,2023-08-15T19:06:43.093Z,872,9
22,21,2023-08-15T19:06:43.093Z,578,6
33,21,2023-08-15T19:06:43.093Z,468,6
2,1,2023-08-15T19:06:53.093Z,297,1
10,9,2023-08-15T19:06:53.093Z,81,2
15,13,2023-08-15T19:06:53.093Z,674,3
21,16,2023-08-15T19:06:53.093Z,578,9
24,26,2023-08-15T19:06:53.093Z,713,4
29,27,2023-08-15T19:06:53.093Z,234,11
33,21,2023-08-15T19:06:53.093Z,343,6
5,13,2023-08-15T19:07:03.093Z,794,3
6,10,2023-08-15T19:06:53.093Z,502,8
14,12,2023-08-15T19:06:53.093Z,67,3
18,13,2023-08-15T19:06:53.093Z,889,3
22,34,2023-08-15T19:06:53.093Z,779,6
28,30,2023-08-15T19:06:53.093Z,359,10
32,34,2023-08-15T19:06:53.093Z,919,6
34,18,2023-08-15T19:06:53.093Z,658,7
10,9,2023-08-15T19:07:03.093Z,502,2
13,14,2023-08-15T19:07:03.093Z,357,13
14,19,2023-08-15T19:07:03.093Z,631,3
15,17,2023-08-15T19:07:03.093Z,300,3
20,35,2023-08-15T19:07:03.093Z,93,4
25,15,2023-08-15T19:07:03.093Z,780,14
30,32,2023-08-15T19:07:03.093Z,359,12
32,21,2023-08-15T19:07:03.093Z,855,6
33,28,2023-08-15T19:07:03.093Z,514,6
34,0,2023-08-15T19:07:03.093Z,478,7
35,29,2023-08-15T19:07:03.093Z,601,10
2,3,2023-08-15T19:07:13.093Z,673,1
3,2,2023-08-15T19:07:13.093Z,879,2
5,20,2023-08-15T19:07:13.093Z,582,3
6,7,2023-08-15T19:07:13.093Z,954,8
7,1,2023-08-15T19:07:13.093Z,92,1
11,7,2023-08-15T19:07:13.093Z,336,8
14,12,2023-08-15T19:07:13.093Z,772,3
15,13,2023-08-15T19:07:13.093Z,198,3
18,4,2023-08-15T19:07:13.093Z,650,3
25,15,2023-08-15T19:07:13.093Z,118,14
27,34,2023-08-15T19:07:13.093Z,484,5
28,30,2023-08-15T19:07:13.093Z,514,10
30,32,2023-08-15T19:07:13.093Z,894,12
31,32,2023-08-15T19:07:13.093Z,591,12
32,21,2023-08-15T19:07:13.093Z,124,6
33,25,2023-08-15T19:07:13.093Z,660,6
35,30,2023-08-15T19:07:13.093Z,261,10
2,1,2023-08-15T19:07:23.093Z,679,1
5,4,2023-08-15T19:07:23.093Z,500,3
6,10,2023-08-15T19:07:23.093Z,223,8
9,8,2023-08-15T19:07:23.093Z,502,13
12,10,2023-08-15T19:07:23.093Z,418,8
15,13,2023-08-15T19:07:23.093Z,571,3
18,4,2023-08-15T19:07:23.093Z,405,3
20,26,2023-08-15T19:07:23.093Z,27,4
22,21,2023-08-15T19:07:23.093Z,872,6
25,15,2023-08-15T19:07:23.093Z,760,14
27,31,2023-08-15T19:07:23.093Z,933,5
30,32,2023-08-15T19:07:23.093Z,514,12
32,25,2023-08-15T19:07:23.093Z,34,6
2,1,2023-08-15T19:07:33.093Z,150,1
3,2,2023-08-15T19:07:33.093Z,627,2
5,20,2023-08-15T19:07:33.093Z,450,3
6,7,2023-08-15T19:07:33.093Z,987,8
7,6,2023-08-15T19:07:33.093Z,929,1
8,11,2023-08-15T19:07:33.093Z,502,2
10,9,2023-08-15T19:07:33.093Z,223,2
12,7,2023-08-15T19:07:33.093Z,185,8
14,19,2023-08-15T19:07:33.093Z,526,3
16,4,2023-08-15T19:07:33.093Z,950,3
18,13,2023-08-15T19:07:33.093Z,299,3
20,35,2023-08-15T19:07:33.093Z,716,4
25,15,2023-08-15T19:07:33.093Z,186,14
26,27,2023-08-15T19:07:33.093Z,598,11
27,34,2023-08-15T19:07:33.093Z,771,5
29,27,2023-08-15T19:07:33.093Z,393,11
30,32,2023-08-15T19:07:33.093Z,261,12
32,21,2023-08-15T19:07:33.093Z,318,6
33,25,2023-08-15T19:07:33.093Z,33,6
35,30,2023-08-15T19:07:33.093Z,934,10
0,6,2023-08-15T19:07:43.093Z,597,1
1,18,2023-08-15T19:07:43.093Z,240,7
2,1,2023-08-15T19:07:43.093Z,739,1
3,5,2023-08-15T19:07:43.093Z,673,2
4,9,2023-08-15T19:07:43.093Z,650,2
2,6,2023-08-15T19:08:03.093Z,879,1
12,7,2023-08-15T19:08:03.093Z,67,8
18,13,2023-08-15T19:08:03.093Z,162,3
22,34,2023-08-15T19:08:03.093Z,426,6
26,27,2023-08-15T19:08:03.093Z,634,11
28,29,2023-08-15T19:08:03.093Z,424,10
34,33,2023-08-15T19:08:03.093Z,143,7
5,19,2023-08-15T19:07:43.093Z,238,3
6,7,2023-08-15T19:07:43.093Z,837,8
9,14,2023-08-15T19:07:43.093Z,223,13
10,5,2023-08-15T19:07:43.093Z,418,2
12,7,2023-08-15T19:07:43.093Z,441,8
16,12,2023-08-15T19:07:43.093Z,851,3
17,22,2023-08-15T19:07:43.093Z,426,9
18,12,2023-08-15T19:07:43.093Z,32,3
20,35,2023-08-15T19:07:43.093Z,912,4
27,34,2023-08-15T19:07:43.093Z,846,5
30,32,2023-08-15T19:07:43.093Z,934,12
31,32,2023-08-15T19:07:43.093Z,410,12
32,21,2023-08-15T19:07:43.093Z,464,6
33,25,2023-08-15T19:07:43.093Z,196,6
0,3,2023-08-15T19:07:53.093Z,478,1
1,18,2023-08-15T19:07:53.093Z,977,7
4,9,2023-08-15T19:07:53.093Z,500,2
6,10,2023-08-15T19:07:53.093Z,895,8
7,3,2023-08-15T19:07:53.093Z,592,1
9,8,2023-08-15T19:07:53.093Z,650,13
11,7,2023-08-15T19:07:53.093Z,897,8
13,14,2023-08-15T19:07:53.093Z,663,13
16,13,2023-08-15T19:07:53.093Z,578,3
25,15,2023-08-15T19:07:53.093Z,395,14
26,27,2023-08-15T19:07:53.093Z,572,11
27,31,2023-08-15T19:07:53.093Z,342,5
31,32,2023-08-15T19:07:53.093Z,411,12
32,28,2023-08-15T19:07:53.093Z,424,6
34,33,2023-08-15T19:07:53.093Z,355,7
35,29,2023-08-15T19:07:53.093Z,158,10
1,18,2023-08-15T19:08:03.093Z,354,7
3,5,2023-08-15T19:08:03.093Z,478,2
4,2,2023-08-15T19:08:03.093Z,405,2
5,13,2023-08-15T19:08:03.093Z,510,3
6,10,2023-08-15T19:08:03.093Z,929,8
7,3,2023-08-15T19:08:03.093Z,50,1
9,8,2023-08-15T19:08:03.093Z,500,13
20,26,2023-08-15T19:08:03.093Z,446,4
25,24,2023-08-15T19:08:03.093Z,204,14
27,31,2023-08-15T19:08:03.093Z,109,5
32,25,2023-08-15T19:08:03.093Z,302,6
2,1,2023-08-15T19:08:13.093Z,627,1
3,2,2023-08-15T19:08:13.093Z,592,2
5,17,2023-08-15T19:08:13.093Z,588,3
6,7,2023-08-15T19:08:13.093Z,597,8
7,6,2023-08-15T19:08:13.093Z,701,1
8,2,2023-08-15T19:08:13.093Z,650,2
10,5,2023-08-15T19:08:13.093Z,895,2
12,7,2023-08-15T19:08:13.093Z,772,8
17,16,2023-08-15T19:08:13.093Z,300,9
18,13,2023-08-15T19:08:13.093Z,116,3
21,16,2023-08-15T19:08:13.093Z,468,9
24,35,2023-08-15T19:08:13.093Z,204,4
25,15,2023-08-15T19:08:13.093Z,660,14
26,27,2023-08-15T19:08:13.093Z,75,11
27,34,2023-08-15T19:08:13.093Z,375,5
34,0,2023-08-15T19:08:13.093Z,228,7
35,30,2023-08-15T19:08:13.093Z,913,10
2,1,2023-08-15T19:08:23.093Z,108,1
3,9,2023-08-15T19:08:23.093Z,50,2
5,13,2023-08-15T19:08:23.093Z,358,3
6,10,2023-08-15T19:08:23.093Z,879,8
7,6,2023-08-15T19:08:23.093Z,209,1
8,2,2023-08-15T19:08:23.093Z,500,2
10,2,2023-08-15T19:08:23.093Z,929,2
13,14,2023-08-15T19:08:23.093Z,603,13
14,20,2023-08-15T19:08:23.093Z,357,3
18,20,2023-08-15T19:08:23.093Z,757,3
20,35,2023-08-15T19:08:23.093Z,48,4
21,23,2023-08-15T19:08:23.093Z,343,9
25,15,2023-08-15T19:08:23.093Z,34,14
27,34,2023-08-15T19:08:23.093Z,386,5
32,25,2023-08-15T19:08:23.093Z,996,6
2,6,2023-08-15T19:08:33.093Z,405,1
9,8,2023-08-15T19:08:33.093Z,50,13
13,8,2023-08-15T19:08:33.093Z,64,13
18,17,2023-08-15T19:08:33.093Z,667,3
21,16,2023-08-15T19:08:33.093Z,855,9
31,32,2023-08-15T19:08:33.093Z,798,12
33,25,2023-08-15T19:08:33.093Z,147,6
35,29,2023-08-15T19:08:33.093Z,523,10
5,19,2023-08-15T19:08:43.093Z,921,3
13,14,2023-08-15T19:08:43.093Z,674,13
19,18,2023-08-15T19:08:43.093Z,526,7
21,23,2023-08-15T19:08:43.093Z,124,9
27,31,2023-08-15T19:08:43.093Z,857,5
32,21,2023-08-15T19:08:43.093Z,853,6
35,30,2023-08-15T19:08:43.093Z,449,10
26,27,2023-08-15T19:08:23.093Z,71,11
30,32,2023-08-15T19:08:23.093Z,913,12
31,32,2023-08-15T19:08:23.093Z,463,12
34,18,2023-08-15T19:08:23.093Z,218,7
1,0,2023-08-15T19:08:33.093Z,496,7
3,5,2023-08-15T19:08:33.093Z,890,2
5,20,2023-08-15T19:08:33.093Z,976,3
6,10,2023-08-15T19:08:33.093Z,701,8
10,9,2023-08-15T19:08:33.093Z,879,2
14,20,2023-08-15T19:08:33.093Z,223,3
20,35,2023-08-15T19:08:33.093Z,494,4
25,15,2023-08-15T19:08:33.093Z,33,14
32,34,2023-08-15T19:08:33.093Z,376,6
34,33,2023-08-15T19:08:33.093Z,861,7
9,8,2023-08-15T19:08:43.093Z,879,13
14,19,2023-08-15T19:08:43.093Z,663,3
15,20,2023-08-15T19:08:43.093Z,780,3
17,16,2023-08-15T19:08:43.093Z,588,9
25,15,2023-08-15T19:08:43.093Z,196,14
26,27,2023-08-15T19:08:43.093Z,773,11
31,32,2023-08-15T19:08:43.093Z,865,12
33,28,2023-08-15T19:08:43.093Z,355,6
34,33,2023-08-15T19:08:43.093Z,337,7
1,0,2023-08-15T19:08:53.093Z,134,7
5,19,2023-08-15T19:08:53.093Z,673,3
7,1,2023-08-15T19:08:53.093Z,314,1
8,2,2023-08-15T19:08:53.093Z,50,2
13,8,2023-08-15T19:08:53.093Z,889,13
16,20,2023-08-15T19:08:53.093Z,300,3
18,13,2023-08-15T19:08:53.093Z,369,3
20,35,2023-08-15T19:08:53.093Z,525,4
21,23,2023-08-15T19:08:53.093Z,872,9
22,34,2023-08-15T19:08:53.093Z,188,6
26,27,2023-08-15T19:08:53.093Z,911,11
31,32,2023-08-15T19:08:53.093Z,933,12
32,25,2023-08-15T19:08:53.093Z,552,6
33,28,2023-08-15T19:08:53.093Z,143,6
35,30,2023-08-15T19:08:53.093Z,87,10
1,33,2023-08-15T19:09:03.093Z,1,7
2,1,2023-08-15T19:09:03.093Z,592,1
5,4,2023-08-15T19:09:03.093Z,418,3
13,14,2023-08-15T19:09:03.093Z,794,13
15,4,2023-08-15T19:09:03.093Z,760,3
23,15,2023-08-15T19:09:03.093Z,124,14
27,31,2023-08-15T19:09:03.093Z,765,5
28,30,2023-08-15T19:09:03.093Z,355,10
30,32,2023-08-15T19:09:03.093Z,87,12
31,32,2023-08-15T19:09:03.093Z,453,12
35,30,2023-08-15T19:09:03.093Z,941,10
4,9,2023-08-15T19:09:13.093Z,950,2
8,5,2023-08-15T19:09:13.093Z,879,2
20,35,2023-08-15T19:09:13.093Z,183,4
21,16,2023-08-15T19:09:13.093Z,464,9
25,15,2023-08-15T19:09:13.093Z,996,14
30,32,2023-08-15T19:09:13.093Z,355,12
32,34,2023-08-15T19:09:13.093Z,98,6
34,18,2023-08-15T19:09:13.093Z,923,7
1,33,2023-08-15T19:09:23.093Z,940,7
4,9,2023-08-15T19:09:23.093Z,276,2
34,0,2023-08-15T19:08:53.093Z,40,7
6,10,2023-08-15T19:09:03.093Z,209,8
7,1,2023-08-15T19:09:03.093Z,862,1
8,9,2023-08-15T19:09:03.093Z,64,2
17,23,2023-08-15T19:09:03.093Z,667,9
18,13,2023-08-15T19:09:03.093Z,732,3
20,35,2023-08-15T19:09:03.093Z,539,4
21,16,2023-08-15T19:09:03.093Z,318,9
25,15,2023-08-15T19:09:03.093Z,302,14
26,27,2023-08-15T19:09:03.093Z,269,11
34,18,2023-08-15T19:09:03.093Z,606,7
1,33,2023-08-15T19:09:13.093Z,489,7
5,13,2023-08-15T19:09:13.093Z,478,3
6,7,2023-08-15T19:09:13.093Z,405,8
7,6,2023-08-15T19:09:13.093Z,845,1
23,24,2023-08-15T19:09:13.093Z,872,14
26,27,2023-08-15T19:09:13.093Z,107,11
28,30,2023-08-15T19:09:13.093Z,143,10
31,32,2023-08-15T19:09:13.093Z,342,12
33,28,2023-08-15T19:09:13.093Z,861,6
35,29,2023-08-15T19:09:13.093Z,869,10
2,6,2023-08-15T19:09:23.093Z,650,1
7,1,2023-08-15T19:09:23.093Z,829,1
10,9,2023-08-15T19:09:23.093Z,209,2
16,20,2023-08-15T19:09:23.093Z,468,3
19,19,2023-08-15T19:09:23.093Z,673,7
21,23,2023-08-15T19:09:23.093Z,853,9
25,15,2023-08-15T19:09:23.093Z,147,14
31,32,2023-08-15T19:09:23.093Z,109,12
34,33,2023-08-15T19:09:23.093Z,990,7
4,9,2023-08-15T19:09:33.093Z,418,2
6,10,2023-08-15T19:09:33.093Z,845,8
8,9,2023-08-15T19:09:33.093Z,889,2
17,23,2023-08-15T19:09:33.093Z,895,9
21,23,2023-08-15T19:09:33.093Z,994,9
24,35,2023-08-15T19:09:33.093Z,872,4
31,32,2023-08-15T19:09:33.093Z,866,12
34,0,2023-08-15T19:09:33.093Z,69,7
1,0,2023-08-15T19:09:43.093Z,159,7
7,1,2023-08-15T19:09:43.093Z,955,1
10,5,2023-08-15T19:09:43.093Z,845,2
14,4,2023-08-15T19:09:43.093Z,603,3
18,12,2023-08-15T19:09:43.093Z,543,3
23,24,2023-08-15T19:09:43.093Z,895,14
32,25,2023-08-15T19:09:43.093Z,309,6
35,30,2023-08-15T19:09:43.093Z,558,10
2,3,2023-08-15T19:09:53.093Z,929,1
7,3,2023-08-15T19:09:53.093Z,878,1
9,14,2023-08-15T19:09:53.093Z,276,13
17,23,2023-08-15T19:09:53.093Z,480,9
20,35,2023-08-15T19:09:53.093Z,272,4
24,35,2023-08-15T19:09:53.093Z,895,4
5,17,2023-08-15T19:09:23.093Z,895,3
9,14,2023-08-15T19:09:23.093Z,81,13
14,19,2023-08-15T19:09:23.093Z,283,3
18,17,2023-08-15T19:09:23.093Z,480,3
20,35,2023-08-15T19:09:23.093Z,47,4
23,15,2023-08-15T19:09:23.093Z,667,14
30,32,2023-08-15T19:09:23.093Z,941,12
33,28,2023-08-15T19:09:23.093Z,337,6
35,29,2023-08-15T19:09:23.093Z,191,10
5,13,2023-08-15T19:09:33.093Z,890,3
7,1,2023-08-15T19:09:33.093Z,644,1
13,14,2023-08-15T19:09:33.093Z,198,13
19,33,2023-08-15T19:09:33.093Z,964,7
23,15,2023-08-15T19:09:33.093Z,853,14
27,34,2023-08-15T19:09:33.093Z,764,5
32,34,2023-08-15T19:09:33.093Z,380,6
35,29,2023-08-15T19:09:33.093Z,705,10
4,9,2023-08-15T19:09:43.093Z,760,2
9,14,2023-08-15T19:09:43.093Z,950,13
13,8,2023-08-15T19:09:43.093Z,571,13
15,15,2023-08-15T19:09:43.093Z,186,3
20,26,2023-08-15T19:09:43.093Z,969,4
28,29,2023-08-15T19:09:43.093Z,861,10
34,33,2023-08-15T19:09:43.093Z,387,7
1,18,2023-08-15T19:09:53.093Z,26,7
6,7,2023-08-15T19:09:53.093Z,650,8
8,2,2023-08-15T19:09:53.093Z,571,2
16,12,2023-08-15T19:09:53.093Z,588,3
19,33,2023-08-15T19:09:53.093Z,673,7
23,15,2023-08-15T19:09:53.093Z,994,14
26,27,2023-08-15T19:09:53.093Z,799,11
27,34,2023-08-15T19:09:53.093Z,864,5
31,32,2023-08-15T19:09:53.093Z,765,12
32,25,2023-08-15T19:09:53.093Z,359,6
34,33,2023-08-15T19:09:53.093Z,247,7
0,3,2023-08-15T19:10:03.093Z,228,1
1,18,2023-08-15T19:10:03.093Z,664,7
2,6,2023-08-15T19:10:03.093Z,50,1
5,17,2023-08-15T19:10:03.093Z,135,3
7,3,2023-08-15T19:10:03.093Z,954,1
9,8,2023-08-15T19:10:03.093Z,209,13
13,14,2023-08-15T19:10:03.093Z,578,13
14,4,2023-08-15T19:10:03.093Z,674,3
30,32,2023-08-15T19:10:03.093Z,558,12
32,34,2023-08-15T19:10:03.093Z,894,6
34,18,2023-08-15T19:10:03.093Z,258,7
3,9,2023-08-15T19:10:13.093Z,929,2
4,5,2023-08-15T19:10:13.093Z,603,2
5,20,2023-08-15T19:10:13.093Z,879,3
9,8,2023-08-15T19:10:13.093Z,418,13
13,8,2023-08-15T19:10:13.093Z,510,13
23,15,2023-08-15T19:10:13.093Z,480,14
25,24,2023-08-15T19:10:13.093Z,359,14
26,27,2023-08-15T19:10:13.093Z,495,11
27,31,2023-08-15T19:10:13.093Z,265,5
30,32,2023-08-15T19:10:13.093Z,449,12
34,18,2023-08-15T19:10:13.093Z,654,7
6,10,2023-08-15T19:10:23.093Z,50,8
9,14,2023-08-15T19:10:23.093Z,889,13
12,10,2023-08-15T19:10:23.093Z,543,8
13,14,2023-08-15T19:10:23.093Z,162,13
20,26,2023-08-15T19:10:23.093Z,373,4
26,27,2023-08-15T19:10:23.093Z,628,11
32,21,2023-08-15T19:10:23.093Z,514,6
34,18,2023-08-15T19:10:23.093Z,795,7
15,13,2023-08-15T19:10:03.093Z,395,3
19,0,2023-08-15T19:10:03.093Z,663,7
20,26,2023-08-15T19:10:03.093Z,315,4
25,24,2023-08-15T19:10:03.093Z,309,14
26,27,2023-08-15T19:10:03.093Z,216,11
27,34,2023-08-15T19:10:03.093Z,117,5
0,3,2023-08-15T19:10:13.093Z,496,1
7,3,2023-08-15T19:10:13.093Z,336,1
14,4,2023-08-15T19:10:13.093Z,794,3
15,12,2023-08-15T19:10:13.093Z,660,3
16,16,2023-08-15T19:10:13.093Z,318,3
18,12,2023-08-15T19:10:13.093Z,658,3
19,0,2023-08-15T19:10:13.093Z,157,7
31,32,2023-08-15T19:10:13.093Z,600,12
32,25,2023-08-15T19:10:13.093Z,591,6
0,6,2023-08-15T19:10:23.093Z,134,1
3,2,2023-08-15T19:10:23.093Z,878,2
5,4,2023-08-15T19:10:23.093Z,845,3
7,1,2023-08-15T19:10:23.093Z,987,1
8,5,2023-08-15T19:10:23.093Z,209,2
14,17,2023-08-15T19:10:23.093Z,81,3
16,4,2023-08-15T19:10:23.093Z,464,3
18,12,2023-08-15T19:10:23.093Z,240,3
31,32,2023-08-15T19:10:23.093Z,559,12
0,3,2023-08-15T19:10:33.093Z,40,1
2,6,2023-08-15T19:10:33.093Z,500,1
3,9,2023-08-15T19:10:33.093Z,228,2
5,20,2023-08-15T19:10:33.093Z,603,3
6,7,2023-08-15T19:10:33.093Z,134,8
8,2,2023-08-15T19:10:33.093Z,418,2
14,12,2023-08-15T19:10:33.093Z,198,3
27,31,2023-08-15T19:10:33.093Z,473,5
0,3,2023-08-15T19:10:43.093Z,69,1
2,1,2023-08-15T19:10:43.093Z,878,1
8,2,2023-08-15T19:10:43.093Z,510,2
13,14,2023-08-15T19:10:43.093Z,358,13
16,20,2023-08-15T19:10:43.093Z,855,3
24,26,2023-08-15T19:10:43.093Z,359,4
32,34,2023-08-15T19:10:43.093Z,261,6
9,8,2023-08-15T19:10:33.093Z,760,13
10,5,2023-08-15T19:10:33.093Z,50,2
12,7,2023-08-15T19:10:33.093Z,588,8
13,14,2023-08-15T19:10:33.093Z,116,13
15,12,2023-08-15T19:10:33.093Z,33,3
31,32,2023-08-15T19:10:33.093Z,265,12
34,18,2023-08-15T19:10:33.093Z,488,7
1,0,2023-08-15T19:10:43.093Z,721,7
3,11,2023-08-15T19:10:43.093Z,954,2
9,8,2023-08-15T19:10:43.093Z,929,13
15,12,2023-08-15T19:10:43.093Z,196,3
25,15,2023-08-15T19:10:43.093Z,591,14
26,27,2023-08-15T19:10:43.093Z,222,11
27,34,2023-08-15T19:10:43.093Z,914,5
0,6,2023-08-15T19:10:53.093Z,159,1
3,5,2023-08-15T19:10:53.093Z,496,2
7,6,2023-08-15T19:10:53.093Z,185,1
15,4,2023-08-15T19:10:53.093Z,124,3
19,0,2023-08-15T19:10:53.093Z,631,7
27,31,2023-08-15T19:10:53.093Z,945,5
32,25,2023-08-15T19:10:53.093Z,934,6
0,6,2023-08-15T19:11:03.093Z,663,1
3,2,2023-08-15T19:11:03.093Z,336,2
4,5,2023-08-15T19:11:03.093Z,674,2
6,10,2023-08-15T19:11:03.093Z,159,8
10,9,2023-08-15T19:11:03.093Z,543,2
14,12,2023-08-15T19:11:03.093Z,950,3
18,4,2023-08-15T19:11:03.093Z,977,3
27,31,2023-08-15T19:11:03.093Z,509,5
34,0,2023-08-15T19:11:03.093Z,717,7
6,10,2023-08-15T19:11:13.093Z,185,8
8,2,2023-08-15T19:11:13.093Z,434,2
13,8,2023-08-15T19:11:13.093Z,732,13
15,17,2023-08-15T19:11:13.093Z,996,3
18,13,2023-08-15T19:11:13.093Z,354,3
26,27,2023-08-15T19:11:13.093Z,295,11
28,30,2023-08-15T19:11:13.093Z,337,10
32,25,2023-08-15T19:11:13.093Z,411,6
1,18,2023-08-15T19:11:23.093Z,168,7
4,9,2023-08-15T19:11:23.093Z,845,2
9,8,2023-08-15T19:11:23.093Z,543,13
11,7,2023-08-15T19:11:23.093Z,159,8
13,8,2023-08-15T19:11:23.093Z,478,13
18,13,2023-08-15T19:11:23.093Z,218,3
21,16,2023-08-15T19:11:23.093Z,514,9
27,31,2023-08-15T19:11:23.093Z,11,5
32,34,2023-08-15T19:11:23.093Z,913,6
4,2,2023-08-15T19:11:33.093Z,464,2
6,10,2023-08-15T19:11:33.093Z,663,8
13,14,2023-08-15T19:11:33.093Z,890,13
18,12,2023-08-15T19:11:33.093Z,526,3
26,27,2023-08-15T19:11:33.093Z,530,11
1,18,2023-08-15T19:11:43.093Z,167,7
8,11,2023-08-15T19:11:43.093Z,732,2
15,20,2023-08-15T19:11:43.093Z,147,3
19,0,2023-08-15T19:11:43.093Z,921,7
30,32,2023-08-15T19:11:43.093Z,143,12
7,1,2023-08-15T19:11:53.093Z,772,1
12,7,2023-08-15T19:11:53.093Z,196,8
14,17,2023-08-15T19:11:53.093Z,116,3
34,33,2023-08-15T19:11:53.093Z,692,7
3,9,2023-08-15T19:12:03.093Z,69,2
15,13,2023-08-15T19:12:03.093Z,853,3
32,34,2023-08-15T19:12:03.093Z,798,6
14,20,2023-08-15T19:11:33.093Z,889,3
34,18,2023-08-15T19:11:33.093Z,381,7
10,9,2023-08-15T19:11:43.093Z,663,2
14,4,2023-08-15T19:11:43.093Z,162,3
26,27,2023-08-15T19:11:43.093Z,893,11
2,1,2023-08-15T19:11:53.093Z,434,1
4,11,2023-08-15T19:11:53.093Z,977,2
11,10,2023-08-15T19:11:53.093Z,732,8
34,33,2023-08-15T19:10:43.093Z,106,7
2,1,2023-08-15T19:10:53.093Z,571,1
6,7,2023-08-15T19:10:53.093Z,500,8
13,14,2023-08-15T19:10:53.093Z,369,13
16,13,2023-08-15T19:10:53.093Z,318,3
26,27,2023-08-15T19:10:53.093Z,311,11
31,32,2023-08-15T19:10:53.093Z,473,12
34,33,2023-08-15T19:10:53.093Z,744,7
2,3,2023-08-15T19:11:03.093Z,418,1
7,3,2023-08-15T19:11:03.093Z,837,1
12,7,2023-08-15T19:11:03.093Z,658,8
15,19,2023-08-15T19:11:03.093Z,302,3
26,27,2023-08-15T19:11:03.093Z,400,11
32,21,2023-08-15T19:11:03.093Z,410,6
4,9,2023-08-15T19:11:13.093Z,794,2
7,1,2023-08-15T19:11:13.093Z,441,1
10,11,2023-08-15T19:11:13.093Z,159,2
14,13,2023-08-15T19:11:13.093Z,276,3
16,13,2023-08-15T19:11:13.093Z,693,3
19,19,2023-08-15T19:11:13.093Z,302,7
27,31,2023-08-15T19:11:13.093Z,6,5
31,32,2023-08-15T19:11:13.093Z,945,12
34,33,2023-08-15T19:11:13.093Z,31,7
2,3,2023-08-15T19:11:23.093Z,510,1
7,1,2023-08-15T19:11:23.093Z,897,1
10,5,2023-08-15T19:11:23.093Z,185,2
12,7,2023-08-15T19:11:23.093Z,198,8
14,20,2023-08-15T19:11:23.093Z,578,3
19,33,2023-08-15T19:11:23.093Z,302,7
26,27,2023-08-15T19:11:23.093Z,242,11
30,32,2023-08-15T19:11:23.093Z,337,12
34,18,2023-08-15T19:11:23.093Z,144,7
5,17,2023-08-15T19:11:33.093Z,209,3
12,7,2023-08-15T19:11:33.093Z,33,8
15,13,2023-08-15T19:11:33.093Z,667,3
25,15,2023-08-15T19:11:33.093Z,934,14
31,32,2023-08-15T19:11:33.093Z,509,12
3,5,2023-08-15T19:11:43.093Z,383,2
9,14,2023-08-15T19:11:43.093Z,845,13
18,17,2023-08-15T19:11:43.093Z,606,3
27,31,2023-08-15T19:11:43.093Z,166,5
34,18,2023-08-15T19:11:43.093Z,332,7
9,8,2023-08-15T19:11:53.093Z,663,13
13,14,2023-08-15T19:11:53.093Z,318,13
18,4,2023-08-15T19:11:53.093Z,923,3
2,6,2023-08-15T19:12:03.093Z,464,1
14,12,2023-08-15T19:12:03.093Z,358,3
31,32,2023-08-15T19:12:03.093Z,6,12
7,1,2023-08-15T19:11:33.093Z,67,1
21,23,2023-08-15T19:11:33.093Z,410,9
4,5,2023-08-15T19:11:43.093Z,124,2
13,8,2023-08-15T19:11:43.093Z,395,13
23,15,2023-08-15T19:11:43.093Z,410,14
32,34,2023-08-15T19:11:43.093Z,463,6
3,9,2023-08-15T19:11:53.093Z,40,2
5,4,2023-08-15T19:11:53.093Z,496,3
23,15,2023-08-15T19:11:53.093Z,343,14
25,15,2023-08-15T19:11:53.093Z,411,14
1,33,2023-08-15T19:12:03.093Z,313,7
4,11,2023-08-15T19:12:03.093Z,162,2
5,17,2023-08-15T19:12:03.093Z,674,3
7,1,2023-08-15T19:12:03.093Z,235,1
10,9,2023-08-15T19:12:03.093Z,732,2
11,7,2023-08-15T19:12:03.093Z,741,8
12,7,2023-08-15T19:12:03.093Z,851,8
13,8,2023-08-15T19:12:03.093Z,299,13
18,13,2023-08-15T19:12:03.093Z,26,3
27,34,2023-08-15T19:12:03.093Z,114,5
34,33,2023-08-15T19:12:03.093Z,918,7
0,6,2023-08-15T19:12:13.093Z,157,1
3,11,2023-08-15T19:12:13.093Z,418,2
5,19,2023-08-15T19:12:13.093Z,185,3
7,3,2023-08-15T19:12:13.093Z,405,1
8,11,2023-08-15T19:12:13.093Z,395,2
11,7,2023-08-15T19:12:13.093Z,954,8
13,8,2023-08-15T19:12:13.093Z,276,13
15,19,2023-08-15T19:12:13.093Z,186,3
31,32,2023-08-15T19:12:13.093Z,11,12
6,7,2023-08-15T19:12:33.093Z,464,8
7,3,2023-08-15T19:12:33.093Z,650,1
18,17,2023-08-15T19:12:33.093Z,258,3
27,31,2023-08-15T19:12:33.093Z,88,5
32,21,2023-08-15T19:12:33.093Z,87,6
0,6,2023-08-15T19:12:43.093Z,717,1
3,9,2023-08-15T19:12:43.093Z,510,2
13,8,2023-08-15T19:12:43.093Z,218,13
15,20,2023-08-15T19:12:43.093Z,34,3
18,4,2023-08-15T19:12:43.093Z,654,3
31,32,2023-08-15T19:12:43.093Z,166,12
32,34,2023-08-15T19:12:43.093Z,453,6
1,33,2023-08-15T19:12:53.093Z,646,7
8,9,2023-08-15T19:12:53.093Z,299,2
18,17,2023-08-15T19:12:53.093Z,795,3
29,27,2023-08-15T19:12:53.093Z,761,11
31,32,2023-08-15T19:12:53.093Z,831,12
34,18,2023-08-15T19:12:53.093Z,960,7
4,9,2023-08-15T19:13:03.093Z,664,2
14,20,2023-08-15T19:13:03.093Z,732,3
34,33,2023-08-15T19:13:03.093Z,753,7
8,2,2023-08-15T19:13:13.093Z,276,2
14,4,2023-08-15T19:13:13.093Z,693,3
6,10,2023-08-15T19:13:23.093Z,588,8
13,8,2023-08-15T19:13:23.093Z,26,13
18,4,2023-08-15T19:13:23.093Z,168,3
0,3,2023-08-15T19:13:33.093Z,921,1
4,2,2023-08-15T19:13:33.093Z,890,2
7,6,2023-08-15T19:13:33.093Z,658,1
25,15,2023-08-15T19:13:33.093Z,552,14
5,4,2023-08-15T19:13:43.093Z,631,3
9,8,2023-08-15T19:12:13.093Z,69,13
26,27,2023-08-15T19:12:13.093Z,21,11
0,6,2023-08-15T19:12:23.093Z,721,1
7,1,2023-08-15T19:12:23.093Z,55,1
11,7,2023-08-15T19:12:23.093Z,977,8
15,19,2023-08-15T19:12:23.093Z,994,3
18,4,2023-08-15T19:12:23.093Z,664,3
22,21,2023-08-15T19:12:23.093Z,852,6
31,32,2023-08-15T19:12:23.093Z,857,12
0,3,2023-08-15T19:12:33.093Z,631,1
11,10,2023-08-15T19:12:33.093Z,162,8
16,13,2023-08-15T19:12:33.093Z,514,3
11,7,2023-08-15T19:12:43.093Z,418,8
3,9,2023-08-15T19:12:53.093Z,405,2
5,17,2023-08-15T19:12:53.093Z,663,3
8,5,2023-08-15T19:13:03.093Z,69,2
5,17,2023-08-15T19:13:13.093Z,923,3
13,8,2023-08-15T19:13:13.093Z,853,13
2,6,2023-08-15T19:13:23.093Z,132,1
9,14,2023-08-15T19:13:23.093Z,405,13
15,17,2023-08-15T19:13:23.093Z,934,3
32,34,2023-08-15T19:13:23.093Z,109,6
1,18,2023-08-15T19:13:33.093Z,528,7
6,7,2023-08-15T19:13:33.093Z,132,8
12,10,2023-08-15T19:13:33.093Z,950,8
34,33,2023-08-15T19:13:33.093Z,184,7
18,20,2023-08-15T19:13:43.093Z,144,3
32,25,2023-08-15T19:13:43.093Z,765,6
32,34,2023-08-15T19:12:13.093Z,865,6
1,0,2023-08-15T19:12:23.093Z,900,7
5,17,2023-08-15T19:12:23.093Z,383,3
9,14,2023-08-15T19:12:23.093Z,732,13
14,4,2023-08-15T19:12:23.093Z,369,3
27,34,2023-08-15T19:12:23.093Z,668,5
34,18,2023-08-15T19:12:23.093Z,10,7
4,5,2023-08-15T19:12:33.093Z,923,2
14,4,2023-08-15T19:12:33.093Z,890,3
26,27,2023-08-15T19:12:33.093Z,605,11
5,12,2023-08-15T19:12:43.093Z,124,3
27,34,2023-08-15T19:12:43.093Z,455,5
4,11,2023-08-15T19:12:53.093Z,369,2
14,17,2023-08-15T19:12:53.093Z,318,3
26,27,2023-08-15T19:12:53.093Z,195,11
7,6,2023-08-15T19:13:03.093Z,588,1
13,14,2023-08-15T19:13:03.093Z,667,13
18,20,2023-08-15T19:13:03.093Z,488,3
27,34,2023-08-15T19:13:03.093Z,671,5
3,5,2023-08-15T19:13:13.093Z,631,2
6,10,2023-08-15T19:13:13.093Z,717,8
19,19,2023-08-15T19:13:13.093Z,186,7
3,5,2023-08-15T19:13:23.093Z,650,2
7,1,2023-08-15T19:13:23.093Z,500,1
10,2,2023-08-15T19:13:23.093Z,717,2
14,4,2023-08-15T19:13:23.093Z,354,3
17,16,2023-08-15T19:13:23.093Z,135,9
27,31,2023-08-15T19:13:23.093Z,958,5
2,3,2023-08-15T19:13:33.093Z,276,1
9,14,2023-08-15T19:13:33.093Z,299,13
17,16,2023-08-15T19:13:33.093Z,81,9
27,34,2023-08-15T19:13:33.093Z,770,5
0,3,2023-08-15T19:13:43.093Z,900,1
7,3,2023-08-15T19:13:43.093Z,159,1
9,14,2023-08-15T19:13:43.093Z,664,13
17,22,2023-08-15T19:13:43.093Z,172,9
31,32,2023-08-15T19:13:43.093Z,958,12
10,2,2023-08-15T19:13:43.093Z,588,2
19,18,2023-08-15T19:13:43.093Z,186,7
27,31,2023-08-15T19:12:13.093Z,831,5
34,18,2023-08-15T19:12:13.093Z,79,7
3,11,2023-08-15T19:12:23.093Z,837,2
8,5,2023-08-15T19:12:23.093Z,663,2
13,14,2023-08-15T19:12:23.093Z,693,13
26,27,2023-08-15T19:12:23.093Z,23,11
32,34,2023-08-15T19:12:23.093Z,933,6
1,18,2023-08-15T19:12:33.093Z,197,7
13,14,2023-08-15T19:12:33.093Z,354,13
15,12,2023-08-15T19:12:33.093Z,480,3
34,33,2023-08-15T19:12:33.093Z,769,7
14,19,2023-08-15T19:12:43.093Z,845,3
34,33,2023-08-15T19:12:43.093Z,307,7
11,7,2023-08-15T19:12:53.093Z,395,8
21,16,2023-08-15T19:12:53.093Z,852,9
32,25,2023-08-15T19:12:53.093Z,355,6
9,14,2023-08-15T19:13:03.093Z,510,13
15,12,2023-08-15T19:13:03.093Z,118,3
21,16,2023-08-15T19:13:03.093Z,87,9
31,32,2023-08-15T19:13:03.093Z,88,12
4,2,2023-08-15T19:13:13.093Z,132,2
7,1,2023-08-15T19:13:13.093Z,821,1
34,18,2023-08-15T19:13:13.093Z,207,7
5,13,2023-08-15T19:13:23.093Z,69,3
8,5,2023-08-15T19:13:23.093Z,218,2
11,10,2023-08-15T19:13:23.093Z,369,8
16,17,2023-08-15T19:13:23.093Z,852,3
25,15,2023-08-15T19:13:23.093Z,355,14
34,18,2023-08-15T19:13:23.093Z,430,7
8,5,2023-08-15T19:13:33.093Z,853,2
16,12,2023-08-15T19:13:33.093Z,87,3
19,19,2023-08-15T19:13:33.093Z,845,7
32,34,2023-08-15T19:13:33.093Z,866,6
4,11,2023-08-15T19:13:43.093Z,654,2
8,9,2023-08-15T19:13:43.093Z,26,2
15,12,2023-08-15T19:13:43.093Z,410,3
24,26,2023-08-15T19:13:43.093Z,309,4
34,33,2023-08-15T19:13:43.093Z,141,7
3,5,2023-08-15T19:13:53.093Z,921,2
5,17,2023-08-15T19:13:53.093Z,650,3
7,1,2023-08-15T19:13:53.093Z,198,1
10,9,2023-08-15T19:13:53.093Z,369,2
12,7,2023-08-15T19:13:53.093Z,32,8
18,12,2023-08-15T19:13:53.093Z,381,3
26,27,2023-08-15T19:13:53.093Z,730,11
2,1,2023-08-15T19:14:03.093Z,588,1
17,16,2023-08-15T19:14:03.093Z,996,9
29,27,2023-08-15T19:14:03.093Z,604,11
32,25,2023-08-15T19:14:03.093Z,449,6
10,2,2023-08-15T19:14:03.093Z,950,2
13,14,2023-08-15T19:14:03.093Z,662,13
18,13,2023-08-15T19:14:03.093Z,167,3
31,32,2023-08-15T19:14:03.093Z,181,12
6,7,2023-08-15T19:14:13.093Z,721,8
10,9,2023-08-15T19:14:13.093Z,658,2
26,27,2023-08-15T19:14:13.093Z,883,11
5,12,2023-08-15T19:14:23.093Z,921,3
9,14,2023-08-15T19:14:23.093Z,64,13
13,14,2023-08-15T19:14:23.093Z,69,13
18,4,2023-08-15T19:14:23.093Z,332,3
27,34,2023-08-15T19:14:23.093Z,263,5
34,33,2023-08-15T19:14:23.093Z,535,7
3,5,2023-08-15T19:14:33.093Z,276,2
5,12,2023-08-15T19:14:33.093Z,354,3
8,5,2023-08-15T19:14:33.093Z,478,2
12,7,2023-08-15T19:14:33.093Z,358,8
17,22,2023-08-15T19:14:33.093Z,116,9
26,27,2023-08-15T19:14:33.093Z,827,11
32,34,2023-08-15T19:13:53.093Z,558,6
5,17,2023-08-15T19:14:03.093Z,218,3
11,7,2023-08-15T19:14:03.093Z,693,8
19,0,2023-08-15T19:14:03.093Z,845,7
5,19,2023-08-15T19:14:13.093Z,853,3
7,3,2023-08-15T19:14:13.093Z,196,1
9,8,2023-08-15T19:14:13.093Z,369,13
13,14,2023-08-15T19:14:13.093Z,514,13
25,15,2023-08-15T19:14:13.093Z,765,14
27,34,2023-08-15T19:14:13.093Z,126,5
4,11,2023-08-15T19:14:23.093Z,631,2
2,1,2023-08-15T19:13:53.093Z,890,1
4,11,2023-08-15T19:13:53.093Z,693,2
6,10,2023-08-15T19:13:53.093Z,658,8
9,14,2023-08-15T19:13:53.093Z,26,13
11,10,2023-08-15T19:13:53.093Z,654,8
15,17,2023-08-15T19:13:53.093Z,343,3
19,18,2023-08-15T19:13:53.093Z,339,7
27,31,2023-08-15T19:13:53.093Z,181,5
1,0,2023-08-15T19:14:03.093Z,8,7
4,5,2023-08-15T19:14:03.093Z,354,2
27,31,2023-08-15T19:14:03.093Z,685,5
4,11,2023-08-15T19:14:13.093Z,168,2
8,5,2023-08-15T19:14:13.093Z,543,2
17,23,2023-08-15T19:14:13.093Z,209,9
29,27,2023-08-15T19:14:13.093Z,439,11
6,10,2023-08-15T19:14:23.093Z,157,8
10,9,2023-08-15T19:14:23.093Z,654,2
15,17,2023-08-15T19:14:23.093Z,411,3
25,15,2023-08-15T19:14:23.093Z,449,14
32,25,2023-08-15T19:14:23.093Z,600,6
0,6,2023-08-15T19:14:33.093Z,8,1
4,9,2023-08-15T19:14:33.093Z,332,2
7,1,2023-08-15T19:14:33.093Z,741,1
11,10,2023-08-15T19:14:33.093Z,631,8
15,20,2023-08-15T19:14:33.093Z,591,3
22,34,2023-08-15T19:14:33.093Z,172,6
8,5,2023-08-15T19:14:43.093Z,369,2
13,14,2023-08-15T19:14:43.093Z,167,13
18,4,2023-08-15T19:14:43.093Z,79,3
32,25,2023-08-15T19:14:43.093Z,265,6
9,14,2023-08-15T19:14:53.093Z,332,13
14,17,2023-08-15T19:14:53.093Z,510,3
25,15,2023-08-15T19:14:53.093Z,600,14
28,29,2023-08-15T19:14:53.093Z,1,10
33,28,2023-08-15T19:14:53.093Z,489,6
1,1,2023-08-15T19:15:03.093Z,504,7
4,2,2023-08-15T19:15:03.093Z,355,2
7,1,2023-08-15T19:15:03.093Z,851,1
15,17,2023-08-15T19:15:03.093Z,552,3
19,33,2023-08-15T19:15:03.093Z,994,7
28,30,2023-08-15T19:15:03.093Z,116,10
31,32,2023-08-15T19:15:03.093Z,554,12
1,0,2023-08-15T19:15:13.093Z,7,7
5,17,2023-08-15T19:15:13.093Z,478,3
10,5,2023-08-15T19:15:13.093Z,162,2
17,22,2023-08-15T19:15:13.093Z,258,9
27,31,2023-08-15T19:15:13.093Z,877,5
35,29,2023-08-15T19:15:13.093Z,403,10
4,9,2023-08-15T19:15:23.093Z,667,2
11,7,2023-08-15T19:15:23.093Z,845,8
14,13,2023-08-15T19:15:23.093Z,405,3
16,13,2023-08-15T19:15:23.093Z,135,3
28,30,2023-08-15T19:15:23.093Z,489,10
23,15,2023-08-15T19:14:33.093Z,209,14
32,21,2023-08-15T19:14:33.093Z,559,6
15,4,2023-08-15T19:14:43.093Z,355,3
31,32,2023-08-15T19:14:43.093Z,685,12
35,29,2023-08-15T19:14:43.093Z,670,10
12,10,2023-08-15T19:14:53.093Z,124,8
18,20,2023-08-15T19:14:53.093Z,10,3
22,28,2023-08-15T19:14:53.093Z,116,6
29,27,2023-08-15T19:14:53.093Z,810,11
3,11,2023-08-15T19:15:03.093Z,196,2
17,22,2023-08-15T19:15:03.093Z,383,9
30,32,2023-08-15T19:15:03.093Z,224,12
3,11,2023-08-15T19:15:13.093Z,845,2
15,17,2023-08-15T19:15:13.093Z,765,3
32,34,2023-08-15T19:15:13.093Z,337,6
10,2,2023-08-15T19:15:23.093Z,124,2
17,16,2023-08-15T19:15:23.093Z,663,9
21,22,2023-08-15T19:15:23.093Z,945,9
30,32,2023-08-15T19:15:23.093Z,93,12
27,34,2023-08-15T19:14:33.093Z,892,5
9,14,2023-08-15T19:14:43.093Z,654,13
17,16,2023-08-15T19:14:43.093Z,674,9
27,31,2023-08-15T19:14:43.093Z,554,5
5,12,2023-08-15T19:14:53.093Z,543,3
10,5,2023-08-15T19:14:53.093Z,157,2
20,26,2023-08-15T19:14:53.093Z,84,4
27,34,2023-08-15T19:14:53.093Z,35,5
32,21,2023-08-15T19:14:53.093Z,473,6
34,33,2023-08-15T19:14:53.093Z,406,7
2,3,2023-08-15T19:15:03.093Z,950,1
5,12,2023-08-15T19:15:03.093Z,276,3
14,4,2023-08-15T19:15:03.093Z,667,3
18,13,2023-08-15T19:15:03.093Z,197,3
25,15,2023-08-15T19:15:03.093Z,265,14
29,27,2023-08-15T19:15:03.093Z,797,11
32,21,2023-08-15T19:15:03.093Z,945,6
4,5,2023-08-15T19:15:13.093Z,79,2
6,7,2023-08-15T19:15:13.093Z,8,8
12,10,2023-08-15T19:15:13.093Z,660,8
18,4,2023-08-15T19:15:13.093Z,960,3
30,32,2023-08-15T19:15:13.093Z,116,12
1,18,2023-08-15T19:15:23.093Z,816,7
5,20,2023-08-15T19:15:23.093Z,369,3
12,7,2023-08-15T19:15:23.093Z,87,8
15,17,2023-08-15T19:15:23.093Z,449,3
20,26,2023-08-15T19:15:23.093Z,482,4
33,21,2023-08-15T19:15:23.093Z,940,6
29,27,2023-08-15T19:14:33.093Z,190,11
0,3,2023-08-15T19:14:43.093Z,845,1
20,35,2023-08-15T19:14:43.093Z,621,4
33,28,2023-08-15T19:14:43.093Z,1,6
8,2,2023-08-15T19:14:53.093Z,760,2
17,16,2023-08-15T19:14:53.093Z,58,9
21,16,2023-08-15T19:14:53.093Z,559,9
26,27,2023-08-15T19:14:53.093Z,708,11
35,30,2023-08-15T19:14:53.093Z,224,10
12,7,2023-08-15T19:15:03.093Z,118,8
20,26,2023-08-15T19:15:03.093Z,974,4
35,30,2023-08-15T19:15:03.093Z,93,10
7,3,2023-08-15T19:15:13.093Z,954,1
20,35,2023-08-15T19:15:13.093Z,516,4
2,1,2023-08-15T19:15:23.093Z,717,1
13,8,2023-08-15T19:15:23.093Z,197,13
18,20,2023-08-15T19:15:23.093Z,207,3
27,34,2023-08-15T19:15:23.093Z,391,5
32,25,2023-08-15T19:15:23.093Z,509,6
1,0,2023-08-15T19:15:33.093Z,296,7
5,19,2023-08-15T19:15:33.093Z,157,3
12,7,2023-08-15T19:15:33.093Z,410,8
1,33,2023-08-15T19:15:43.093Z,423,7
16,13,2023-08-15T19:15:43.093Z,81,3
21,16,2023-08-15T19:15:43.093Z,940,9
2,6,2023-08-15T19:15:53.093Z,124,1
13,8,2023-08-15T19:15:53.093Z,405,13
18,20,2023-08-15T19:15:53.093Z,186,3
27,34,2023-08-15T19:15:53.093Z,459,5
32,21,2023-08-15T19:15:53.093Z,11,6
1,18,2023-08-15T19:16:03.093Z,217,7
5,13,2023-08-15T19:16:03.093Z,660,3
7,3,2023-08-15T19:16:03.093Z,395,1
9,8,2023-08-15T19:16:03.093Z,228,13
12,10,2023-08-15T19:16:03.093Z,354,8
16,20,2023-08-15T19:16:03.093Z,674,3
2,3,2023-08-15T19:15:33.093Z,760,1
26,27,2023-08-15T19:15:33.093Z,714,11
2,6,2023-08-15T19:15:43.093Z,355,1
14,12,2023-08-15T19:15:43.093Z,299,3
17,22,2023-08-15T19:15:43.093Z,795,9
20,35,2023-08-15T19:15:43.093Z,666,4
33,21,2023-08-15T19:15:43.093Z,964,6
5,13,2023-08-15T19:15:53.093Z,162,3
11,7,2023-08-15T19:15:53.093Z,196,8
17,23,2023-08-15T19:15:53.093Z,923,9
9,8,2023-08-15T19:15:33.093Z,667,13
18,12,2023-08-15T19:15:33.093Z,430,3
30,32,2023-08-15T19:15:33.093Z,489,12
33,25,2023-08-15T19:15:33.093Z,990,6
5,12,2023-08-15T19:15:43.093Z,79,3
12,10,2023-08-15T19:15:43.093Z,381,8
18,4,2023-08-15T19:15:43.093Z,528,3
32,21,2023-08-15T19:15:43.093Z,6,6
34,0,2023-08-15T19:15:43.093Z,131,7
6,10,2023-08-15T19:15:53.093Z,977,8
8,11,2023-08-15T19:15:53.093Z,667,2
16,13,2023-08-15T19:15:53.093Z,996,3
25,24,2023-08-15T19:15:53.093Z,509,14
18,17,2023-08-15T19:16:03.093Z,339,3
24,26,2023-08-15T19:16:03.093Z,509,4
7,6,2023-08-15T19:15:33.093Z,977,1
10,5,2023-08-15T19:15:33.093Z,660,2
17,22,2023-08-15T19:15:33.093Z,318,9
32,34,2023-08-15T19:15:33.093Z,143,6
34,33,2023-08-15T19:15:33.093Z,871,7
7,3,2023-08-15T19:15:43.093Z,464,1
27,34,2023-08-15T19:15:43.093Z,262,5
1,18,2023-08-15T19:15:53.093Z,690,7
7,1,2023-08-15T19:15:53.093Z,418,1
14,12,2023-08-15T19:15:53.093Z,664,3
20,35,2023-08-15T19:15:53.093Z,378,4
26,27,2023-08-15T19:15:53.093Z,498,11
34,33,2023-08-15T19:15:53.093Z,174,7
6,7,2023-08-15T19:16:03.093Z,355,8
11,7,2023-08-15T19:16:03.093Z,667,8
17,22,2023-08-15T19:16:03.093Z,934,9
27,34,2023-08-15T19:16:03.093Z,694,5
31,32,2023-08-15T19:16:03.093Z,877,12
33,28,2023-08-15T19:16:03.093Z,387,6
0,3,2023-08-15T19:16:13.093Z,7,1
3,5,2023-08-15T19:16:13.093Z,950,2
6,7,2023-08-15T19:16:13.093Z,124,8
8,5,2023-08-15T19:16:13.093Z,228,2
11,7,2023-08-15T19:16:13.093Z,837,8
13,8,2023-08-15T19:16:13.093Z,81,13
18,13,2023-08-15T19:16:13.093Z,816,3
22,28,2023-08-15T19:16:13.093Z,258,6
31,32,2023-08-15T19:16:13.093Z,710,12
35,35,2023-08-15T19:16:13.093Z,912,10
7,1,2023-08-15T19:16:23.093Z,32,1
10,5,2023-08-15T19:16:23.093Z,381,2
16,4,2023-08-15T19:16:23.093Z,559,3
20,26,2023-08-15T19:16:23.093Z,755,4
21,23,2023-08-15T19:16:23.093Z,964,9
27,31,2023-08-15T19:16:23.093Z,809,5
18,17,2023-08-15T19:16:33.093Z,217,3
19,18,2023-08-15T19:16:33.093Z,185,7
22,21,2023-08-15T19:16:33.093Z,318,6
26,27,2023-08-15T19:16:33.093Z,959,11
29,27,2023-08-15T19:16:33.093Z,633,11
1,0,2023-08-15T19:16:43.093Z,334,7
12,7,2023-08-15T19:16:43.093Z,276,8
23,15,2023-08-15T19:16:43.093Z,852,14
27,34,2023-08-15T19:16:43.093Z,916,5
35,30,2023-08-15T19:16:43.093Z,494,10
18,20,2023-08-15T19:16:53.093Z,185,3
27,31,2023-08-15T19:16:53.093Z,408,5
6,10,2023-08-15T19:17:03.093Z,954,8
10,9,2023-08-15T19:17:03.093Z,693,2
21,23,2023-08-15T19:17:03.093Z,318,9
23,15,2023-08-15T19:17:03.093Z,166,14
32,21,2023-08-15T19:17:03.093Z,88,6
17,23,2023-08-15T19:16:13.093Z,852,9
27,31,2023-08-15T19:16:13.093Z,111,5
0,3,2023-08-15T19:16:23.093Z,296,1
3,5,2023-08-15T19:16:23.093Z,159,2
14,20,2023-08-15T19:16:23.093Z,514,3
18,12,2023-08-15T19:16:23.093Z,690,3
24,35,2023-08-15T19:16:23.093Z,990,4
34,33,2023-08-15T19:16:23.093Z,683,7
3,2,2023-08-15T19:16:33.093Z,954,2
8,11,2023-08-15T19:16:33.093Z,81,2
11,7,2023-08-15T19:16:33.093Z,528,8
14,19,2023-08-15T19:16:33.093Z,64,3
21,22,2023-08-15T19:16:33.093Z,11,9
35,30,2023-08-15T19:16:33.093Z,48,10
7,1,2023-08-15T19:16:43.093Z,721,1
15,20,2023-08-15T19:16:43.093Z,600,3
20,26,2023-08-15T19:16:43.093Z,754,4
22,21,2023-08-15T19:16:43.093Z,795,6
29,27,2023-08-15T19:16:43.093Z,304,11
2,6,2023-08-15T19:16:53.093Z,954,1
7,1,2023-08-15T19:16:53.093Z,358,1
12,10,2023-08-15T19:16:53.093Z,430,8
17,16,2023-08-15T19:16:53.093Z,411,9
30,32,2023-08-15T19:16:53.093Z,48,12
32,34,2023-08-15T19:16:53.093Z,831,6
35,30,2023-08-15T19:16:53.093Z,525,10
11,7,2023-08-15T19:17:03.093Z,81,8
19,0,2023-08-15T19:17:03.093Z,853,7
29,27,2023-08-15T19:17:03.093Z,156,11
35,29,2023-08-15T19:17:03.093Z,539,10
29,27,2023-08-15T19:15:53.093Z,445,11
4,2,2023-08-15T19:16:03.093Z,960,2
8,5,2023-08-15T19:16:03.093Z,405,2
13,14,2023-08-15T19:16:03.093Z,135,13
22,34,2023-08-15T19:16:03.093Z,383,6
29,27,2023-08-15T19:16:03.093Z,506,11
32,25,2023-08-15T19:16:03.093Z,857,6
35,29,2023-08-15T19:16:03.093Z,716,10
1,18,2023-08-15T19:16:13.093Z,748,7
4,11,2023-08-15T19:16:13.093Z,528,2
7,3,2023-08-15T19:16:13.093Z,132,1
10,11,2023-08-15T19:16:13.093Z,354,2
12,7,2023-08-15T19:16:13.093Z,526,8
16,12,2023-08-15T19:16:13.093Z,58,3
21,16,2023-08-15T19:16:13.093Z,6,9
25,24,2023-08-15T19:16:13.093Z,990,14
32,21,2023-08-15T19:16:13.093Z,166,6
2,3,2023-08-15T19:16:23.093Z,960,1
11,7,2023-08-15T19:16:23.093Z,168,8
17,22,2023-08-15T19:16:23.093Z,650,9
32,34,2023-08-15T19:16:23.093Z,129,6
17,22,2023-08-15T19:16:33.093Z,343,9
27,34,2023-08-15T19:16:33.093Z,384,5
28,29,2023-08-15T19:16:33.093Z,387,10
3,5,2023-08-15T19:16:43.093Z,760,2
4,5,2023-08-15T19:16:43.093Z,559,2
11,7,2023-08-15T19:16:43.093Z,354,8
34,33,2023-08-15T19:16:43.093Z,170,7
0,3,2023-08-15T19:16:53.093Z,131,1
21,22,2023-08-15T19:16:53.093Z,673,9
28,30,2023-08-15T19:16:53.093Z,247,10
7,1,2023-08-15T19:17:03.093Z,134,1
20,35,2023-08-15T19:17:03.093Z,655,4
22,25,2023-08-15T19:17:03.093Z,650,6
26,27,2023-08-15T19:17:03.093Z,651,11
14,17,2023-08-15T19:16:13.093Z,662,3
20,35,2023-08-15T19:16:13.093Z,37,4
29,27,2023-08-15T19:16:13.093Z,822,11
1,33,2023-08-15T19:16:23.093Z,90,7
8,11,2023-08-15T19:16:23.093Z,929,2
15,20,2023-08-15T19:16:23.093Z,209,3
22,25,2023-08-15T19:16:23.093Z,945,6
33,21,2023-08-15T19:16:23.093Z,673,6
1,1,2023-08-15T19:16:33.093Z,586,7
7,6,2023-08-15T19:16:33.093Z,693,1
9,14,2023-08-15T19:16:33.093Z,794,13
12,7,2023-08-15T19:16:33.093Z,543,8
20,26,2023-08-15T19:16:33.093Z,580,4
34,18,2023-08-15T19:16:33.093Z,842,7
5,20,2023-08-15T19:16:43.093Z,950,3
13,14,2023-08-15T19:16:43.093Z,162,13
18,12,2023-08-15T19:16:43.093Z,748,3
21,23,2023-08-15T19:16:43.093Z,166,9
28,30,2023-08-15T19:16:43.093Z,258,10
33,28,2023-08-15T19:16:43.093Z,247,6
6,10,2023-08-15T19:16:53.093Z,693,8
11,7,2023-08-15T19:16:53.093Z,929,8
15,12,2023-08-15T19:16:53.093Z,265,3
22,21,2023-08-15T19:16:53.093Z,934,6
31,32,2023-08-15T19:16:53.093Z,111,12
33,21,2023-08-15T19:16:53.093Z,106,6
1,0,2023-08-15T19:17:03.093Z,43,7
17,23,2023-08-15T19:17:03.093Z,510,9
27,34,2023-08-15T19:17:03.093Z,991,5
33,25,2023-08-15T19:17:03.093Z,744,6
7,1,2023-08-15T19:17:13.093Z,212,1
27,31,2023-08-15T19:17:13.093Z,648,5
5,13,2023-08-15T19:17:23.093Z,228,3
12,7,2023-08-15T19:17:23.093Z,299,8
20,26,2023-08-15T19:17:23.093Z,352,4
27,34,2023-08-15T19:17:23.093Z,609,5
32,21,2023-08-15T19:17:23.093Z,958,6
0,6,2023-08-15T19:17:33.093Z,334,1
7,1,2023-08-15T19:17:33.093Z,597,1
15,4,2023-08-15T19:17:33.093Z,852,3
25,15,2023-08-15T19:17:33.093Z,945,14
33,21,2023-08-15T19:17:33.093Z,692,6
1,1,2023-08-15T19:17:43.093Z,583,7
7,3,2023-08-15T19:17:43.093Z,8,1
14,13,2023-08-15T19:17:43.093Z,332,3
21,16,2023-08-15T19:17:43.093Z,934,9
30,32,2023-08-15T19:17:43.093Z,31,12
34,18,2023-08-15T19:17:43.093Z,165,7
4,2,2023-08-15T19:17:53.093Z,166,2
10,5,2023-08-15T19:17:53.093Z,118,2
14,4,2023-08-15T19:17:53.093Z,135,3
27,31,2023-08-15T19:17:53.093Z,801,5
1,0,2023-08-15T19:18:03.093Z,287,7
6,10,2023-08-15T19:18:03.093Z,43,8
13,14,2023-08-15T19:18:03.093Z,996,13
26,27,2023-08-15T19:18:03.093Z,483,11
32,28,2023-08-15T19:18:03.093Z,685,6
2,1,2023-08-15T19:18:13.093Z,166,1
7,3,2023-08-15T19:18:13.093Z,410,1
14,17,2023-08-15T19:17:13.093Z,69,3
18,13,2023-08-15T19:17:13.093Z,842,3
33,28,2023-08-15T19:17:13.093Z,31,6
9,8,2023-08-15T19:17:23.093Z,693,13
16,12,2023-08-15T19:17:23.093Z,6,3
25,15,2023-08-15T19:17:23.093Z,857,14
29,27,2023-08-15T19:17:23.093Z,398,11
34,18,2023-08-15T19:17:23.093Z,246,7
5,12,2023-08-15T19:17:33.093Z,159,3
9,8,2023-08-15T19:17:33.093Z,464,13
20,35,2023-08-15T19:17:33.093Z,41,4
27,34,2023-08-15T19:17:33.093Z,532,5
35,29,2023-08-15T19:17:33.093Z,872,10
4,2,2023-08-15T19:17:43.093Z,852,2
12,7,2023-08-15T19:17:43.093Z,58,8
17,16,2023-08-15T19:17:43.093Z,449,9
23,15,2023-08-15T19:17:43.093Z,795,14
32,21,2023-08-15T19:17:43.093Z,342,6
0,6,2023-08-15T19:17:53.093Z,853,1
8,5,2023-08-15T19:17:53.093Z,816,2
12,7,2023-08-15T19:17:53.093Z,690,8
20,35,2023-08-15T19:17:53.093Z,507,4
33,28,2023-08-15T19:17:53.093Z,918,6
3,9,2023-08-15T19:18:03.093Z,132,2
9,14,2023-08-15T19:18:03.093Z,395,13
16,17,2023-08-15T19:18:03.093Z,663,3
29,27,2023-08-15T19:18:03.093Z,256,11
35,30,2023-08-15T19:18:03.093Z,253,10
5,20,2023-08-15T19:18:13.093Z,559,3
9,14,2023-08-15T19:18:13.093Z,132,13
14,4,2023-08-15T19:18:13.093Z,162,3
20,26,2023-08-15T19:18:13.093Z,458,4
27,34,2023-08-15T19:18:13.093Z,630,5
34,18,2023-08-15T19:18:13.093Z,927,7
5,19,2023-08-15T19:18:23.093Z,954,3
13,14,2023-08-15T19:18:23.093Z,228,13
22,25,2023-08-15T19:18:23.093Z,673,6
29,27,2023-08-15T19:18:23.093Z,415,11
3,5,2023-08-15T19:18:33.093Z,131,2
11,10,2023-08-15T19:18:33.093Z,960,8
20,35,2023-08-15T19:18:33.093Z,807,4
32,21,2023-08-15T19:18:33.093Z,224,6
10,9,2023-08-15T19:18:43.093Z,960,2
18,17,2023-08-15T19:18:43.093Z,165,3
34,18,2023-08-15T19:18:43.093Z,121,7
3,9,2023-08-15T19:17:13.093Z,464,2
17,16,2023-08-15T19:17:13.093Z,552,9
30,32,2023-08-15T19:17:13.093Z,494,12
7,6,2023-08-15T19:17:23.093Z,118,1
13,14,2023-08-15T19:17:23.093Z,660,13
23,15,2023-08-15T19:17:23.093Z,318,14
28,30,2023-08-15T19:17:23.093Z,31,10
33,25,2023-08-15T19:17:23.093Z,302,6
3,9,2023-08-15T19:17:33.093Z,395,2
8,2,2023-08-15T19:17:33.093Z,693,2
17,16,2023-08-15T19:17:33.093Z,765,9
26,27,2023-08-15T19:17:33.093Z,992,11
34,33,2023-08-15T19:17:33.093Z,768,7
2,1,2023-08-15T19:17:43.093Z,693,1
8,11,2023-08-15T19:17:43.093Z,464,2
15,4,2023-08-15T19:17:43.093Z,166,3
22,34,2023-08-15T19:17:43.093Z,343,6
31,32,2023-08-15T19:17:43.093Z,809,12
35,29,2023-08-15T19:17:43.093Z,272,10
6,7,2023-08-15T19:17:53.093Z,334,8
11,10,2023-08-15T19:17:53.093Z,464,8
16,4,2023-08-15T19:17:53.093Z,411,3
31,32,2023-08-15T19:17:53.093Z,408,12
2,6,2023-08-15T19:18:03.093Z,852,1
7,1,2023-08-15T19:18:03.093Z,87,1
14,19,2023-08-15T19:18:03.093Z,794,3
27,34,2023-08-15T19:18:03.093Z,758,5
33,21,2023-08-15T19:18:03.093Z,769,6
3,5,2023-08-15T19:18:13.093Z,296,2
8,9,2023-08-15T19:18:13.093Z,842,2
15,12,2023-08-15T19:18:13.093Z,318,3
21,22,2023-08-15T19:18:13.093Z,958,9
30,32,2023-08-15T19:18:13.093Z,895,12
1,0,2023-08-15T19:18:23.093Z,619,7
16,4,2023-08-15T19:18:13.093Z,552,3
22,34,2023-08-15T19:18:13.093Z,11,6
31,32,2023-08-15T19:18:13.093Z,801,12
3,11,2023-08-15T19:18:23.093Z,960,2
7,1,2023-08-15T19:18:23.093Z,196,1
20,26,2023-08-15T19:18:23.093Z,187,4
25,15,2023-08-15T19:18:23.093Z,302,14
35,29,2023-08-15T19:18:23.093Z,621,10
7,3,2023-08-15T19:18:33.093Z,355,1
18,12,2023-08-15T19:18:33.093Z,246,3
27,34,2023-08-15T19:18:33.093Z,363,5
4,9,2023-08-15T19:18:43.093Z,162,2
14,19,2023-08-15T19:18:43.093Z,660,3
32,21,2023-08-15T19:18:43.093Z,554,6
35,30,2023-08-15T19:18:43.093Z,666,10
8,9,2023-08-15T19:17:13.093Z,436,2
23,15,2023-08-15T19:17:13.093Z,510,14
35,29,2023-08-15T19:17:13.093Z,183,10
10,5,2023-08-15T19:17:23.093Z,954,2
17,22,2023-08-15T19:17:23.093Z,478,9
26,27,2023-08-15T19:17:23.093Z,95,11
30,32,2023-08-15T19:17:23.093Z,247,12
35,29,2023-08-15T19:17:23.093Z,47,10
6,10,2023-08-15T19:17:33.093Z,118,8
12,7,2023-08-15T19:17:33.093Z,664,8
21,23,2023-08-15T19:17:33.093Z,795,9
30,32,2023-08-15T19:17:33.093Z,525,12
0,6,2023-08-15T19:17:43.093Z,43,1
5,19,2023-08-15T19:17:43.093Z,381,3
13,8,2023-08-15T19:17:43.093Z,816,13
20,26,2023-08-15T19:17:43.093Z,762,4
25,15,2023-08-15T19:17:43.093Z,650,14
33,25,2023-08-15T19:17:43.093Z,313,6
3,5,2023-08-15T19:17:53.093Z,7,2
9,14,2023-08-15T19:17:53.093Z,436,13
13,8,2023-08-15T19:17:53.093Z,842,13
21,16,2023-08-15T19:17:53.093Z,106,9
35,30,2023-08-15T19:17:53.093Z,895,10
5,20,2023-08-15T19:18:03.093Z,760,3
10,5,2023-08-15T19:18:03.093Z,464,2
21,22,2023-08-15T19:18:03.093Z,88,9
31,32,2023-08-15T19:18:03.093Z,648,12
1,33,2023-08-15T19:18:13.093Z,785,7
6,7,2023-08-15T19:18:13.093Z,853,8
10,9,2023-08-15T19:18:13.093Z,43,2
17,16,2023-08-15T19:18:13.093Z,662,9
25,15,2023-08-15T19:18:13.093Z,744,14
33,21,2023-08-15T19:18:13.093Z,307,6
6,7,2023-08-15T19:18:23.093Z,852,8
16,19,2023-08-15T19:18:23.093Z,765,3
23,15,2023-08-15T19:18:23.093Z,923,14
33,21,2023-08-15T19:18:23.093Z,646,6
4,5,2023-08-15T19:18:33.093Z,411,2
17,16,2023-08-15T19:18:33.093Z,217,9
21,22,2023-08-15T19:18:33.093Z,342,9
3,5,2023-08-15T19:18:43.093Z,8,2
4,9,2023-08-15T19:18:23.093Z,135,2
9,14,2023-08-15T19:18:23.093Z,842,13
21,23,2023-08-15T19:18:23.093Z,692,9
26,27,2023-08-15T19:18:23.093Z,817,11
1,18,2023-08-15T19:18:33.093Z,835,7
9,14,2023-08-15T19:18:33.093Z,43,13
19,19,2023-08-15T19:18:33.093Z,794,7
30,32,2023-08-15T19:18:33.093Z,253,12
7,6,2023-08-15T19:18:43.093Z,667,1
13,8,2023-08-15T19:18:43.093Z,332,13
17,16,2023-08-15T19:18:43.093Z,218,9
21,22,2023-08-15T19:18:43.093Z,769,9
23,15,2023-08-15T19:18:43.093Z,692,14
33,21,2023-08-15T19:18:43.093Z,753,6
4,5,2023-08-15T19:18:53.093Z,552,2
9,8,2023-08-15T19:18:53.093Z,135,13
16,13,2023-08-15T19:18:53.093Z,449,3
22,34,2023-08-15T19:18:53.093Z,478,6
27,34,2023-08-15T19:18:53.093Z,719,5
32,21,2023-08-15T19:18:53.093Z,116,6
35,29,2023-08-15T19:18:53.093Z,378,10
3,9,2023-08-15T19:19:03.093Z,355,2
7,3,2023-08-15T19:19:03.093Z,837,1
16,4,2023-08-15T19:19:03.093Z,934,3
20,26,2023-08-15T19:19:03.093Z,804,4
23,24,2023-08-15T19:19:03.093Z,69,14
26,27,2023-08-15T19:19:03.093Z,565,11
33,28,2023-08-15T19:19:03.093Z,141,6
1,18,2023-08-15T19:19:13.093Z,18,7
4,11,2023-08-15T19:19:13.093Z,934,2
8,2,2023-08-15T19:19:13.093Z,135,2
12,7,2023-08-15T19:19:13.093Z,748,8
17,16,2023-08-15T19:19:13.093Z,606,9
22,25,2023-08-15T19:19:13.093Z,88,6
27,31,2023-08-15T19:19:13.093Z,501,5
33,25,2023-08-15T19:19:13.093Z,535,6
35,30,2023-08-15T19:19:13.093Z,37,10
1,33,2023-08-15T19:19:23.093Z,226,7
7,6,2023-08-15T19:19:23.093Z,168,1
10,2,2023-08-15T19:19:23.093Z,667,2
13,14,2023-08-15T19:19:23.093Z,449,13
15,19,2023-08-15T19:19:23.093Z,945,3
3,5,2023-08-15T19:18:53.093Z,410,2
8,2,2023-08-15T19:18:53.093Z,332,2
14,17,2023-08-15T19:18:53.093Z,436,3
17,23,2023-08-15T19:18:53.093Z,69,9
25,24,2023-08-15T19:18:53.093Z,313,14
30,32,2023-08-15T19:18:53.093Z,666,12
33,21,2023-08-15T19:18:53.093Z,184,6
1,0,2023-08-15T19:19:03.093Z,515,7
6,10,2023-08-15T19:19:03.093Z,667,8
14,12,2023-08-15T19:19:03.093Z,395,3
18,17,2023-08-15T19:19:03.093Z,927,3
21,23,2023-08-15T19:19:03.093Z,307,9
24,26,2023-08-15T19:19:03.093Z,313,4
32,25,2023-08-15T19:19:03.093Z,93,6
0,3,2023-08-15T19:19:13.093Z,287,1
2,6,2023-08-15T19:19:13.093Z,332,1
7,1,2023-08-15T19:19:13.093Z,526,1
9,8,2023-08-15T19:19:13.093Z,162,13
15,13,2023-08-15T19:19:13.093Z,857,3
18,4,2023-08-15T19:19:13.093Z,835,3
23,24,2023-08-15T19:19:13.093Z,307,14
32,21,2023-08-15T19:19:13.093Z,489,6
34,33,2023-08-15T19:19:13.093Z,154,7
0,6,2023-08-15T19:19:23.093Z,619,1
3,2,2023-08-15T19:19:23.093Z,837,2
9,8,2023-08-15T19:19:23.093Z,960,13
11,7,2023-08-15T19:19:23.093Z,934,8
14,20,2023-08-15T19:19:23.093Z,996,3
16,19,2023-08-15T19:19:23.093Z,662,3
17,22,2023-08-15T19:19:23.093Z,663,9
18,20,2023-08-15T19:19:23.093Z,121,3
19,0,2023-08-15T19:19:23.093Z,794,7
21,23,2023-08-15T19:19:23.093Z,646,9
22,34,2023-08-15T19:19:23.093Z,958,6
26,27,2023-08-15T19:19:23.093Z,675,11
27,34,2023-08-15T19:19:23.093Z,647,5
28,29,2023-08-15T19:19:23.093Z,141,10
29,27,2023-08-15T19:19:23.093Z,316,11
30,32,2023-08-15T19:19:23.093Z,37,12
32,34,2023-08-15T19:19:23.093Z,877,6
33,28,2023-08-15T19:19:23.093Z,406,6
35,30,2023-08-15T19:19:23.093Z,912,10
2,1,2023-08-15T19:19:33.093Z,135,1
4,5,2023-08-15T19:19:33.093Z,835,2
5,4,2023-08-15T19:19:33.093Z,7,3
7,6,2023-08-15T19:19:33.093Z,528,1
8,2,2023-08-15T19:19:33.093Z,162,2
9,14,2023-08-15T19:19:33.093Z,355,13
12,7,2023-08-15T19:19:33.093Z,6,8
14,17,2023-08-15T19:19:33.093Z,132,3
15,4,2023-08-15T19:19:33.093Z,795,3
17,16,2023-08-15T19:19:33.093Z,339,9
21,23,2023-08-15T19:19:33.093Z,473,9
23,15,2023-08-15T19:19:33.093Z,646,14
25,15,2023-08-15T19:19:33.093Z,93,14
27,31,2023-08-15T19:19:33.093Z,838,5
29,27,2023-08-15T19:19:33.093Z,252,11
30,32,2023-08-15T19:19:33.093Z,912,12
31,32,2023-08-15T19:19:33.093Z,501,12
33,21,2023-08-15T19:19:33.093Z,994,6
35,30,2023-08-15T19:19:33.093Z,990,10
2,1,2023-08-15T19:19:43.093Z,837,1
6,10,2023-08-15T19:19:43.093Z,332,8
7,1,2023-08-15T19:19:43.093Z,543,1
8,5,2023-08-15T19:19:43.093Z,960,2
12,7,2023-08-15T19:19:43.093Z,159,8
15,12,2023-08-15T19:19:43.093Z,650,3
17,16,2023-08-15T19:19:43.093Z,165,9
18,12,2023-08-15T19:19:43.093Z,18,3
19,0,2023-08-15T19:19:43.093Z,157,7
22,34,2023-08-15T19:19:43.093Z,342,6
23,15,2023-08-15T19:19:43.093Z,473,14
27,31,2023-08-15T19:19:43.093Z,248,5
28,30,2023-08-15T19:19:43.093Z,406,10
32,34,2023-08-15T19:19:43.093Z,710,6
33,21,2023-08-15T19:19:43.093Z,871,6
34,34,2023-08-15T19:19:43.093Z,881,7
2,3,2023-08-15T19:19:53.093Z,667,1
5,4,2023-08-15T19:19:53.093Z,816,3
6,10,2023-08-15T19:19:53.093Z,619,8
10,5,2023-08-15T19:19:53.093Z,332,2
12,7,2023-08-15T19:19:53.093Z,318,8
14,20,2023-08-15T19:19:53.093Z,842,3
15,4,2023-08-15T19:19:53.093Z,744,3
17,22,2023-08-15T19:19:53.093Z,436,9
19,0,2023-08-15T19:19:53.093Z,381,7
20,26,2023-08-15T19:19:53.093Z,273,4
21,22,2023-08-15T19:19:53.093Z,224,9
22,25,2023-08-15T19:19:53.093Z,769,6
25,24,2023-08-15T19:19:53.093Z,88,14
26,27,2023-08-15T19:19:53.093Z,678,11
29,27,2023-08-15T19:19:53.093Z,601,11
30,32,2023-08-15T19:19:53.093Z,406,12
33,21,2023-08-15T19:19:53.093Z,423,6
34,18,2023-08-15T19:19:53.093Z,562,7
35,29,2023-08-15T19:19:53.093Z,655,10
0,6,2023-08-15T19:20:03.093Z,515,1
2,1,2023-08-15T19:20:03.093Z,162,1
3,5,2023-08-15T19:20:03.093Z,667,2
4,9,2023-08-15T19:20:03.093Z,7,2
5,19,2023-08-15T19:20:03.093Z,118,3
6,10,2023-08-15T19:20:03.093Z,168,8
7,1,2023-08-15T19:20:03.093Z,276,1
10,2,2023-08-15T19:20:03.093Z,430,2
12,7,2023-08-15T19:20:03.093Z,79,8
14,20,2023-08-15T19:20:03.093Z,228,3
15,4,2023-08-15T19:20:03.093Z,923,3
21,22,2023-08-15T19:20:03.093Z,554,9
25,24,2023-08-15T19:20:03.093Z,535,14
29,27,2023-08-15T19:20:03.093Z,158,11
31,32,2023-08-15T19:20:03.093Z,838,12
32,21,2023-08-15T19:20:03.093Z,48,6
33,28,2023-08-15T19:20:03.093Z,174,6
34,0,2023-08-15T19:20:03.093Z,113,7
35,29,2023-08-15T19:20:03.093Z,41,10
0,3,2023-08-15T19:20:13.093Z,794,1
3,9,2023-08-15T19:20:13.093Z,287,2
4,11,2023-08-15T19:20:13.093Z,795,2
5,17,2023-08-15T19:20:13.093Z,464,3
6,6,2023-08-15T19:20:13.093Z,528,8
7,1,2023-08-15T19:20:13.093Z,929,1
10,9,2023-08-15T19:20:13.093Z,619,2
14,17,2023-08-15T19:20:13.093Z,43,3
15,13,2023-08-15T19:20:13.093Z,302,3
17,16,2023-08-15T19:20:13.093Z,927,9
20,35,2023-08-15T19:20:13.093Z,366,4
21,16,2023-08-15T19:20:13.093Z,753,9
22,34,2023-08-15T19:20:13.093Z,663,6
23,15,2023-08-15T19:20:13.093Z,964,14
27,34,2023-08-15T19:20:13.093Z,573,5
32,25,2023-08-15T19:20:13.093Z,111,6
33,21,2023-08-15T19:20:13.093Z,90,6
1,0,2023-08-15T19:20:23.093Z,435,7
4,2,2023-08-15T19:20:23.093Z,816,2
7,1,2023-08-15T19:20:23.093Z,81,1
9,14,2023-08-15T19:20:23.093Z,7,13
12,7,2023-08-15T19:20:23.093Z,921,8
14,12,2023-08-15T19:20:23.093Z,449,3
15,17,2023-08-15T19:20:23.093Z,692,3
17,16,2023-08-15T19:20:23.093Z,132,9
20,35,2023-08-15T19:20:23.093Z,78,4
21,16,2023-08-15T19:20:23.093Z,116,9
22,25,2023-08-15T19:20:23.093Z,436,6
35,30,2023-08-15T19:20:23.093Z,807,10
4,11,2023-08-15T19:20:33.093Z,744,2
6,7,2023-08-15T19:20:33.093Z,515,8
9,14,2023-08-15T19:20:33.093Z,658,13
11,10,2023-08-15T19:20:33.093Z,795,8
3,9,2023-08-15T19:20:33.093Z,794,2
5,17,2023-08-15T19:20:33.093Z,296,3
7,6,2023-08-15T19:20:33.093Z,299,1
10,9,2023-08-15T19:20:33.093Z,168,2
12,7,2023-08-15T19:20:33.093Z,246,8
14,17,2023-08-15T19:20:33.093Z,355,3
16,13,2023-08-15T19:20:33.093Z,217,3
17,22,2023-08-15T19:20:33.093Z,464,9
18,13,2023-08-15T19:20:33.093Z,562,3
19,18,2023-08-15T19:20:33.093Z,954,7
20,26,2023-08-15T19:20:33.093Z,926,4
25,15,2023-08-15T19:20:33.093Z,769,14
30,32,2023-08-15T19:20:33.093Z,807,12
32,25,2023-08-15T19:20:33.093Z,247,6
33,25,2023-08-15T19:20:33.093Z,683,6
4,5,2023-08-15T19:20:43.093Z,923,2
5,4,2023-08-15T19:20:43.093Z,131,3
6,7,2023-08-15T19:20:43.093Z,528,8
9,14,2023-08-15T19:20:43.093Z,287,13
11,7,2023-08-15T19:20:43.093Z,744,8
12,10,2023-08-15T19:20:43.093Z,395,8
14,13,2023-08-15T19:20:43.093Z,167,3
16,13,2023-08-15T19:20:43.093Z,218,3
17,23,2023-08-15T19:20:43.093Z,43,9
19,33,2023-08-15T19:20:43.093Z,660,7
21,22,2023-08-15T19:20:43.093Z,184,9
22,34,2023-08-15T19:20:43.093Z,224,6
25,15,2023-08-15T19:20:43.093Z,111,14
27,34,2023-08-15T19:20:43.093Z,843,5
30,32,2023-08-15T19:20:43.093Z,990,12
33,28,2023-08-15T19:20:43.093Z,170,6
0,3,2023-08-15T19:20:53.093Z,157,1
1,33,2023-08-15T19:20:53.093Z,362,7
2,1,2023-08-15T19:20:53.093Z,430,1
7,1,2023-08-15T19:20:53.093Z,58,1
9,8,2023-08-15T19:20:53.093Z,619,13
10,9,2023-08-15T19:20:53.093Z,977,2
12,10,2023-08-15T19:20:53.093Z,650,8
17,22,2023-08-15T19:20:53.093Z,692,9
19,18,2023-08-15T19:20:53.093Z,945,7
25,15,2023-08-15T19:20:53.093Z,436,14
28,29,2023-08-15T19:20:53.093Z,170,10
31,32,2023-08-15T19:20:53.093Z,248,12
32,25,2023-08-15T19:20:53.093Z,525,6
33,28,2023-08-15T19:20:53.093Z,768,6
34,0,2023-08-15T19:20:53.093Z,805,7
1,1,2023-08-15T19:21:03.093Z,979,7
5,12,2023-08-15T19:21:03.093Z,411,3
6,10,2023-08-15T19:21:03.093Z,299,8
12,10,2023-08-15T19:21:03.093Z,18,8
14,17,2023-08-15T19:21:03.093Z,7,3
16,20,2023-08-15T19:21:03.093Z,606,3
19,0,2023-08-15T19:21:03.093Z,283,7
22,28,2023-08-15T19:21:03.093Z,464,6
25,15,2023-08-15T19:21:03.093Z,247,14
28,30,2023-08-15T19:21:03.093Z,768,10
33,21,2023-08-15T19:21:03.093Z,785,6
34,18,2023-08-15T19:21:03.093Z,153,7
0,3,2023-08-15T19:21:13.093Z,381,1
1,0,2023-08-15T19:21:13.093Z,402,7
2,3,2023-08-15T19:21:13.093Z,816,1
3,11,2023-08-15T19:21:13.093Z,157,2
4,9,2023-08-15T19:21:13.093Z,131,2
9,14,2023-08-15T19:21:13.093Z,168,13
10,9,2023-08-15T19:21:13.093Z,795,2
12,10,2023-08-15T19:21:13.093Z,449,8
14,12,2023-08-15T19:21:13.093Z,658,3
15,13,2023-08-15T19:21:13.093Z,93,3
16,19,2023-08-15T19:21:13.093Z,339,3
17,23,2023-08-15T19:21:13.093Z,296,9
18,4,2023-08-15T19:21:13.093Z,954,3
21,16,2023-08-15T19:21:13.093Z,489,9
25,15,2023-08-15T19:21:13.093Z,683,14
28,30,2023-08-15T19:21:13.093Z,464,10
0,3,2023-08-15T19:21:23.093Z,113,1
1,33,2023-08-15T19:21:23.093Z,790,7
3,2,2023-08-15T19:21:23.093Z,381,2
5,17,2023-08-15T19:21:23.093Z,410,3
9,14,2023-08-15T19:21:23.093Z,977,13
12,7,2023-08-15T19:21:23.093Z,411,8
15,17,2023-08-15T19:21:23.093Z,473,3
16,20,2023-08-15T19:21:23.093Z,165,3
18,4,2023-08-15T19:21:23.093Z,945,3
23,15,2023-08-15T19:21:23.093Z,296,14
25,15,2023-08-15T19:21:23.093Z,525,14
30,30,2023-08-15T19:21:23.093Z,464,12
33,25,2023-08-15T19:21:23.093Z,154,6
0,6,2023-08-15T19:21:33.093Z,435,1
5,12,2023-08-15T19:21:33.093Z,552,3
11,7,2023-08-15T19:21:33.093Z,157,8
13,14,2023-08-15T19:21:33.093Z,857,13
21,23,2023-08-15T19:21:33.093Z,871,9
22,25,2023-08-15T19:21:33.093Z,184,6
27,34,2023-08-15T19:21:33.093Z,2,5
30,32,2023-08-15T19:21:33.093Z,464,12
32,34,2023-08-15T19:21:33.093Z,809,6
34,33,2023-08-15T19:21:33.093Z,452,7
0,3,2023-08-15T19:21:43.093Z,805,1
2,6,2023-08-15T19:21:43.093Z,381,1
3,11,2023-08-15T19:21:43.093Z,816,2
4,11,2023-08-15T19:21:43.093Z,954,2
5,17,2023-08-15T19:21:43.093Z,835,3
7,3,2023-08-15T19:21:43.093Z,853,1
9,14,2023-08-15T19:21:43.093Z,131,13
10,5,2023-08-15T19:21:43.093Z,395,2
12,7,2023-08-15T19:21:43.093Z,658,8
15,13,2023-08-15T19:21:43.093Z,964,3
16,4,2023-08-15T19:21:43.093Z,927,3
20,26,2023-08-15T19:21:43.093Z,155,4
21,22,2023-08-15T19:21:43.093Z,423,9
23,24,2023-08-15T19:21:43.093Z,871,14
24,26,2023-08-15T19:21:43.093Z,69,4
26,27,2023-08-15T19:21:43.093Z,460,11
27,31,2023-08-15T19:21:43.093Z,356,5
33,21,2023-08-15T19:21:43.093Z,226,6
34,18,2023-08-15T19:21:43.093Z,722,7
0,6,2023-08-15T19:21:53.093Z,283,1
3,9,2023-08-15T19:21:53.093Z,113,2
4,11,2023-08-15T19:21:53.093Z,945,2
7,3,2023-08-15T19:21:53.093Z,852,1
9,8,2023-08-15T19:21:53.093Z,795,13
12,10,2023-08-15T19:21:53.093Z,778,8
13,8,2023-08-15T19:21:53.093Z,302,13
14,12,2023-08-15T19:21:53.093Z,287,3
15,17,2023-08-15T19:21:53.093Z,769,3
16,4,2023-08-15T19:21:53.093Z,753,3
17,22,2023-08-15T19:21:53.093Z,7,9
18,17,2023-08-15T19:21:53.093Z,153,3
20,26,2023-08-15T19:21:53.093Z,413,4
21,22,2023-08-15T19:21:53.093Z,48,9
24,35,2023-08-15T19:21:53.093Z,307,4
26,27,2023-08-15T19:21:53.093Z,176,11
29,27,2023-08-15T19:21:53.093Z,424,11
32,34,2023-08-15T19:21:53.093Z,408,6
34,0,2023-08-15T19:21:53.093Z,731,7
4,5,2023-08-15T19:22:03.093Z,927,2
7,1,2023-08-15T19:22:03.093Z,845,1
8,5,2023-08-15T19:22:03.093Z,795,2
10,5,2023-08-15T19:22:03.093Z,299,2
12,7,2023-08-15T19:22:03.093Z,552,8
14,20,2023-08-15T19:22:03.093Z,168,3
15,4,2023-08-15T19:22:03.093Z,111,3
17,22,2023-08-15T19:22:03.093Z,410,9
20,26,2023-08-15T19:22:03.093Z,614,4
21,16,2023-08-15T19:22:03.093Z,90,9
22,28,2023-08-15T19:22:03.093Z,423,6
24,35,2023-08-15T19:22:03.093Z,88,4
26,27,2023-08-15T19:22:03.093Z,521,11
27,31,2023-08-15T19:22:03.093Z,138,5
28,29,2023-08-15T19:22:03.093Z,174,10
31,32,2023-08-15T19:22:03.093Z,356,12
32,21,2023-08-15T19:22:03.093Z,648,6
4,11,2023-08-15T19:22:13.093Z,753,2
7,6,2023-08-15T19:22:13.093Z,748,1
10,9,2023-08-15T19:22:13.093Z,18,2
12,7,2023-08-15T19:22:13.093Z,287,8
15,20,2023-08-15T19:22:13.093Z,436,3
17,16,2023-08-15T19:22:13.093Z,473,9
32,21,2023-08-15T19:22:13.093Z,895,6
5,19,2023-08-15T19:22:23.093Z,923,3
10,11,2023-08-15T19:22:23.093Z,449,2
19,18,2023-08-15T19:22:23.093Z,662,7
31,32,2023-08-15T19:22:23.093Z,138,12
1,18,2023-08-15T19:22:33.093Z,806,7
8,11,2023-08-15T19:22:33.093Z,562,2
13,8,2023-08-15T19:22:33.093Z,167,13
24,35,2023-08-15T19:22:33.093Z,871,4
28,30,2023-08-15T19:22:33.093Z,801,10
6,10,2023-08-15T19:22:43.093Z,402,8
10,9,2023-08-15T19:22:43.093Z,650,2
15,4,2023-08-15T19:22:43.093Z,296,3
20,35,2023-08-15T19:22:43.093Z,115,4
33,21,2023-08-15T19:22:43.093Z,790,6
3,5,2023-08-15T19:22:53.093Z,852,2
11,7,2023-08-15T19:22:53.093Z,449,8
17,16,2023-08-15T19:22:53.093Z,835,9
33,21,2023-08-15T19:22:53.093Z,452,6
7,3,2023-08-15T19:23:03.093Z,79,1
14,13,2023-08-15T19:23:03.093Z,131,3
20,35,2023-08-15T19:23:03.093Z,120,4
34,18,2023-08-15T19:23:03.093Z,173,7
5,12,2023-08-15T19:23:13.093Z,927,3
11,7,2023-08-15T19:23:13.093Z,954,8
16,4,2023-08-15T19:23:13.093Z,473,3
27,34,2023-08-15T19:23:13.093Z,520,5
0,3,2023-08-15T19:23:23.093Z,146,1
8,2,2023-08-15T19:23:23.093Z,93,2
13,14,2023-08-15T19:23:23.093Z,722,13
27,31,2023-08-15T19:23:23.093Z,512,5
3,9,2023-08-15T19:23:33.093Z,146,2
27,31,2023-08-15T19:22:13.093Z,254,5
1,0,2023-08-15T19:22:23.093Z,875,7
7,3,2023-08-15T19:22:23.093Z,934,1
15,17,2023-08-15T19:22:23.093Z,247,3
27,34,2023-08-15T19:22:23.093Z,112,5
33,25,2023-08-15T19:22:23.093Z,362,6
6,10,2023-08-15T19:22:33.093Z,283,8
10,9,2023-08-15T19:22:33.093Z,778,2
18,13,2023-08-15T19:22:33.093Z,722,3
26,27,2023-08-15T19:22:33.093Z,876,11
32,34,2023-08-15T19:22:33.093Z,253,6
8,5,2023-08-15T19:22:43.093Z,167,2
13,14,2023-08-15T19:22:43.093Z,218,13
18,13,2023-08-15T19:22:43.093Z,662,3
25,24,2023-08-15T19:22:43.093Z,184,14
0,6,2023-08-15T19:22:53.093Z,875,1
7,6,2023-08-15T19:22:53.093Z,318,1
13,8,2023-08-15T19:22:53.093Z,93,13
21,16,2023-08-15T19:22:53.093Z,648,9
3,2,2023-08-15T19:23:03.093Z,934,2
11,7,2023-08-15T19:23:03.093Z,562,8
16,12,2023-08-15T19:23:03.093Z,90,3
25,15,2023-08-15T19:23:03.093Z,362,14
3,11,2023-08-15T19:23:13.093Z,731,2
9,8,2023-08-15T19:23:13.093Z,853,13
13,8,2023-08-15T19:23:13.093Z,977,13
21,16,2023-08-15T19:23:13.093Z,660,9
32,34,2023-08-15T19:23:13.093Z,37,6
2,6,2023-08-15T19:23:23.093Z,934,1
10,11,2023-08-15T19:23:23.093Z,402,2
19,18,2023-08-15T19:23:23.093Z,923,7
34,33,2023-08-15T19:23:23.093Z,750,7
8,5,2023-08-15T19:23:33.093Z,853,2
22,34,2023-08-15T19:23:33.093Z,410,6
0,6,2023-08-15T19:22:13.093Z,402,1
8,9,2023-08-15T19:22:13.093Z,302,2
13,14,2023-08-15T19:22:13.093Z,217,13
21,16,2023-08-15T19:22:13.093Z,785,9
33,21,2023-08-15T19:22:13.093Z,660,6
6,10,2023-08-15T19:22:23.093Z,381,8
13,8,2023-08-15T19:22:23.093Z,562,13
24,35,2023-08-15T19:22:23.093Z,535,4
32,28,2023-08-15T19:22:23.093Z,801,6
3,5,2023-08-15T19:22:33.093Z,805,2
9,14,2023-08-15T19:22:33.093Z,18,13
14,13,2023-08-15T19:22:33.093Z,977,3
25,24,2023-08-15T19:22:33.093Z,154,14
29,27,2023-08-15T19:22:33.093Z,523,11
7,1,2023-08-15T19:22:43.093Z,159,1
11,10,2023-08-15T19:22:43.093Z,753,8
16,20,2023-08-15T19:22:43.093Z,106,3
21,16,2023-08-15T19:22:43.093Z,226,9
35,29,2023-08-15T19:22:43.093Z,366,10
6,10,2023-08-15T19:22:53.093Z,748,8
12,10,2023-08-15T19:22:53.093Z,116,8
18,12,2023-08-15T19:22:53.093Z,806,3
35,30,2023-08-15T19:22:53.093Z,78,10
10,9,2023-08-15T19:23:03.093Z,283,2
15,13,2023-08-15T19:23:03.093Z,525,3
21,16,2023-08-15T19:23:03.093Z,895,9
1,0,2023-08-15T19:23:13.093Z,146,7
7,6,2023-08-15T19:23:13.093Z,921,1
12,7,2023-08-15T19:23:13.093Z,265,8
18,13,2023-08-15T19:23:13.093Z,119,3
30,32,2023-08-15T19:23:13.093Z,78,12
1,18,2023-08-15T19:23:23.093Z,471,7
9,14,2023-08-15T19:23:23.093Z,650,13
17,22,2023-08-15T19:23:23.093Z,247,9
30,32,2023-08-15T19:23:23.093Z,801,12
5,19,2023-08-15T19:23:33.093Z,299,3
9,14,2023-08-15T19:23:33.093Z,283,13
19,0,2023-08-15T19:23:33.093Z,765,7
25,15,2023-08-15T19:23:33.093Z,48,14
32,34,2023-08-15T19:23:33.093Z,912,6
1,0,2023-08-15T19:23:43.093Z,432,7
5,17,2023-08-15T19:23:43.093Z,111,3
21,23,2023-08-15T19:23:43.093Z,452,9
34,33,2023-08-15T19:23:43.093Z,312,7
8,2,2023-08-15T19:23:43.093Z,977,2
14,20,2023-08-15T19:23:43.093Z,217,3
22,28,2023-08-15T19:23:43.093Z,692,6
6,10,2023-08-15T19:23:33.093Z,318,8
11,7,2023-08-15T19:23:33.093Z,731,8
26,27,2023-08-15T19:23:33.093Z,505,11
6,7,2023-08-15T19:22:13.093Z,435,8
11,7,2023-08-15T19:22:13.093Z,816,8
16,20,2023-08-15T19:22:13.093Z,132,3
28,30,2023-08-15T19:22:13.093Z,423,10
4,5,2023-08-15T19:22:23.093Z,111,2
9,14,2023-08-15T19:22:23.093Z,302,13
16,12,2023-08-15T19:22:23.093Z,116,3
30,32,2023-08-15T19:22:23.093Z,423,12
0,3,2023-08-15T19:22:33.093Z,731,1
7,1,2023-08-15T19:22:33.093Z,6,1
11,10,2023-08-15T19:22:33.093Z,945,8
20,26,2023-08-15T19:22:33.093Z,333,4
27,34,2023-08-15T19:22:33.093Z,541,5
3,9,2023-08-15T19:22:43.093Z,853,2
9,14,2023-08-15T19:22:43.093Z,778,13
14,19,2023-08-15T19:22:43.093Z,857,3
19,19,2023-08-15T19:22:43.093Z,923,7
28,29,2023-08-15T19:22:43.093Z,918,10
1,18,2023-08-15T19:22:53.093Z,119,7
9,14,2023-08-15T19:22:53.093Z,113,13
16,4,2023-08-15T19:22:53.093Z,489,3
26,27,2023-08-15T19:22:53.093Z,767,11
5,4,2023-08-15T19:23:03.093Z,395,3
13,14,2023-08-15T19:23:03.093Z,964,13
17,16,2023-08-15T19:23:03.093Z,769,9
32,21,2023-08-15T19:23:03.093Z,181,6
4,11,2023-08-15T19:23:13.093Z,296,2
10,9,2023-08-15T19:23:13.093Z,945,2
15,20,2023-08-15T19:23:13.093Z,510,3
22,25,2023-08-15T19:23:13.093Z,48,6
34,0,2023-08-15T19:23:13.093Z,556,7
3,5,2023-08-15T19:23:23.093Z,79,2
12,7,2023-08-15T19:23:23.093Z,806,8
26,27,2023-08-15T19:23:23.093Z,575,11
0,3,2023-08-15T19:23:33.093Z,556,1
7,3,2023-08-15T19:23:33.093Z,246,1
16,4,2023-08-15T19:23:33.093Z,226,3
21,22,2023-08-15T19:23:33.093Z,790,9
27,34,2023-08-15T19:23:33.093Z,491,5
34,33,2023-08-15T19:23:33.093Z,385,7
3,11,2023-08-15T19:23:43.093Z,556,2
19,33,2023-08-15T19:23:43.093Z,339,7
31,32,2023-08-15T19:23:43.093Z,512,12
7,1,2023-08-15T19:23:43.093Z,528,1
11,7,2023-08-15T19:23:43.093Z,296,8
16,12,2023-08-15T19:23:43.093Z,835,3
26,27,2023-08-15T19:23:43.093Z,73,11
5,4,2023-08-15T19:23:53.093Z,805,3
16,12,2023-08-15T19:23:53.093Z,648,3
21,22,2023-08-15T19:23:53.093Z,181,9
34,33,2023-08-15T19:23:53.093Z,249,7
5,19,2023-08-15T19:24:03.093Z,167,3
4,9,2023-08-15T19:24:13.093Z,473,2
7,6,2023-08-15T19:24:13.093Z,325,1
34,18,2023-08-15T19:24:13.093Z,335,7
1,33,2023-08-15T19:24:23.093Z,100,7
6,10,2023-08-15T19:24:23.093Z,934,8
9,8,2023-08-15T19:24:23.093Z,146,13
17,22,2023-08-15T19:24:23.093Z,173,9
0,6,2023-08-15T19:23:53.093Z,765,1
4,2,2023-08-15T19:23:53.093Z,489,2
10,9,2023-08-15T19:23:53.093Z,753,2
4,2,2023-08-15T19:24:03.093Z,395,2
17,16,2023-08-15T19:24:03.093Z,111,9
0,3,2023-08-15T19:24:13.093Z,432,1
9,8,2023-08-15T19:24:13.093Z,945,13
2,6,2023-08-15T19:23:53.093Z,93,1
11,7,2023-08-15T19:23:53.093Z,402,8
11,7,2023-08-15T19:24:03.093Z,556,8
18,4,2023-08-15T19:24:03.093Z,471,3
34,0,2023-08-15T19:24:03.093Z,983,7
10,5,2023-08-15T19:24:13.093Z,748,2
15,12,2023-08-15T19:24:13.093Z,362,3
3,11,2023-08-15T19:24:23.093Z,432,2
13,8,2023-08-15T19:24:23.093Z,525,13
15,13,2023-08-15T19:24:23.093Z,48,3
27,34,2023-08-15T19:24:23.093Z,885,5
12,7,2023-08-15T19:23:53.093Z,927,8
18,17,2023-08-15T19:23:53.093Z,173,3
23,24,2023-08-15T19:23:53.093Z,452,14
7,6,2023-08-15T19:24:03.093Z,744,1
28,30,2023-08-15T19:24:03.093Z,692,10
6,10,2023-08-15T19:24:13.093Z,921,8
32,34,2023-08-15T19:24:13.093Z,501,6
2,1,2023-08-15T19:24:23.093Z,977,1
8,2,2023-08-15T19:24:23.093Z,945,2
14,4,2023-08-15T19:24:23.093Z,18,3
18,17,2023-08-15T19:24:23.093Z,923,3
32,25,2023-08-15T19:24:23.093Z,406,6
5,17,2023-08-15T19:24:33.093Z,405,3
8,11,2023-08-15T19:24:33.093Z,131,2
10,2,2023-08-15T19:24:33.093Z,318,2
12,10,2023-08-15T19:24:33.093Z,648,8
14,20,2023-08-15T19:24:33.093Z,778,3
16,19,2023-08-15T19:24:33.093Z,111,3
24,35,2023-08-15T19:24:33.093Z,154,4
28,30,2023-08-15T19:24:33.093Z,750,10
32,21,2023-08-15T19:24:33.093Z,838,6
2,6,2023-08-15T19:24:43.093Z,489,1
5,17,2023-08-15T19:24:43.093Z,332,3
13,8,2023-08-15T19:24:13.093Z,131,13
0,6,2023-08-15T19:24:23.093Z,983,1
5,20,2023-08-15T19:24:23.093Z,852,3
10,5,2023-08-15T19:24:23.093Z,116,2
16,13,2023-08-15T19:24:23.093Z,660,3
30,32,2023-08-15T19:24:23.093Z,692,12
33,28,2023-08-15T19:24:23.093Z,750,6
6,10,2023-08-15T19:24:33.093Z,765,8
9,14,2023-08-15T19:24:33.093Z,753,13
11,7,2023-08-15T19:24:33.093Z,432,8
13,8,2023-08-15T19:24:33.093Z,119,13
15,4,2023-08-15T19:24:33.093Z,646,3
18,20,2023-08-15T19:24:33.093Z,335,3
25,24,2023-08-15T19:24:33.093Z,406,14
30,32,2023-08-15T19:24:33.093Z,258,12
33,28,2023-08-15T19:24:33.093Z,385,6
4,11,2023-08-15T19:24:43.093Z,805,2
7,1,2023-08-15T19:24:43.093Z,354,1
11,7,2023-08-15T19:24:43.093Z,131,8
27,31,2023-08-15T19:24:43.093Z,813,5
4,9,2023-08-15T19:24:53.093Z,471,2
12,10,2023-08-15T19:24:53.093Z,90,8
21,22,2023-08-15T19:24:53.093Z,838,9
27,34,2023-08-15T19:24:53.093Z,656,5
33,25,2023-08-15T19:24:53.093Z,339,6
7,6,2023-08-15T19:25:03.093Z,157,1
16,4,2023-08-15T19:25:03.093Z,153,3
4,5,2023-08-15T19:25:13.093Z,646,2
14,4,2023-08-15T19:25:13.093Z,113,3
31,32,2023-08-15T19:25:13.093Z,813,12
2,6,2023-08-15T19:25:23.093Z,146,1
8,5,2023-08-15T19:25:23.093Z,48,2
26,27,2023-08-15T19:25:23.093Z,503,11
32,21,2023-08-15T19:25:23.093Z,464,6
10,5,2023-08-15T19:24:43.093Z,921,2
13,8,2023-08-15T19:24:43.093Z,48,13
34,33,2023-08-15T19:24:43.093Z,888,7
2,6,2023-08-15T19:24:53.093Z,395,1
6,10,2023-08-15T19:24:53.093Z,744,8
9,14,2023-08-15T19:24:53.093Z,473,13
14,19,2023-08-15T19:24:53.093Z,218,3
22,25,2023-08-15T19:24:53.093Z,790,6
2,6,2023-08-15T19:25:03.093Z,945,1
5,17,2023-08-15T19:25:03.093Z,853,3
10,5,2023-08-15T19:25:03.093Z,765,2
34,0,2023-08-15T19:25:03.093Z,986,7
1,0,2023-08-15T19:25:13.093Z,896,7
6,7,2023-08-15T19:25:13.093Z,875,8
9,8,2023-08-15T19:25:13.093Z,471,13
20,35,2023-08-15T19:25:13.093Z,615,4
33,21,2023-08-15T19:25:13.093Z,249,6
6,7,2023-08-15T19:25:23.093Z,983,8
16,12,2023-08-15T19:25:23.093Z,355,3
25,15,2023-08-15T19:25:23.093Z,790,14
6,10,2023-08-15T19:24:43.093Z,93,8
8,2,2023-08-15T19:24:43.093Z,146,2
22,21,2023-08-15T19:24:43.093Z,247,6
32,34,2023-08-15T19:24:43.093Z,807,6
7,3,2023-08-15T19:24:53.093Z,411,1
19,18,2023-08-15T19:24:53.093Z,167,7
26,27,2023-08-15T19:24:53.093Z,324,11
32,34,2023-08-15T19:24:53.093Z,990,6
4,2,2023-08-15T19:25:03.093Z,18,2
8,5,2023-08-15T19:25:03.093Z,119,2
2,1,2023-08-15T19:25:13.093Z,318,1
11,10,2023-08-15T19:25:13.093Z,805,8
27,31,2023-08-15T19:25:13.093Z,993,5
0,6,2023-08-15T19:25:23.093Z,986,1
4,5,2023-08-15T19:25:23.093Z,153,2
22,34,2023-08-15T19:25:23.093Z,181,6
27,31,2023-08-15T19:25:23.093Z,612,5
33,25,2023-08-15T19:25:23.093Z,100,6
12,7,2023-08-15T19:24:43.093Z,362,8
17,16,2023-08-15T19:24:43.093Z,153,9
1,0,2023-08-15T19:24:53.093Z,787,7
5,13,2023-08-15T19:24:53.093Z,79,3
8,9,2023-08-15T19:24:53.093Z,525,2
13,8,2023-08-15T19:24:53.093Z,660,13
17,16,2023-08-15T19:24:53.093Z,355,9
29,27,2023-08-15T19:24:53.093Z,869,11
3,2,2023-08-15T19:25:03.093Z,411,2
6,10,2023-08-15T19:25:03.093Z,325,8
33,25,2023-08-15T19:25:03.093Z,312,6
0,3,2023-08-15T19:25:13.093Z,787,1
5,19,2023-08-15T19:25:13.093Z,667,3
8,5,2023-08-15T19:25:13.093Z,30,2
10,5,2023-08-15T19:25:13.093Z,648,2
32,34,2023-08-15T19:25:13.093Z,248,6
5,13,2023-08-15T19:25:23.093Z,960,3
14,19,2023-08-15T19:25:23.093Z,964,3
24,26,2023-08-15T19:25:23.093Z,184,4
29,27,2023-08-15T19:25:23.093Z,861,11
5,20,2023-08-15T19:49:03.093Z,765,3
14,17,2023-08-15T19:49:03.093Z,840,3
0,6,2023-08-15T19:49:13.093Z,358,1
30,32,2023-08-15T19:49:13.093Z,842,12
16,20,2023-08-15T19:49:23.093Z,247,3
35,30,2023-08-15T19:49:33.093Z,147,10
21,23,2023-08-15T19:49:53.093Z,735,9
33,28,2023-08-15T19:49:53.093Z,55,6
16,12,2023-08-15T19:50:03.093Z,962,3
33,28,2023-08-15T19:50:03.093Z,87,6
12,10,2023-08-15T19:50:13.093Z,329,8
22,21,2023-08-15T19:50:13.093Z,976,6
14,20,2023-08-15T19:50:23.093Z,18,3
3,11,2023-08-15T19:50:33.093Z,196,2
30,32,2023-08-15T19:49:03.093Z,449,12
31,32,2023-08-15T19:49:13.093Z,495,12
1,18,2023-08-15T19:49:23.093Z,162,7
5,13,2023-08-15T19:49:33.093Z,18,3
25,24,2023-08-15T19:49:33.093Z,490,14
9,8,2023-08-15T19:49:03.093Z,682,13
32,21,2023-08-15T19:49:03.093Z,735,6
7,1,2023-08-15T19:49:13.093Z,284,1
16,20,2023-08-15T19:49:13.093Z,853,3
34,18,2023-08-15T19:49:13.093Z,796,7
33,25,2023-08-15T19:49:23.093Z,203,6
13,14,2023-08-15T19:49:43.093Z,18,13
14,12,2023-08-15T19:49:53.093Z,32,3
25,15,2023-08-15T19:49:53.093Z,203,14
22,34,2023-08-15T19:50:03.093Z,757,6
7,3,2023-08-15T19:50:13.093Z,50,1
18,12,2023-08-15T19:50:13.093Z,162,3
1,0,2023-08-15T19:50:23.093Z,159,7
32,25,2023-08-15T19:50:23.093Z,360,6
20,26,2023-08-15T19:49:03.093Z,259,4
14,19,2023-08-15T19:49:13.093Z,48,3
7,1,2023-08-15T19:49:23.093Z,983,1
6,10,2023-08-15T19:49:33.093Z,358,8
33,21,2023-08-15T19:49:33.093Z,874,6
32,34,2023-08-15T19:26:53.093Z,258,6
5,17,2023-08-15T19:27:03.093Z,795,3
17,23,2023-08-15T19:27:03.093Z,748,9
2,1,2023-08-15T19:25:33.093Z,411,1
8,9,2023-08-15T19:25:33.093Z,660,2
20,35,2023-08-15T19:25:33.093Z,346,4
27,34,2023-08-15T19:25:33.093Z,642,5
13,8,2023-08-15T19:26:23.093Z,960,13
20,35,2023-08-15T19:26:23.093Z,789,4
34,33,2023-08-15T19:26:23.093Z,152,7
9,14,2023-08-15T19:26:33.093Z,805,13
20,35,2023-08-15T19:26:33.093Z,142,4
26,27,2023-08-15T19:26:33.093Z,46,11
4,9,2023-08-15T19:26:43.093Z,119,2
18,17,2023-08-15T19:26:43.093Z,218,3
1,18,2023-08-15T19:26:53.093Z,278,7
8,5,2023-08-15T19:26:53.093Z,650,2
18,4,2023-08-15T19:26:53.093Z,298,3
20,35,2023-08-15T19:26:53.093Z,715,4
27,34,2023-08-15T19:26:53.093Z,915,5
2,3,2023-08-15T19:27:03.093Z,937,1
14,20,2023-08-15T19:27:03.093Z,79,3
20,26,2023-08-15T19:27:03.093Z,826,4
5,17,2023-08-15T19:25:33.093Z,748,3
14,13,2023-08-15T19:25:33.093Z,650,3
22,25,2023-08-15T19:25:33.093Z,173,6
32,21,2023-08-15T19:25:33.093Z,356,6
3,5,2023-08-15T19:25:43.093Z,246,2
19,18,2023-08-15T19:25:43.093Z,937,7
25,24,2023-08-15T19:25:43.093Z,339,14
31,32,2023-08-15T19:25:43.093Z,993,12
4,5,2023-08-15T19:25:53.093Z,113,2
9,14,2023-08-15T19:25:53.093Z,660,13
19,18,2023-08-15T19:25:53.093Z,218,7
25,15,2023-08-15T19:25:53.093Z,312,14
32,25,2023-08-15T19:25:53.093Z,138,6
19,33,2023-08-15T19:26:03.093Z,299,7
31,32,2023-08-15T19:26:03.093Z,254,12
5,4,2023-08-15T19:26:13.093Z,119,3
17,23,2023-08-15T19:26:13.093Z,923,9
1,18,2023-08-15T19:26:23.093Z,257,7
14,19,2023-08-15T19:26:23.093Z,473,3
26,27,2023-08-15T19:26:23.093Z,382,11
4,2,2023-08-15T19:26:33.093Z,937,2
13,8,2023-08-15T19:26:33.093Z,650,13
17,22,2023-08-15T19:26:33.093Z,332,9
27,34,2023-08-15T19:26:33.093Z,975,5
7,1,2023-08-15T19:26:43.093Z,552,1
12,10,2023-08-15T19:26:43.093Z,356,8
20,26,2023-08-15T19:26:43.093Z,808,4
9,14,2023-08-15T19:25:43.093Z,787,13
21,16,2023-08-15T19:25:43.093Z,464,9
27,34,2023-08-15T19:25:43.093Z,465,5
33,28,2023-08-15T19:25:43.093Z,888,6
6,7,2023-08-15T19:25:53.093Z,945,8
12,10,2023-08-15T19:25:53.093Z,167,8
21,23,2023-08-15T19:25:53.093Z,356,9
27,31,2023-08-15T19:25:53.093Z,775,5
5,17,2023-08-15T19:26:03.093Z,921,3
25,15,2023-08-15T19:26:03.093Z,100,14
34,18,2023-08-15T19:26:03.093Z,687,7
12,10,2023-08-15T19:26:13.093Z,790,8
28,29,2023-08-15T19:26:13.093Z,888,10
7,1,2023-08-15T19:26:23.093Z,334,1
17,16,2023-08-15T19:26:23.093Z,405,9
32,34,2023-08-15T19:26:23.093Z,31,6
6,7,2023-08-15T19:26:33.093Z,146,8
15,17,2023-08-15T19:26:33.093Z,100,3
21,22,2023-08-15T19:26:33.093Z,78,9
5,17,2023-08-15T19:26:43.093Z,30,3
8,2,2023-08-15T19:26:43.093Z,960,2
16,20,2023-08-15T19:26:43.093Z,405,3
27,31,2023-08-15T19:26:43.093Z,756,5
4,2,2023-08-15T19:26:53.093Z,525,2
13,8,2023-08-15T19:26:53.093Z,662,13
17,16,2023-08-15T19:26:53.093Z,853,9
1,0,2023-08-15T19:27:03.093Z,475,7
8,9,2023-08-15T19:27:03.093Z,662,2
13,8,2023-08-15T19:27:03.093Z,464,13
21,16,2023-08-15T19:27:03.093Z,332,9
34,18,2023-08-15T19:27:03.093Z,922,7
4,2,2023-08-15T19:27:13.093Z,298,2
26,27,2023-08-15T19:27:03.093Z,133,11
5,13,2023-08-15T19:27:13.093Z,153,3
22,21,2023-08-15T19:26:43.093Z,332,6
32,34,2023-08-15T19:26:43.093Z,692,6
5,17,2023-08-15T19:26:53.093Z,648,3
14,12,2023-08-15T19:26:53.093Z,660,3
26,27,2023-08-15T19:26:53.093Z,531,11
7,6,2023-08-15T19:27:03.093Z,816,1
10,9,2023-08-15T19:27:03.093Z,167,2
18,17,2023-08-15T19:27:03.093Z,687,3
29,27,2023-08-15T19:27:03.093Z,716,11
3,9,2023-08-15T19:27:13.093Z,435,2
7,1,2023-08-15T19:27:13.093Z,287,1
0,3,2023-08-15T19:27:13.093Z,896,1
8,2,2023-08-15T19:27:13.093Z,464,2
18,12,2023-08-15T19:27:13.093Z,257,3
3,11,2023-08-15T19:27:23.093Z,937,2
5,19,2023-08-15T19:27:23.093Z,48,3
7,3,2023-08-15T19:27:23.093Z,449,1
9,14,2023-08-15T19:27:23.093Z,662,13
16,13,2023-08-15T19:27:23.093Z,853,3
22,21,2023-08-15T19:27:23.093Z,249,6
28,29,2023-08-15T19:27:23.093Z,78,10
33,21,2023-08-15T19:27:23.093Z,299,6
2,1,2023-08-15T19:27:33.093Z,525,1
5,20,2023-08-15T19:27:33.093Z,246,3
9,14,2023-08-15T19:27:33.093Z,167,13
17,23,2023-08-15T19:27:33.093Z,8,9
20,35,2023-08-15T19:27:33.093Z,110,4
33,21,2023-08-15T19:27:33.093Z,152,6
2,2,2023-08-15T19:27:43.093Z,298,1
7,6,2023-08-15T19:27:43.093Z,954,1
10,5,2023-08-15T19:27:43.093Z,937,2
18,4,2023-08-15T19:27:43.093Z,922,3
20,35,2023-08-15T19:27:13.093Z,457,4
22,28,2023-08-15T19:27:13.093Z,78,6
29,27,2023-08-15T19:27:13.093Z,387,11
31,32,2023-08-15T19:27:13.093Z,607,12
2,1,2023-08-15T19:27:23.093Z,960,1
10,9,2023-08-15T19:27:23.093Z,356,2
20,35,2023-08-15T19:27:23.093Z,245,4
23,15,2023-08-15T19:27:23.093Z,748,14
31,32,2023-08-15T19:27:23.093Z,756,12
1,33,2023-08-15T19:27:33.093Z,15,7
3,2,2023-08-15T19:27:33.093Z,896,2
7,3,2023-08-15T19:27:33.093Z,562,1
11,10,2023-08-15T19:27:33.093Z,937,8
18,4,2023-08-15T19:27:33.093Z,278,3
21,16,2023-08-15T19:27:33.093Z,249,9
1,18,2023-08-15T19:27:43.093Z,965,7
5,19,2023-08-15T19:27:43.093Z,658,3
9,8,2023-08-15T19:27:43.093Z,435,13
16,13,2023-08-15T19:27:43.093Z,940,3
22,21,2023-08-15T19:27:43.093Z,554,6
34,18,2023-08-15T19:27:43.093Z,737,7
2,6,2023-08-15T19:27:53.093Z,464,1
5,13,2023-08-15T19:27:53.093Z,113,3
9,8,2023-08-15T19:27:53.093Z,356,13
16,20,2023-08-15T19:27:53.093Z,332,3
18,13,2023-08-15T19:27:53.093Z,965,3
32,34,2023-08-15T19:27:53.093Z,813,6
1,18,2023-08-15T19:28:03.093Z,828,7
4,9,2023-08-15T19:28:03.093Z,922,2
6,10,2023-08-15T19:28:03.093Z,954,8
9,8,2023-08-15T19:28:03.093Z,449,13
14,12,2023-08-15T19:28:03.093Z,119,3
20,26,2023-08-15T19:28:03.093Z,192,4
0,3,2023-08-15T19:28:13.093Z,475,1
2,3,2023-08-15T19:28:13.093Z,298,1
5,13,2023-08-15T19:28:13.093Z,90,3
7,6,2023-08-15T19:28:13.093Z,731,1
9,8,2023-08-15T19:28:13.093Z,922,13
13,14,2023-08-15T19:28:13.093Z,153,13
15,4,2023-08-15T19:28:13.093Z,173,3
17,16,2023-08-15T19:28:13.093Z,100,9
19,18,2023-08-15T19:28:13.093Z,111,7
32,21,2023-08-15T19:28:13.093Z,993,6
2,6,2023-08-15T19:28:23.093Z,562,1
7,6,2023-08-15T19:28:23.093Z,296,1
13,14,2023-08-15T19:28:23.093Z,853,13
21,22,2023-08-15T19:28:23.093Z,299,9
2,6,2023-08-15T19:28:33.093Z,226,1
5,20,2023-08-15T19:28:33.093Z,650,3
10,9,2023-08-15T19:28:33.093Z,731,2
14,20,2023-08-15T19:28:33.093Z,787,3
1,0,2023-08-15T19:28:43.093Z,524,7
10,2,2023-08-15T19:28:43.093Z,119,2
20,35,2023-08-15T19:27:43.093Z,747,4
23,15,2023-08-15T19:27:43.093Z,8,14
1,18,2023-08-15T19:27:53.093Z,104,7
3,9,2023-08-15T19:27:53.093Z,449,2
7,1,2023-08-15T19:27:53.093Z,265,1
14,20,2023-08-15T19:27:53.093Z,805,3
17,22,2023-08-15T19:27:53.093Z,921,9
27,34,2023-08-15T19:27:53.093Z,825,5
34,33,2023-08-15T19:27:53.093Z,293,7
3,2,2023-08-15T19:28:03.093Z,562,2
5,13,2023-08-15T19:28:03.093Z,325,3
7,3,2023-08-15T19:28:03.093Z,806,1
12,7,2023-08-15T19:28:03.093Z,257,8
16,17,2023-08-15T19:28:03.093Z,249,3
32,21,2023-08-15T19:28:03.093Z,750,6
1,0,2023-08-15T19:28:13.093Z,585,7
4,2,2023-08-15T19:28:13.093Z,226,2
6,7,2023-08-15T19:28:13.093Z,464,8
8,11,2023-08-15T19:28:13.093Z,356,2
10,5,2023-08-15T19:28:13.093Z,954,2
14,20,2023-08-15T19:28:13.093Z,662,3
16,20,2023-08-15T19:28:13.093Z,785,3
18,4,2023-08-15T19:28:13.093Z,737,3
20,35,2023-08-15T19:28:13.093Z,250,4
34,18,2023-08-15T19:28:13.093Z,697,7
5,13,2023-08-15T19:28:23.093Z,631,3
9,14,2023-08-15T19:28:23.093Z,794,13
17,16,2023-08-15T19:28:23.093Z,30,9
32,34,2023-08-15T19:28:23.093Z,254,6
3,11,2023-08-15T19:28:33.093Z,806,2
7,3,2023-08-15T19:28:33.093Z,402,1
12,10,2023-08-15T19:28:33.093Z,119,8
21,22,2023-08-15T19:28:33.093Z,152,9
5,13,2023-08-15T19:28:43.093Z,937,3
11,10,2023-08-15T19:28:43.093Z,806,8
13,8,2023-08-15T19:28:43.093Z,113,13
6,10,2023-08-15T19:28:23.093Z,731,8
15,13,2023-08-15T19:28:23.093Z,838,3
4,2,2023-08-15T19:28:33.093Z,173,2
13,14,2023-08-15T19:28:33.093Z,940,13
18,12,2023-08-15T19:28:33.093Z,104,3
33,21,2023-08-15T19:28:33.093Z,15,6
3,9,2023-08-15T19:28:43.093Z,475,2
6,10,2023-08-15T19:28:43.093Z,562,8
9,14,2023-08-15T19:28:43.093Z,731,13
18,4,2023-08-15T19:28:43.093Z,828,3
1,18,2023-08-15T19:28:53.093Z,720,7
8,5,2023-08-15T19:28:23.093Z,449,2
34,33,2023-08-15T19:28:23.093Z,451,7
8,5,2023-08-15T19:28:33.093Z,922,2
15,20,2023-08-15T19:28:33.093Z,138,3
32,21,2023-08-15T19:28:33.093Z,775,6
0,6,2023-08-15T19:28:43.093Z,585,1
4,11,2023-08-15T19:28:43.093Z,737,2
7,3,2023-08-15T19:28:43.093Z,927,1
17,22,2023-08-15T19:28:43.093Z,648,9
21,16,2023-08-15T19:28:43.093Z,554,9
2,1,2023-08-15T19:28:53.093Z,896,1
8,2,2023-08-15T19:28:53.093Z,113,2
11,7,2023-08-15T19:28:53.093Z,737,8
13,14,2023-08-15T19:28:53.093Z,965,13
3,5,2023-08-15T19:29:03.093Z,298,2
6,10,2023-08-15T19:29:03.093Z,296,8
10,5,2023-08-15T19:29:03.093Z,562,2
15,4,2023-08-15T19:29:03.093Z,748,3
22,25,2023-08-15T19:28:53.093Z,921,6
18,20,2023-08-15T19:29:03.093Z,697,3
19,33,2023-08-15T19:29:03.093Z,48,7
6,7,2023-08-15T19:29:13.093Z,226,8
18,20,2023-08-15T19:29:13.093Z,720,3
34,0,2023-08-15T19:29:13.093Z,201,7
6,7,2023-08-15T19:29:23.093Z,816,8
26,27,2023-08-15T19:29:23.093Z,288,11
29,27,2023-08-15T19:29:23.093Z,539,11
10,9,2023-08-15T19:29:33.093Z,296,2
11,7,2023-08-15T19:29:33.093Z,111,8
12,7,2023-08-15T19:29:33.093Z,153,8
32,34,2023-08-15T19:29:33.093Z,512,6
2,6,2023-08-15T19:29:43.093Z,806,1
3,11,2023-08-15T19:29:53.093Z,828,2
8,11,2023-08-15T19:29:23.093Z,197,2
13,8,2023-08-15T19:29:23.093Z,90,13
15,20,2023-08-15T19:29:23.093Z,8,3
16,19,2023-08-15T19:29:23.093Z,30,3
18,20,2023-08-15T19:29:23.093Z,884,3
20,26,2023-08-15T19:29:23.093Z,537,4
23,15,2023-08-15T19:29:23.093Z,249,14
1,0,2023-08-15T19:29:33.093Z,56,7
2,3,2023-08-15T19:29:33.093Z,828,1
3,9,2023-08-15T19:29:33.093Z,524,2
27,34,2023-08-15T19:29:33.093Z,542,5
3,9,2023-08-15T19:29:43.093Z,173,2
4,9,2023-08-15T19:29:43.093Z,748,2
7,3,2023-08-15T19:29:43.093Z,25,1
10,9,2023-08-15T19:29:43.093Z,934,2
13,14,2023-08-15T19:29:43.093Z,838,13
0,6,2023-08-15T19:29:53.093Z,201,1
1,0,2023-08-15T19:29:53.093Z,284,7
2,1,2023-08-15T19:29:53.093Z,336,1
5,19,2023-08-15T19:29:53.093Z,496,3
18,20,2023-08-15T19:29:53.093Z,231,3
3,5,2023-08-15T19:30:03.093Z,25,2
8,9,2023-08-15T19:30:03.093Z,631,2
29,27,2023-08-15T19:30:03.093Z,183,11
0,6,2023-08-15T19:30:13.093Z,56,1
2,6,2023-08-15T19:30:13.093Z,100,1
9,14,2023-08-15T19:30:13.093Z,173,13
15,13,2023-08-15T19:30:13.093Z,921,3
18,17,2023-08-15T19:30:13.093Z,259,3
20,35,2023-08-15T19:30:13.093Z,976,4
1,0,2023-08-15T19:30:23.093Z,472,7
12,7,2023-08-15T19:30:23.093Z,489,8
7,1,2023-08-15T19:30:33.093Z,875,1
19,18,2023-08-15T19:30:33.093Z,857,7
27,34,2023-08-15T19:30:33.093Z,917,5
32,25,2023-08-15T19:30:33.093Z,494,6
12,10,2023-08-15T19:28:53.093Z,104,8
18,4,2023-08-15T19:28:53.093Z,111,3
20,35,2023-08-15T19:29:53.093Z,357,4
6,7,2023-08-15T19:30:03.093Z,157,8
20,35,2023-08-15T19:30:03.093Z,757,4
22,25,2023-08-15T19:30:03.093Z,299,6
27,34,2023-08-15T19:30:03.093Z,569,5
33,25,2023-08-15T19:30:03.093Z,293,6
1,18,2023-08-15T19:30:13.093Z,550,7
5,12,2023-08-15T19:30:13.093Z,298,3
4,5,2023-08-15T19:28:53.093Z,496,2
6,10,2023-08-15T19:30:23.093Z,556,8
14,20,2023-08-15T19:30:23.093Z,731,3
27,34,2023-08-15T19:30:23.093Z,63,5
33,21,2023-08-15T19:30:23.093Z,48,6
34,18,2023-08-15T19:30:23.093Z,205,7
5,20,2023-08-15T19:30:33.093Z,562,3
10,9,2023-08-15T19:30:33.093Z,556,2
14,19,2023-08-15T19:30:33.093Z,753,3
20,26,2023-08-15T19:30:33.093Z,223,4
29,27,2023-08-15T19:30:33.093Z,872,11
10,5,2023-08-15T19:28:53.093Z,489,2
17,22,2023-08-15T19:28:53.093Z,795,9
21,16,2023-08-15T19:28:53.093Z,750,9
34,18,2023-08-15T19:28:53.093Z,884,7
2,3,2023-08-15T19:29:03.093Z,173,1
5,19,2023-08-15T19:29:03.093Z,954,3
12,7,2023-08-15T19:29:03.093Z,240,8
17,16,2023-08-15T19:29:03.093Z,687,9
34,18,2023-08-15T19:29:03.093Z,564,7
10,2,2023-08-15T19:29:13.093Z,806,2
14,12,2023-08-15T19:29:13.093Z,153,3
17,23,2023-08-15T19:29:13.093Z,249,9
27,34,2023-08-15T19:29:13.093Z,136,5
2,1,2023-08-15T19:29:23.093Z,113,1
7,6,2023-08-15T19:29:23.093Z,556,1
17,22,2023-08-15T19:29:23.093Z,218,9
25,15,2023-08-15T19:29:23.093Z,921,14
5,19,2023-08-15T19:29:33.093Z,449,3
13,8,2023-08-15T19:29:33.093Z,631,13
5,20,2023-08-15T19:29:43.093Z,922,3
11,7,2023-08-15T19:29:43.093Z,197,8
0,3,2023-08-15T19:29:03.093Z,524,1
4,2,2023-08-15T19:29:03.093Z,828,2
9,8,2023-08-15T19:29:03.093Z,475,13
14,20,2023-08-15T19:29:03.093Z,722,3
27,34,2023-08-15T19:29:03.093Z,42,5
4,11,2023-08-15T19:29:13.093Z,111,2
13,8,2023-08-15T19:29:13.093Z,325,13
16,4,2023-08-15T19:29:13.093Z,100,3
21,22,2023-08-15T19:29:13.093Z,775,9
32,34,2023-08-15T19:29:13.093Z,607,6
3,9,2023-08-15T19:29:23.093Z,927,2
14,20,2023-08-15T19:29:23.093Z,794,3
21,16,2023-08-15T19:29:23.093Z,15,9
34,18,2023-08-15T19:29:23.093Z,231,7
8,5,2023-08-15T19:29:33.093Z,475,2
34,18,2023-08-15T19:29:33.093Z,259,7
8,2,2023-08-15T19:29:43.093Z,325,2
18,17,2023-08-15T19:29:43.093Z,564,3
4,2,2023-08-15T19:29:53.093Z,100,2
8,9,2023-08-15T19:29:53.093Z,90,2
16,19,2023-08-15T19:29:53.093Z,554,3
1,18,2023-08-15T19:30:03.093Z,589,7
5,12,2023-08-15T19:30:03.093Z,489,3
26,27,2023-08-15T19:30:13.093Z,596,11
29,27,2023-08-15T19:30:13.093Z,47,11
34,18,2023-08-15T19:30:13.093Z,227,7
10,9,2023-08-15T19:30:23.093Z,790,2
21,16,2023-08-15T19:30:23.093Z,451,9
22,28,2023-08-15T19:30:33.093Z,795,6
31,32,2023-08-15T19:30:33.093Z,389,12
15,20,2023-08-15T19:29:43.093Z,249,3
20,35,2023-08-15T19:29:43.093Z,450,4
7,6,2023-08-15T19:29:53.093Z,432,1
14,19,2023-08-15T19:29:53.093Z,940,3
27,34,2023-08-15T19:29:53.093Z,365,5
2,1,2023-08-15T19:30:03.093Z,325,1
17,22,2023-08-15T19:30:13.093Z,564,9
27,31,2023-08-15T19:30:13.093Z,389,5
33,21,2023-08-15T19:30:13.093Z,451,6
9,8,2023-08-15T19:30:23.093Z,748,13
18,12,2023-08-15T19:30:23.093Z,589,3
9,14,2023-08-15T19:30:33.093Z,934,13
26,27,2023-08-15T19:30:33.093Z,171,11
6,7,2023-08-15T19:30:43.093Z,201,8
19,33,2023-08-15T19:30:43.093Z,473,7
32,28,2023-08-15T19:30:43.093Z,389,6
10,5,2023-08-15T19:30:53.093Z,701,2
14,17,2023-08-15T19:30:53.093Z,838,3
0,6,2023-08-15T19:30:43.093Z,284,1
14,12,2023-08-15T19:30:43.093Z,965,3
25,15,2023-08-15T19:30:43.093Z,299,14
7,1,2023-08-15T19:30:53.093Z,355,1
22,34,2023-08-15T19:30:53.093Z,218,6
27,34,2023-08-15T19:30:53.093Z,579,5
29,27,2023-08-15T19:30:53.093Z,272,11
34,18,2023-08-15T19:30:53.093Z,97,7
4,2,2023-08-15T19:31:03.093Z,550,2
9,14,2023-08-15T19:31:03.093Z,631,13
16,4,2023-08-15T19:31:03.093Z,750,3
26,27,2023-08-15T19:31:03.093Z,206,11
33,21,2023-08-15T19:31:03.093Z,473,6
1,0,2023-08-15T19:31:13.093Z,220,7
5,20,2023-08-15T19:31:13.093Z,25,3
9,8,2023-08-15T19:31:13.093Z,790,13
14,13,2023-08-15T19:31:13.093Z,173,3
17,16,2023-08-15T19:31:13.093Z,259,9
21,23,2023-08-15T19:31:13.093Z,48,9
29,27,2023-08-15T19:31:13.093Z,621,11
0,6,2023-08-15T19:31:23.093Z,954,1
8,5,2023-08-15T19:31:23.093Z,790,2
14,20,2023-08-15T19:31:23.093Z,934,3
17,16,2023-08-15T19:31:23.093Z,838,9
0,6,2023-08-15T19:31:33.093Z,466,1
4,9,2023-08-15T19:31:33.093Z,750,2
6,7,2023-08-15T19:31:33.093Z,100,8
10,2,2023-08-15T19:31:33.093Z,965,2
16,4,2023-08-15T19:31:33.093Z,15,3
24,35,2023-08-15T19:31:33.093Z,293,4
2,6,2023-08-15T19:31:43.093Z,965,1
4,2,2023-08-15T19:31:43.093Z,227,2
6,10,2023-08-15T19:31:43.093Z,284,8
9,8,2023-08-15T19:31:43.093Z,750,13
22,34,2023-08-15T19:31:43.093Z,648,6
32,34,2023-08-15T19:31:43.093Z,128,6
1,18,2023-08-15T19:31:53.093Z,586,7
7,6,2023-08-15T19:31:53.093Z,257,1
9,14,2023-08-15T19:31:53.093Z,927,13
16,4,2023-08-15T19:31:53.093Z,451,3
19,0,2023-08-15T19:31:53.093Z,64,7
32,21,2023-08-15T19:31:53.093Z,795,6
3,2,2023-08-15T19:32:03.093Z,515,2
5,17,2023-08-15T19:32:03.093Z,945,3
8,5,2023-08-15T19:32:03.093Z,173,2
10,9,2023-08-15T19:32:03.093Z,381,2
11,7,2023-08-15T19:32:03.093Z,284,8
18,13,2023-08-15T19:32:03.093Z,504,3
30,32,2023-08-15T19:32:03.093Z,535,12
34,0,2023-08-15T19:32:03.093Z,444,7
1,0,2023-08-15T19:32:13.093Z,390,7
2,6,2023-08-15T19:32:13.093Z,227,1
5,12,2023-08-15T19:32:13.093Z,471,3
6,7,2023-08-15T19:32:13.093Z,806,8
17,16,2023-08-15T19:32:13.093Z,90,9
1,18,2023-08-15T19:30:43.093Z,504,7
8,11,2023-08-15T19:30:43.093Z,748,2
18,4,2023-08-15T19:30:43.093Z,550,3
20,26,2023-08-15T19:30:43.093Z,780,4
27,31,2023-08-15T19:30:43.093Z,128,5
6,10,2023-08-15T19:30:53.093Z,432,8
9,14,2023-08-15T19:30:53.093Z,90,13
12,7,2023-08-15T19:30:53.093Z,298,8
19,0,2023-08-15T19:30:53.093Z,954,7
25,24,2023-08-15T19:30:53.093Z,293,14
28,30,2023-08-15T19:30:53.093Z,795,10
31,32,2023-08-15T19:30:53.093Z,128,12
1,0,2023-08-15T19:31:03.093Z,466,7
7,3,2023-08-15T19:31:03.093Z,945,1
10,5,2023-08-15T19:31:03.093Z,432,2
18,4,2023-08-15T19:31:03.093Z,227,3
30,32,2023-08-15T19:31:03.093Z,795,12
0,6,2023-08-15T19:31:13.093Z,472,1
2,6,2023-08-15T19:31:13.093Z,550,1
7,3,2023-08-15T19:31:13.093Z,986,1
13,14,2023-08-15T19:31:13.093Z,921,13
16,12,2023-08-15T19:31:13.093Z,687,3
18,20,2023-08-15T19:31:13.093Z,205,3
25,15,2023-08-15T19:31:13.093Z,494,14
35,30,2023-08-15T19:31:13.093Z,204,10
5,19,2023-08-15T19:31:23.093Z,701,3
12,10,2023-08-15T19:31:23.093Z,965,8
16,20,2023-08-15T19:31:23.093Z,895,3
23,15,2023-08-15T19:31:23.093Z,48,14
1,18,2023-08-15T19:31:33.093Z,549,7
5,4,2023-08-15T19:31:33.093Z,432,3
7,3,2023-08-15T19:31:33.093Z,515,1
14,17,2023-08-15T19:31:33.093Z,90,3
20,35,2023-08-15T19:31:33.093Z,468,4
30,32,2023-08-15T19:31:33.093Z,204,12
3,5,2023-08-15T19:31:43.093Z,945,2
5,20,2023-08-15T19:31:43.093Z,790,3
8,5,2023-08-15T19:31:43.093Z,471,2
13,8,2023-08-15T19:31:43.093Z,173,13
27,34,2023-08-15T19:31:43.093Z,210,5
35,30,2023-08-15T19:31:43.093Z,535,10
3,9,2023-08-15T19:31:53.093Z,986,2
8,2,2023-08-15T19:31:53.093Z,750,2
10,11,2023-08-15T19:31:53.093Z,284,2
18,20,2023-08-15T19:31:53.093Z,857,3
20,35,2023-08-15T19:31:53.093Z,879,4
0,3,2023-08-15T19:32:03.093Z,220,1
4,9,2023-08-15T19:32:03.093Z,432,2
7,1,2023-08-15T19:32:03.093Z,124,1
9,14,2023-08-15T19:32:03.093Z,986,13
14,13,2023-08-15T19:32:03.093Z,167,3
20,26,2023-08-15T19:32:03.093Z,603,4
21,16,2023-08-15T19:32:03.093Z,795,9
35,30,2023-08-15T19:32:03.093Z,115,10
0,6,2023-08-15T19:32:13.093Z,64,1
3,5,2023-08-15T19:32:13.093Z,402,2
4,11,2023-08-15T19:32:13.093Z,15,2
7,1,2023-08-15T19:32:13.093Z,464,1
14,12,2023-08-15T19:32:13.093Z,631,3
15,4,2023-08-15T19:32:13.093Z,299,3
18,17,2023-08-15T19:32:13.093Z,97,3
20,26,2023-08-15T19:32:13.093Z,855,4
22,25,2023-08-15T19:32:13.093Z,152,6
30,30,2023-08-15T19:32:13.093Z,115,12
35,30,2023-08-15T19:32:13.093Z,120,10
0,6,2023-08-15T19:32:23.093Z,444,1
2,3,2023-08-15T19:32:23.093Z,750,1
3,9,2023-08-15T19:32:23.093Z,220,2
4,5,2023-08-15T19:32:23.093Z,451,2
6,10,2023-08-15T19:32:23.093Z,472,8
9,14,2023-08-15T19:32:23.093Z,381,13
13,8,2023-08-15T19:32:23.093Z,167,13
14,20,2023-08-15T19:32:23.093Z,921,3
30,32,2023-08-15T19:32:23.093Z,120,12
2,1,2023-08-15T19:32:33.093Z,515,1
7,6,2023-08-15T19:32:33.093Z,737,1
8,5,2023-08-15T19:32:33.093Z,167,2
9,14,2023-08-15T19:32:33.093Z,296,13
10,9,2023-08-15T19:32:33.093Z,472,2
11,7,2023-08-15T19:32:33.093Z,15,8
14,17,2023-08-15T19:32:33.093Z,927,3
20,26,2023-08-15T19:32:33.093Z,13,4
34,33,2023-08-15T19:32:33.093Z,688,7
4,5,2023-08-15T19:32:43.093Z,299,2
6,10,2023-08-15T19:32:43.093Z,550,8
14,4,2023-08-15T19:32:43.093Z,986,3
16,4,2023-08-15T19:32:43.093Z,838,3
20,26,2023-08-15T19:32:43.093Z,578,4
27,34,2023-08-15T19:32:43.093Z,239,5
30,32,2023-08-15T19:32:43.093Z,115,12
3,5,2023-08-15T19:32:53.093Z,750,2
5,19,2023-08-15T19:32:53.093Z,50,3
10,11,2023-08-15T19:32:53.093Z,550,2
19,0,2023-08-15T19:32:53.093Z,753,7
29,27,2023-08-15T19:32:53.093Z,141,11
34,18,2023-08-15T19:32:53.093Z,984,7
1,18,2023-08-15T19:32:23.093Z,906,7
15,12,2023-08-15T19:32:23.093Z,494,3
18,17,2023-08-15T19:32:23.093Z,549,3
13,8,2023-08-15T19:32:33.093Z,504,13
18,4,2023-08-15T19:32:33.093Z,586,3
25,15,2023-08-15T19:32:33.093Z,152,14
0,6,2023-08-15T19:32:43.093Z,390,1
5,20,2023-08-15T19:32:43.093Z,173,3
9,14,2023-08-15T19:32:43.093Z,220,13
15,12,2023-08-15T19:32:43.093Z,48,3
18,12,2023-08-15T19:32:43.093Z,906,3
25,15,2023-08-15T19:32:43.093Z,423,14
29,27,2023-08-15T19:32:43.093Z,378,11
1,18,2023-08-15T19:32:53.093Z,291,7
4,9,2023-08-15T19:32:53.093Z,586,2
7,1,2023-08-15T19:32:53.093Z,240,1
16,12,2023-08-15T19:32:53.093Z,795,3
27,34,2023-08-15T19:32:53.093Z,686,5
32,34,2023-08-15T19:32:53.093Z,204,6
6,7,2023-08-15T19:33:03.093Z,954,8
14,12,2023-08-15T19:33:03.093Z,381,3
16,4,2023-08-15T19:33:03.093Z,90,3
23,15,2023-08-15T19:33:03.093Z,43,14
34,18,2023-08-15T19:33:03.093Z,563,7
5,13,2023-08-15T19:33:13.093Z,402,3
9,14,2023-08-15T19:33:13.093Z,472,13
14,13,2023-08-15T19:33:13.093Z,296,3
20,35,2023-08-15T19:33:13.093Z,147,4
34,33,2023-08-15T19:33:13.093Z,928,7
5,13,2023-08-15T19:33:23.093Z,451,3
7,3,2023-08-15T19:33:23.093Z,111,1
17,23,2023-08-15T19:33:23.093Z,97,9
27,34,2023-08-15T19:33:23.093Z,734,5
32,21,2023-08-15T19:33:23.093Z,120,6
1,18,2023-08-15T19:33:33.093Z,583,7
4,11,2023-08-15T19:33:33.093Z,90,2
9,14,2023-08-15T19:33:33.093Z,432,13
17,23,2023-08-15T19:33:33.093Z,549,9
20,26,2023-08-15T19:33:33.093Z,34,4
26,27,2023-08-15T19:33:33.093Z,54,11
33,28,2023-08-15T19:33:33.093Z,688,6
35,29,2023-08-15T19:33:33.093Z,154,10
3,9,2023-08-15T19:33:43.093Z,111,2
6,10,2023-08-15T19:33:43.093Z,257,8
34,33,2023-08-15T19:33:43.093Z,52,7
5,13,2023-08-15T19:33:53.093Z,299,3
9,14,2023-08-15T19:33:43.093Z,556,13
12,7,2023-08-15T19:33:43.093Z,494,8
17,16,2023-08-15T19:33:43.093Z,927,9
20,35,2023-08-15T19:33:43.093Z,732,4
27,34,2023-08-15T19:33:43.093Z,948,5
32,34,2023-08-15T19:33:43.093Z,115,6
7,3,2023-08-15T19:33:53.093Z,664,1
10,11,2023-08-15T19:33:53.093Z,257,2
20,26,2023-08-15T19:33:53.093Z,488,4
26,27,2023-08-15T19:33:53.093Z,74,11
35,30,2023-08-15T19:33:53.093Z,346,10
4,5,2023-08-15T19:33:03.093Z,986,2
7,1,2023-08-15T19:33:03.093Z,226,1
15,20,2023-08-15T19:33:03.093Z,152,3
20,35,2023-08-15T19:33:03.093Z,889,4
32,28,2023-08-15T19:33:03.093Z,535,6
0,6,2023-08-15T19:33:13.093Z,753,1
7,1,2023-08-15T19:33:13.093Z,816,1
12,7,2023-08-15T19:33:13.093Z,471,8
18,17,2023-08-15T19:33:13.093Z,291,3
27,34,2023-08-15T19:33:13.093Z,538,5
4,2,2023-08-15T19:33:23.093Z,838,2
6,7,2023-08-15T19:33:23.093Z,466,8
12,7,2023-08-15T19:33:23.093Z,631,8
18,20,2023-08-15T19:33:23.093Z,984,3
28,29,2023-08-15T19:33:23.093Z,535,10
34,0,2023-08-15T19:33:23.093Z,211,7
2,6,2023-08-15T19:33:33.093Z,838,1
7,1,2023-08-15T19:33:33.093Z,153,1
15,12,2023-08-15T19:33:33.093Z,423,3
18,17,2023-08-15T19:33:33.093Z,563,3
23,24,2023-08-15T19:33:33.093Z,97,14
27,34,2023-08-15T19:33:33.093Z,691,5
34,33,2023-08-15T19:33:33.093Z,349,7
1,18,2023-08-15T19:33:43.093Z,347,7
4,5,2023-08-15T19:33:43.093Z,278,2
7,1,2023-08-15T19:33:43.093Z,197,1
35,29,2023-08-15T19:33:43.093Z,615,10
5,17,2023-08-15T19:33:43.093Z,167,3
11,7,2023-08-15T19:33:43.093Z,90,8
15,12,2023-08-15T19:33:43.093Z,43,3
18,12,2023-08-15T19:33:43.093Z,583,3
23,24,2023-08-15T19:33:43.093Z,549,14
28,30,2023-08-15T19:33:43.093Z,688,10
6,10,2023-08-15T19:33:53.093Z,64,8
9,14,2023-08-15T19:33:53.093Z,111,13
17,16,2023-08-15T19:33:53.093Z,291,9
24,35,2023-08-15T19:33:53.093Z,97,4
30,32,2023-08-15T19:33:53.093Z,688,12
3,2,2023-08-15T19:34:03.093Z,664,2
7,1,2023-08-15T19:34:03.093Z,157,1
10,9,2023-08-15T19:34:03.093Z,64,2
13,14,2023-08-15T19:34:03.093Z,402,13
20,35,2023-08-15T19:34:03.093Z,144,4
26,27,2023-08-15T19:34:03.093Z,784,11
30,32,2023-08-15T19:34:03.093Z,346,12
33,28,2023-08-15T19:34:03.093Z,928,6
2,1,2023-08-15T19:34:13.093Z,664,1
13,8,2023-08-15T19:34:13.093Z,296,13
19,0,2023-08-15T19:34:13.093Z,667,7
26,27,2023-08-15T19:34:13.093Z,946,11
33,28,2023-08-15T19:34:13.093Z,349,6
6,7,2023-08-15T19:34:23.093Z,585,8
8,5,2023-08-15T19:34:23.093Z,296,2
13,14,2023-08-15T19:34:23.093Z,451,13
16,20,2023-08-15T19:34:23.093Z,259,3
20,26,2023-08-15T19:34:23.093Z,10,4
27,34,2023-08-15T19:34:23.093Z,462,5
30,32,2023-08-15T19:34:23.093Z,928,12
35,29,2023-08-15T19:34:23.093Z,995,10
7,3,2023-08-15T19:34:33.093Z,201,1
12,7,2023-08-15T19:34:33.093Z,795,8
21,22,2023-08-15T19:34:33.093Z,120,9
31,32,2023-08-15T19:34:33.093Z,800,12
33,25,2023-08-15T19:34:33.093Z,52,6
7,1,2023-08-15T19:34:43.093Z,298,1
12,7,2023-08-15T19:34:43.093Z,381,8
18,13,2023-08-15T19:34:43.093Z,347,3
26,27,2023-08-15T19:34:43.093Z,696,11
32,25,2023-08-15T19:34:43.093Z,800,6
0,6,2023-08-15T19:34:53.093Z,667,1
5,12,2023-08-15T19:34:53.093Z,278,3
7,1,2023-08-15T19:34:53.093Z,362,1
21,16,2023-08-15T19:34:53.093Z,688,9
30,32,2023-08-15T19:34:53.093Z,339,12
3,9,2023-08-15T19:35:03.093Z,201,2
6,10,2023-08-15T19:35:03.093Z,753,8
20,35,2023-08-15T19:35:03.093Z,186,4
26,27,2023-08-15T19:35:03.093Z,28,11
31,32,2023-08-15T19:35:03.093Z,638,12
5,13,2023-08-15T19:35:13.093Z,683,3
7,3,2023-08-15T19:35:13.093Z,100,1
12,7,2023-08-15T19:35:13.093Z,43,8
16,20,2023-08-15T19:35:13.093Z,563,3
24,35,2023-08-15T19:35:13.093Z,928,4
27,31,2023-08-15T19:35:13.093Z,4,5
31,32,2023-08-15T19:35:13.093Z,560,12
33,25,2023-08-15T19:35:13.093Z,260,6
1,33,2023-08-15T19:35:23.093Z,420,7
9,14,2023-08-15T19:35:23.093Z,201,13
14,20,2023-08-15T19:35:23.093Z,556,3
24,35,2023-08-15T19:35:23.093Z,52,4
26,27,2023-08-15T19:35:23.093Z,431,11
32,34,2023-08-15T19:35:23.093Z,941,6
35,29,2023-08-15T19:35:23.093Z,457,10
5,13,2023-08-15T19:35:33.093Z,104,3
25,15,2023-08-15T19:35:33.093Z,120,14
0,3,2023-08-15T19:34:03.093Z,211,1
5,17,2023-08-15T19:34:03.093Z,750,3
9,14,2023-08-15T19:34:03.093Z,586,13
12,7,2023-08-15T19:34:03.093Z,48,8
17,16,2023-08-15T19:34:03.093Z,563,9
24,26,2023-08-15T19:34:03.093Z,549,4
27,31,2023-08-15T19:34:03.093Z,800,5
32,21,2023-08-15T19:34:03.093Z,688,6
35,29,2023-08-15T19:34:03.093Z,452,10
11,11,2023-08-15T19:34:13.093Z,257,8
16,13,2023-08-15T19:34:13.093Z,927,3
20,26,2023-08-15T19:34:13.093Z,591,4
28,30,2023-08-15T19:34:13.093Z,928,10
1,33,2023-08-15T19:34:23.093Z,260,7
7,1,2023-08-15T19:34:23.093Z,489,1
12,7,2023-08-15T19:34:23.093Z,906,8
15,4,2023-08-15T19:34:23.093Z,683,3
19,33,2023-08-15T19:34:23.093Z,449,7
26,27,2023-08-15T19:34:23.093Z,703,11
28,29,2023-08-15T19:34:23.093Z,349,10
32,34,2023-08-15T19:34:23.093Z,346,6
1,33,2023-08-15T19:34:33.093Z,682,7
11,7,2023-08-15T19:34:33.093Z,257,8
16,12,2023-08-15T19:34:33.093Z,291,3
27,31,2023-08-15T19:34:33.093Z,638,5
32,25,2023-08-15T19:34:33.093Z,928,6
6,10,2023-08-15T19:34:43.093Z,737,8
11,7,2023-08-15T19:34:43.093Z,550,8
14,17,2023-08-15T19:34:43.093Z,472,3
20,35,2023-08-15T19:34:43.093Z,369,4
27,31,2023-08-15T19:34:43.093Z,560,5
35,30,2023-08-15T19:34:43.093Z,339,10
4,5,2023-08-15T19:34:53.093Z,683,2
6,10,2023-08-15T19:34:53.093Z,390,8
12,7,2023-08-15T19:34:53.093Z,423,8
22,25,2023-08-15T19:34:53.093Z,120,6
35,29,2023-08-15T19:34:53.093Z,789,10
5,19,2023-08-15T19:35:03.093Z,296,3
14,12,2023-08-15T19:35:03.093Z,283,3
25,24,2023-08-15T19:35:03.093Z,928,14
27,31,2023-08-15T19:35:03.093Z,847,5
35,35,2023-08-15T19:35:03.093Z,142,10
6,7,2023-08-15T19:35:13.093Z,838,8
10,5,2023-08-15T19:35:13.093Z,104,2
14,12,2023-08-15T19:35:13.093Z,432,3
22,34,2023-08-15T19:35:13.093Z,564,6
25,24,2023-08-15T19:35:13.093Z,52,14
28,30,2023-08-15T19:35:13.093Z,389,10
32,21,2023-08-15T19:35:13.093Z,339,6
35,30,2023-08-15T19:35:13.093Z,715,10
3,5,2023-08-15T19:35:23.093Z,100,2
10,11,2023-08-15T19:35:23.093Z,753,2
20,26,2023-08-15T19:35:23.093Z,674,4
25,15,2023-08-15T19:35:23.093Z,800,14
27,34,2023-08-15T19:35:23.093Z,306,5
33,21,2023-08-15T19:35:23.093Z,449,6
1,0,2023-08-15T19:35:33.093Z,14,7
7,1,2023-08-15T19:35:33.093Z,806,1
26,27,2023-08-15T19:35:33.093Z,5,11
27,34,2023-08-15T19:35:33.093Z,850,5
30,32,2023-08-15T19:35:33.093Z,389,12
33,25,2023-08-15T19:35:33.093Z,682,6
35,29,2023-08-15T19:35:33.093Z,245,10
5,13,2023-08-15T19:35:43.093Z,100,3
11,7,2023-08-15T19:35:43.093Z,753,8
12,7,2023-08-15T19:35:43.093Z,278,8
14,17,2023-08-15T19:35:43.093Z,586,3
20,35,2023-08-15T19:35:43.093Z,514,4
27,31,2023-08-15T19:35:43.093Z,907,5
15,17,2023-08-15T19:35:43.093Z,800,3
21,16,2023-08-15T19:35:43.093Z,339,9
25,15,2023-08-15T19:35:43.093Z,673,14
26,27,2023-08-15T19:35:43.093Z,657,11
30,32,2023-08-15T19:35:43.093Z,715,12
32,25,2023-08-15T19:35:43.093Z,638,6
35,29,2023-08-15T19:35:43.093Z,110,10
6,7,2023-08-15T19:35:53.093Z,56,8
16,13,2023-08-15T19:35:53.093Z,688,3
20,26,2023-08-15T19:35:53.093Z,209,4
25,15,2023-08-15T19:35:53.093Z,260,14
32,21,2023-08-15T19:35:53.093Z,560,6
0,3,2023-08-15T19:36:03.093Z,14,1
7,3,2023-08-15T19:36:03.093Z,954,1
16,17,2023-08-15T19:36:03.093Z,339,3
21,22,2023-08-15T19:36:03.093Z,560,9
26,27,2023-08-15T19:36:03.093Z,738,11
28,30,2023-08-15T19:36:03.093Z,420,10
35,29,2023-08-15T19:36:03.093Z,747,10
7,3,2023-08-15T19:36:13.093Z,471,1
26,27,2023-08-15T19:36:13.093Z,669,11
11,10,2023-08-15T19:36:23.093Z,14,8
26,27,2023-08-15T19:36:23.093Z,902,11
31,32,2023-08-15T19:36:23.093Z,847,12
7,1,2023-08-15T19:36:33.093Z,631,1
19,0,2023-08-15T19:36:33.093Z,496,7
27,34,2023-08-15T19:36:33.093Z,629,5
31,32,2023-08-15T19:36:33.093Z,4,12
11,7,2023-08-15T19:36:43.093Z,927,8
27,31,2023-08-15T19:36:43.093Z,854,5
9,14,2023-08-15T19:36:53.093Z,14,13
20,35,2023-08-15T19:36:53.093Z,559,4
27,34,2023-08-15T19:36:53.093Z,127,5
35,30,2023-08-15T19:36:53.093Z,757,10
13,14,2023-08-15T19:37:03.093Z,104,13
35,30,2023-08-15T19:37:03.093Z,976,10
8,5,2023-08-15T19:37:13.093Z,504,2
20,35,2023-08-15T19:37:13.093Z,996,4
35,30,2023-08-15T19:37:13.093Z,468,10
14,20,2023-08-15T19:36:13.093Z,451,3
25,15,2023-08-15T19:36:13.093Z,638,14
35,30,2023-08-15T19:36:13.093Z,250,10
7,3,2023-08-15T19:36:23.093Z,466,1
20,26,2023-08-15T19:36:23.093Z,600,4
32,28,2023-08-15T19:36:23.093Z,715,6
3,9,2023-08-15T19:36:33.093Z,471,2
26,27,2023-08-15T19:36:33.093Z,24,11
32,21,2023-08-15T19:36:33.093Z,420,6
26,27,2023-08-15T19:36:43.093Z,202,11
31,32,2023-08-15T19:36:43.093Z,907,12
7,1,2023-08-15T19:36:53.093Z,494,1
21,22,2023-08-15T19:36:53.093Z,420,9
2,1,2023-08-15T19:37:03.093Z,119,1
21,16,2023-08-15T19:35:53.093Z,449,9
26,27,2023-08-15T19:35:53.093Z,925,11
33,28,2023-08-15T19:35:53.093Z,420,6
6,10,2023-08-15T19:36:03.093Z,667,8
14,17,2023-08-15T19:36:03.093Z,402,3
20,26,2023-08-15T19:36:03.093Z,950,4
25,15,2023-08-15T19:36:03.093Z,682,14
27,34,2023-08-15T19:36:03.093Z,791,5
32,34,2023-08-15T19:36:03.093Z,389,6
3,11,2023-08-15T19:36:13.093Z,14,2
12,7,2023-08-15T19:36:13.093Z,283,8
1,0,2023-08-15T19:36:23.093Z,241,7
13,8,2023-08-15T19:36:23.093Z,927,13
30,32,2023-08-15T19:36:23.093Z,420,12
1,0,2023-08-15T19:36:33.093Z,319,7
10,9,2023-08-15T19:36:33.093Z,14,2
20,35,2023-08-15T19:36:33.093Z,185,4
28,29,2023-08-15T19:36:33.093Z,715,10
7,1,2023-08-15T19:36:43.093Z,90,1
20,35,2023-08-15T19:36:43.093Z,760,4
35,30,2023-08-15T19:36:43.093Z,357,10
14,19,2023-08-15T19:36:53.093Z,471,3
26,27,2023-08-15T19:36:53.093Z,497,11
30,32,2023-08-15T19:36:53.093Z,250,12
1,18,2023-08-15T19:37:03.093Z,979,7
27,31,2023-08-15T19:37:03.093Z,327,5
0,6,2023-08-15T19:37:13.093Z,241,1
13,8,2023-08-15T19:37:13.093Z,100,13
32,25,2023-08-15T19:37:13.093Z,4,6
10,5,2023-08-15T19:36:13.093Z,667,2
16,13,2023-08-15T19:36:13.093Z,449,3
34,33,2023-08-15T19:36:13.093Z,641,7
3,11,2023-08-15T19:36:23.093Z,954,2
12,7,2023-08-15T19:36:23.093Z,432,8
27,31,2023-08-15T19:36:23.093Z,443,5
35,30,2023-08-15T19:36:23.093Z,450,10
8,11,2023-08-15T19:36:33.093Z,927,2
30,30,2023-08-15T19:36:33.093Z,250,12
9,14,2023-08-15T19:36:43.093Z,471,13
30,32,2023-08-15T19:36:43.093Z,450,12
32,25,2023-08-15T19:36:43.093Z,847,6
13,14,2023-08-15T19:36:53.093Z,683,13
34,33,2023-08-15T19:36:53.093Z,101,7
30,32,2023-08-15T19:37:03.093Z,357,12
27,31,2023-08-15T19:37:13.093Z,122,5
26,27,2023-08-15T19:37:03.093Z,292,11
1,18,2023-08-15T19:37:13.093Z,863,7
0,6,2023-08-15T19:37:23.093Z,319,1
31,32,2023-08-15T19:37:23.093Z,443,12
35,29,2023-08-15T19:37:23.093Z,293,10
22,21,2023-08-15T19:37:33.093Z,775,6
25,15,2023-08-15T19:37:33.093Z,847,14
1,33,2023-08-15T19:37:43.093Z,360,7
7,3,2023-08-15T19:37:43.093Z,585,1
9,14,2023-08-15T19:37:43.093Z,100,13
34,33,2023-08-15T19:37:43.093Z,774,7
7,3,2023-08-15T19:37:53.093Z,906,1
30,32,2023-08-15T19:37:53.093Z,468,12
7,6,2023-08-15T19:38:03.093Z,257,1
14,13,2023-08-15T19:38:03.093Z,14,3
18,12,2023-08-15T19:38:03.093Z,979,3
25,15,2023-08-15T19:38:03.093Z,4,14
31,32,2023-08-15T19:38:03.093Z,122,12
3,5,2023-08-15T19:38:13.093Z,906,2
7,3,2023-08-15T19:38:13.093Z,795,1
21,22,2023-08-15T19:38:13.093Z,101,9
30,32,2023-08-15T19:38:13.093Z,871,12
26,27,2023-08-15T19:38:23.093Z,446,11
3,2,2023-08-15T19:38:33.093Z,211,2
15,20,2023-08-15T19:38:33.093Z,847,3
16,19,2023-08-15T19:38:33.093Z,775,3
27,34,2023-08-15T19:38:33.093Z,989,5
4,9,2023-08-15T19:38:43.093Z,475,2
15,20,2023-08-15T19:38:43.093Z,4,3
18,13,2023-08-15T19:38:43.093Z,297,3
7,1,2023-08-15T19:38:53.093Z,838,1
20,35,2023-08-15T19:38:53.093Z,132,4
20,26,2023-08-15T19:37:23.093Z,121,4
27,31,2023-08-15T19:37:23.093Z,401,5
7,3,2023-08-15T19:37:33.093Z,48,1
13,14,2023-08-15T19:37:33.093Z,449,13
20,35,2023-08-15T19:37:33.093Z,842,4
27,31,2023-08-15T19:37:33.093Z,370,5
33,25,2023-08-15T19:37:33.093Z,641,6
30,32,2023-08-15T19:37:43.093Z,976,12
33,21,2023-08-15T19:37:43.093Z,101,6
1,18,2023-08-15T19:37:53.093Z,329,7
3,2,2023-08-15T19:37:53.093Z,48,2
21,16,2023-08-15T19:37:53.093Z,775,9
27,31,2023-08-15T19:37:53.093Z,566,5
31,32,2023-08-15T19:37:53.093Z,327,12
15,4,2023-08-15T19:38:03.093Z,260,3
19,33,2023-08-15T19:38:03.093Z,238,7
27,31,2023-08-15T19:38:03.093Z,350,5
12,7,2023-08-15T19:38:13.093Z,673,8
15,4,2023-08-15T19:38:13.093Z,682,3
18,17,2023-08-15T19:38:13.093Z,863,3
25,24,2023-08-15T19:38:13.093Z,641,14
14,20,2023-08-15T19:38:23.093Z,683,3
18,17,2023-08-15T19:38:23.093Z,225,3
24,26,2023-08-15T19:38:23.093Z,641,4
27,31,2023-08-15T19:38:23.093Z,735,5
4,11,2023-08-15T19:38:33.093Z,682,2
10,9,2023-08-15T19:38:33.093Z,257,2
14,17,2023-08-15T19:38:33.093Z,104,3
18,12,2023-08-15T19:38:33.093Z,329,3
3,9,2023-08-15T19:38:43.093Z,795,2
11,7,2023-08-15T19:38:43.093Z,682,8
12,7,2023-08-15T19:38:43.093Z,979,8
16,19,2023-08-15T19:38:43.093Z,473,3
27,34,2023-08-15T19:38:43.093Z,786,5
31,32,2023-08-15T19:38:43.093Z,350,12
5,17,2023-08-15T19:38:53.093Z,260,3
14,12,2023-08-15T19:38:53.093Z,100,3
27,31,2023-08-15T19:38:53.093Z,137,5
30,32,2023-08-15T19:38:53.093Z,768,12
26,27,2023-08-15T19:37:23.093Z,766,11
32,34,2023-08-15T19:37:23.093Z,450,6
8,9,2023-08-15T19:37:33.093Z,100,2
26,27,2023-08-15T19:37:33.093Z,713,11
3,5,2023-08-15T19:37:43.093Z,496,2
26,27,2023-08-15T19:37:43.093Z,27,11
32,34,2023-08-15T19:37:43.093Z,907,6
13,14,2023-08-15T19:37:53.093Z,299,13
35,29,2023-08-15T19:37:53.093Z,889,10
3,5,2023-08-15T19:38:03.093Z,585,2
20,35,2023-08-15T19:38:03.093Z,970,4
30,32,2023-08-15T19:38:03.093Z,879,12
5,13,2023-08-15T19:38:13.093Z,496,3
20,26,2023-08-15T19:38:13.093Z,606,4
1,1,2023-08-15T19:38:23.093Z,159,7
6,10,2023-08-15T19:38:23.093Z,257,8
1,33,2023-08-15T19:38:33.093Z,53,7
7,1,2023-08-15T19:38:33.093Z,381,1
26,27,2023-08-15T19:38:33.093Z,969,11
2,6,2023-08-15T19:38:43.093Z,211,1
7,1,2023-08-15T19:38:43.093Z,423,1
14,17,2023-08-15T19:38:43.093Z,449,3
20,35,2023-08-15T19:38:43.093Z,436,4
1,0,2023-08-15T19:38:53.093Z,160,7
26,27,2023-08-15T19:38:53.093Z,315,11
1,18,2023-08-15T19:37:23.093Z,225,7
30,32,2023-08-15T19:37:23.093Z,757,12
0,3,2023-08-15T19:37:33.093Z,496,1
15,19,2023-08-15T19:37:33.093Z,120,3
35,30,2023-08-15T19:37:33.093Z,879,10
15,12,2023-08-15T19:37:43.093Z,673,3
31,32,2023-08-15T19:37:43.093Z,854,12
35,30,2023-08-15T19:37:43.093Z,871,10
20,35,2023-08-15T19:37:53.093Z,228,4
1,18,2023-08-15T19:38:03.093Z,297,7
5,19,2023-08-15T19:38:03.093Z,504,3
21,16,2023-08-15T19:38:03.093Z,473,9
4,5,2023-08-15T19:38:13.093Z,260,2
19,18,2023-08-15T19:38:13.093Z,30,7
32,34,2023-08-15T19:38:13.093Z,250,6
5,4,2023-08-15T19:38:23.093Z,475,3
7,1,2023-08-15T19:38:23.093Z,550,1
5,12,2023-08-15T19:38:33.093Z,585,3
20,26,2023-08-15T19:38:33.093Z,168,4
32,21,2023-08-15T19:38:33.093Z,357,6
5,4,2023-08-15T19:38:43.093Z,906,3
13,14,2023-08-15T19:38:43.093Z,496,13
19,0,2023-08-15T19:38:43.093Z,296,7
32,21,2023-08-15T19:38:43.093Z,757,6
9,8,2023-08-15T19:38:53.093Z,257,13
31,32,2023-08-15T19:38:53.093Z,735,12
7,1,2023-08-15T19:39:03.093Z,43,1
9,14,2023-08-15T19:39:03.093Z,795,13
26,27,2023-08-15T19:39:03.093Z,373,11
0,3,2023-08-15T19:39:13.093Z,160,1
34,33,2023-08-15T19:39:13.093Z,776,7
3,11,2023-08-15T19:39:23.093Z,160,2
14,17,2023-08-15T19:39:23.093Z,111,3
19,18,2023-08-15T19:39:23.093Z,471,7
3,5,2023-08-15T19:39:33.093Z,753,2
26,27,2023-08-15T19:39:33.093Z,707,11
7,3,2023-08-15T19:39:43.093Z,283,1
14,4,2023-08-15T19:39:43.093Z,496,3
14,19,2023-08-15T19:39:53.093Z,795,3
20,35,2023-08-15T19:39:53.093Z,931,4
29,27,2023-08-15T19:39:53.093Z,41,11
33,21,2023-08-15T19:39:53.093Z,53,6
5,13,2023-08-15T19:40:03.093Z,753,3
14,12,2023-08-15T19:40:03.093Z,475,3
20,35,2023-08-15T19:40:03.093Z,217,4
33,25,2023-08-15T19:40:03.093Z,70,6
7,6,2023-08-15T19:40:13.093Z,284,1
28,30,2023-08-15T19:40:13.093Z,360,10
35,29,2023-08-15T19:40:13.093Z,144,10
9,8,2023-08-15T19:40:23.093Z,471,13
23,15,2023-08-15T19:40:23.093Z,923,14
34,18,2023-08-15T19:40:23.093Z,485,7
30,32,2023-08-15T19:40:33.093Z,360,12
34,18,2023-08-15T19:40:33.093Z,9,7
5,12,2023-08-15T19:39:03.093Z,667,3
18,13,2023-08-15T19:39:03.093Z,30,3
3,2,2023-08-15T19:39:13.093Z,296,2
13,14,2023-08-15T19:39:13.093Z,297,13
31,32,2023-08-15T19:39:13.093Z,137,12
1,33,2023-08-15T19:39:03.093Z,70,7
6,7,2023-08-15T19:39:13.093Z,211,8
9,14,2023-08-15T19:39:13.093Z,475,13
20,35,2023-08-15T19:39:13.093Z,106,4
26,27,2023-08-15T19:39:13.093Z,359,11
12,10,2023-08-15T19:39:23.093Z,585,8
31,32,2023-08-15T19:39:23.093Z,433,12
1,18,2023-08-15T19:39:33.093Z,108,7
10,2,2023-08-15T19:39:33.093Z,585,2
13,8,2023-08-15T19:39:33.093Z,30,13
29,27,2023-08-15T19:39:33.093Z,438,11
0,6,2023-08-15T19:39:43.093Z,739,1
20,26,2023-08-15T19:39:43.093Z,510,4
18,4,2023-08-15T19:39:53.093Z,471,3
21,23,2023-08-15T19:39:53.093Z,774,9
27,31,2023-08-15T19:39:53.093Z,636,5
31,32,2023-08-15T19:39:53.093Z,401,12
23,24,2023-08-15T19:40:03.093Z,774,14
28,29,2023-08-15T19:40:03.093Z,385,10
30,32,2023-08-15T19:40:03.093Z,732,12
35,30,2023-08-15T19:40:03.093Z,97,10
9,8,2023-08-15T19:40:13.093Z,283,13
29,27,2023-08-15T19:40:13.093Z,174,11
8,2,2023-08-15T19:40:23.093Z,283,2
20,35,2023-08-15T19:40:23.093Z,778,4
28,29,2023-08-15T19:40:23.093Z,357,10
35,30,2023-08-15T19:40:23.093Z,369,10
32,34,2023-08-15T19:40:33.093Z,443,6
0,3,2023-08-15T19:39:03.093Z,296,1
8,2,2023-08-15T19:39:03.093Z,257,2
27,31,2023-08-15T19:39:03.093Z,433,5
7,3,2023-08-15T19:39:13.093Z,753,1
21,22,2023-08-15T19:39:13.093Z,357,9
1,0,2023-08-15T19:39:23.093Z,739,7
7,1,2023-08-15T19:39:23.093Z,278,1
15,12,2023-08-15T19:39:23.093Z,638,3
33,28,2023-08-15T19:39:23.093Z,360,6
7,1,2023-08-15T19:39:33.093Z,56,1
14,20,2023-08-15T19:39:33.093Z,299,3
33,21,2023-08-15T19:39:33.093Z,774,6
22,28,2023-08-15T19:39:43.093Z,357,6
33,25,2023-08-15T19:39:43.093Z,238,6
1,0,2023-08-15T19:39:53.093Z,36,7
7,1,2023-08-15T19:39:53.093Z,432,1
0,3,2023-08-15T19:40:03.093Z,36,1
4,9,2023-08-15T19:40:03.093Z,471,2
7,1,2023-08-15T19:40:03.093Z,927,1
25,15,2023-08-15T19:40:03.093Z,238,14
1,18,2023-08-15T19:40:13.093Z,987,7
20,26,2023-08-15T19:40:13.093Z,852,4
26,27,2023-08-15T19:40:13.093Z,974,11
7,1,2023-08-15T19:40:23.093Z,146,1
12,7,2023-08-15T19:40:23.093Z,638,8
30,32,2023-08-15T19:40:23.093Z,97,12
2,1,2023-08-15T19:40:33.093Z,283,1
7,1,2023-08-15T19:40:33.093Z,673,1
14,20,2023-08-15T19:40:33.093Z,220,3
20,35,2023-08-15T19:40:33.093Z,335,4
13,14,2023-08-15T19:39:23.093Z,347,13
29,27,2023-08-15T19:39:23.093Z,655,11
2,1,2023-08-15T19:39:33.093Z,257,1
11,7,2023-08-15T19:39:33.093Z,160,8
27,34,2023-08-15T19:39:33.093Z,230,5
2,6,2023-08-15T19:39:43.093Z,296,1
26,27,2023-08-15T19:39:43.093Z,309,11
35,29,2023-08-15T19:39:43.093Z,507,10
2,1,2023-08-15T19:39:53.093Z,585,1
35,30,2023-08-15T19:39:53.093Z,732,10
3,9,2023-08-15T19:40:03.093Z,283,2
6,10,2023-08-15T19:40:03.093Z,739,8
12,7,2023-08-15T19:40:03.093Z,667,8
26,27,2023-08-15T19:40:03.093Z,84,11
6,10,2023-08-15T19:40:13.093Z,296,8
25,15,2023-08-15T19:40:13.093Z,70,14
1,18,2023-08-15T19:40:23.093Z,627,7
11,7,2023-08-15T19:40:23.093Z,748,8
14,17,2023-08-15T19:40:23.093Z,347,3
33,28,2023-08-15T19:40:23.093Z,776,6
6,7,2023-08-15T19:40:33.093Z,319,8
10,9,2023-08-15T19:40:33.093Z,739,2
15,12,2023-08-15T19:40:33.093Z,238,3
6,10,2023-08-15T19:40:43.093Z,284,8
9,8,2023-08-15T19:40:43.093Z,739,13
10,9,2023-08-15T19:40:43.093Z,296,2
13,14,2023-08-15T19:40:43.093Z,753,13
15,4,2023-08-15T19:40:43.093Z,70,3
28,30,2023-08-15T19:40:43.093Z,776,10
32,25,2023-08-15T19:40:43.093Z,976,6
3,11,2023-08-15T19:40:53.093Z,466,2
8,2,2023-08-15T19:40:53.093Z,739,2
13,14,2023-08-15T19:40:53.093Z,937,13
18,4,2023-08-15T19:40:53.093Z,108,3
21,16,2023-08-15T19:40:53.093Z,53,9
30,32,2023-08-15T19:40:53.093Z,369,12
32,25,2023-08-15T19:40:53.093Z,854,6
7,3,2023-08-15T19:41:03.093Z,682,1
10,2,2023-08-15T19:41:03.093Z,284,2
11,7,2023-08-15T19:41:03.093Z,466,8
12,7,2023-08-15T19:41:03.093Z,583,8
15,19,2023-08-15T19:41:03.093Z,923,3
18,17,2023-08-15T19:41:03.093Z,987,3
20,26,2023-08-15T19:41:03.093Z,646,4
21,16,2023-08-15T19:41:03.093Z,151,9
25,15,2023-08-15T19:41:03.093Z,976,14
27,34,2023-08-15T19:41:03.093Z,456,5
30,32,2023-08-15T19:41:03.093Z,776,12
31,32,2023-08-15T19:41:03.093Z,636,12
2,3,2023-08-15T19:41:13.093Z,284,1
7,6,2023-08-15T19:41:13.093Z,979,1
12,7,2023-08-15T19:41:13.093Z,475,8
16,4,2023-08-15T19:41:13.093Z,53,3
18,12,2023-08-15T19:41:13.093Z,627,3
20,26,2023-08-15T19:41:13.093Z,405,4
27,31,2023-08-15T19:41:13.093Z,80,5
29,27,2023-08-15T19:41:13.093Z,918,11
34,0,2023-08-15T19:41:13.093Z,442,7
35,29,2023-08-15T19:41:13.093Z,186,10
3,9,2023-08-15T19:41:23.093Z,682,2
4,9,2023-08-15T19:41:23.093Z,906,2
7,1,2023-08-15T19:41:23.093Z,211,1
12,10,2023-08-15T19:41:23.093Z,238,8
18,17,2023-08-15T19:41:23.093Z,485,3
20,35,2023-08-15T19:41:23.093Z,79,4
25,15,2023-08-15T19:41:23.093Z,854,14
26,27,2023-08-15T19:41:23.093Z,482,11
27,31,2023-08-15T19:41:23.093Z,680,5
3,5,2023-08-15T19:41:33.093Z,284,2
4,11,2023-08-15T19:41:33.093Z,108,2
6,10,2023-08-15T19:41:33.093Z,979,8
7,6,2023-08-15T19:41:33.093Z,160,1
9,14,2023-08-15T19:41:33.093Z,682,13
10,11,2023-08-15T19:41:33.093Z,238,2
14,17,2023-08-15T19:41:33.093Z,937,3
18,12,2023-08-15T19:41:33.093Z,9,3
20,26,2023-08-15T19:41:33.093Z,246,4
22,34,2023-08-15T19:41:33.093Z,101,6
29,27,2023-08-15T19:41:33.093Z,366,11
0,3,2023-08-15T19:41:43.093Z,442,1
7,6,2023-08-15T19:41:43.093Z,667,1
9,14,2023-08-15T19:41:43.093Z,906,13
11,10,2023-08-15T19:41:43.093Z,108,8
14,19,2023-08-15T19:41:43.093Z,201,3
20,35,2023-08-15T19:41:43.093Z,805,4
27,31,2023-08-15T19:41:43.093Z,20,5
35,29,2023-08-15T19:41:43.093Z,142,10
1,18,2023-08-15T19:41:53.093Z,644,7
5,19,2023-08-15T19:41:53.093Z,284,3
6,10,2023-08-15T19:41:53.093Z,160,8
7,1,2023-08-15T19:41:53.093Z,748,1
20,26,2023-08-15T19:41:53.093Z,332,4
26,27,2023-08-15T19:41:53.093Z,755,11
3,9,2023-08-15T19:42:03.093Z,442,2
4,5,2023-08-15T19:42:03.093Z,53,2
6,10,2023-08-15T19:42:03.093Z,667,8
7,1,2023-08-15T19:42:03.093Z,638,1
10,9,2023-08-15T19:42:03.093Z,979,2
12,7,2023-08-15T19:42:03.093Z,627,8
13,8,2023-08-15T19:42:03.093Z,688,13
20,35,2023-08-15T19:42:03.093Z,662,4
27,31,2023-08-15T19:42:03.093Z,632,5
1,0,2023-08-15T19:42:13.093Z,571,7
7,3,2023-08-15T19:42:13.093Z,319,1
8,5,2023-08-15T19:42:13.093Z,688,2
9,8,2023-08-15T19:42:13.093Z,442,13
10,2,2023-08-15T19:42:13.093Z,108,2
12,10,2023-08-15T19:42:13.093Z,9,8
16,17,2023-08-15T19:42:13.093Z,151,3
20,35,2023-08-15T19:42:13.093Z,785,4
26,27,2023-08-15T19:42:13.093Z,580,11
31,32,2023-08-15T19:42:13.093Z,80,12
0,6,2023-08-15T19:42:23.093Z,571,1
1,18,2023-08-15T19:42:23.093Z,592,7
3,2,2023-08-15T19:42:23.093Z,319,2
5,12,2023-08-15T19:42:23.093Z,53,3
7,1,2023-08-15T19:42:23.093Z,466,1
9,14,2023-08-15T19:42:23.093Z,979,13
10,5,2023-08-15T19:42:23.093Z,160,2
14,12,2023-08-15T19:42:23.093Z,682,3
18,12,2023-08-15T19:42:23.093Z,644,3
20,35,2023-08-15T19:42:23.093Z,650,4
27,34,2023-08-15T19:42:23.093Z,77,5
31,32,2023-08-15T19:42:23.093Z,680,12
1,0,2023-08-15T19:42:33.093Z,314,7
2,2,2023-08-15T19:42:33.093Z,108,1
5,19,2023-08-15T19:42:33.093Z,688,3
6,10,2023-08-15T19:42:33.093Z,571,8
7,1,2023-08-15T19:42:33.093Z,583,1
8,2,2023-08-15T19:42:33.093Z,442,2
10,2,2023-08-15T19:42:33.093Z,667,2
14,20,2023-08-15T19:42:33.093Z,906,3
20,35,2023-08-15T19:42:33.093Z,787,4
26,27,2023-08-15T19:42:33.093Z,352,11
27,31,2023-08-15T19:42:33.093Z,234,5
29,27,2023-08-15T19:42:33.093Z,705,11
31,32,2023-08-15T19:42:33.093Z,20,12
34,33,2023-08-15T19:42:33.093Z,513,7
2,1,2023-08-15T19:42:43.093Z,319,1
5,13,2023-08-15T19:42:43.093Z,160,3
7,1,2023-08-15T19:42:43.093Z,475,1
10,5,2023-08-15T19:42:43.093Z,9,2
27,34,2023-08-15T19:42:43.093Z,598,5
29,27,2023-08-15T19:42:43.093Z,535,11
31,32,2023-08-15T19:42:43.093Z,632,12
34,33,2023-08-15T19:42:43.093Z,910,7
2,6,2023-08-15T19:42:53.093Z,442,1
5,17,2023-08-15T19:42:53.093Z,986,3
7,3,2023-08-15T19:42:53.093Z,627,1
10,2,2023-08-15T19:42:53.093Z,571,2
12,10,2023-08-15T19:42:53.093Z,682,8
14,17,2023-08-15T19:42:53.093Z,979,3
18,12,2023-08-15T19:42:53.093Z,592,3
20,26,2023-08-15T19:42:53.093Z,722,4
27,34,2023-08-15T19:42:53.093Z,393,5
29,27,2023-08-15T19:42:53.093Z,154,11
31,32,2023-08-15T19:42:53.093Z,234,12
1,18,2023-08-15T19:43:03.093Z,897,7
2,3,2023-08-15T19:43:03.093Z,667,1
5,20,2023-08-15T19:43:03.093Z,9,3
12,10,2023-08-15T19:43:03.093Z,644,8
15,17,2023-08-15T19:43:03.093Z,976,3
20,26,2023-08-15T19:43:03.093Z,697,4
27,34,2023-08-15T19:43:03.093Z,572,5
29,27,2023-08-15T19:43:03.093Z,615,11
0,6,2023-08-15T19:43:13.093Z,314,1
2,6,2023-08-15T19:43:13.093Z,108,1
6,10,2023-08-15T19:43:13.093Z,442,8
15,17,2023-08-15T19:43:13.093Z,854,3
17,16,2023-08-15T19:43:13.093Z,167,9
19,33,2023-08-15T19:43:13.093Z,50,7
20,35,2023-08-15T19:43:13.093Z,720,4
27,34,2023-08-15T19:43:13.093Z,634,5
1,0,2023-08-15T19:43:23.093Z,500,7
3,9,2023-08-15T19:43:23.093Z,667,2
17,22,2023-08-15T19:43:23.093Z,750,9
18,12,2023-08-15T19:43:23.093Z,897,3
20,26,2023-08-15T19:43:23.093Z,794,4
26,27,2023-08-15T19:43:23.093Z,762,11
29,27,2023-08-15T19:43:23.093Z,452,11
31,32,2023-08-15T19:43:23.093Z,566,12
6,10,2023-08-15T19:43:33.093Z,314,8
9,14,2023-08-15T19:43:33.093Z,667,13
10,2,2023-08-15T19:43:33.093Z,644,2
11,7,2023-08-15T19:43:33.093Z,954,8
12,10,2023-08-15T19:43:33.093Z,592,8
16,20,2023-08-15T19:43:33.093Z,167,3
17,16,2023-08-15T19:43:33.093Z,472,9
29,27,2023-08-15T19:43:33.093Z,349,11
0,3,2023-08-15T19:43:43.093Z,500,1
10,5,2023-08-15T19:43:43.093Z,442,2
12,7,2023-08-15T19:43:43.093Z,897,8
1,0,2023-08-15T19:43:53.093Z,955,7
2,6,2023-08-15T19:43:53.093Z,644,1
3,2,2023-08-15T19:43:53.093Z,500,2
5,17,2023-08-15T19:43:53.093Z,442,3
10,11,2023-08-15T19:43:53.093Z,314,2
12,7,2023-08-15T19:43:53.093Z,291,8
14,20,2023-08-15T19:43:53.093Z,667,3
17,16,2023-08-15T19:43:53.093Z,586,9
20,26,2023-08-15T19:43:53.093Z,8,4
27,34,2023-08-15T19:43:53.093Z,75,5
33,28,2023-08-15T19:43:53.093Z,513,6
14,17,2023-08-15T19:44:03.093Z,753,3
22,34,2023-08-15T19:44:03.093Z,750,6
1,0,2023-08-15T19:44:13.093Z,150,7
10,5,2023-08-15T19:44:13.093Z,682,2
34,18,2023-08-15T19:44:13.093Z,840,7
6,7,2023-08-15T19:44:23.093Z,644,8
17,16,2023-08-15T19:44:23.093Z,402,9
11,7,2023-08-15T19:44:33.093Z,356,8
7,1,2023-08-15T19:44:43.093Z,108,1
1,18,2023-08-15T19:44:53.093Z,32,7
14,17,2023-08-15T19:44:53.093Z,853,3
10,9,2023-08-15T19:44:03.093Z,592,2
27,34,2023-08-15T19:44:03.093Z,71,5
11,7,2023-08-15T19:44:13.093Z,314,8
5,19,2023-08-15T19:44:23.093Z,682,3
16,20,2023-08-15T19:44:23.093Z,472,3
7,6,2023-08-15T19:44:33.093Z,291,1
24,35,2023-08-15T19:44:33.093Z,774,4
35,29,2023-08-15T19:44:43.093Z,514,10
7,3,2023-08-15T19:44:53.093Z,314,1
17,23,2023-08-15T19:44:53.093Z,225,9
6,10,2023-08-15T19:45:03.093Z,291,8
10,11,2023-08-15T19:45:03.093Z,897,2
17,16,2023-08-15T19:45:03.093Z,104,9
22,21,2023-08-15T19:45:03.093Z,863,6
27,34,2023-08-15T19:45:03.093Z,773,5
2,1,2023-08-15T19:45:13.093Z,36,1
7,6,2023-08-15T19:45:13.093Z,356,1
13,8,2023-08-15T19:45:13.093Z,586,13
18,13,2023-08-15T19:45:13.093Z,32,3
33,25,2023-08-15T19:45:13.093Z,910,6
2,1,2023-08-15T19:45:23.093Z,291,1
8,2,2023-08-15T19:45:23.093Z,586,2
27,34,2023-08-15T19:45:23.093Z,911,5
6,10,2023-08-15T19:45:33.093Z,356,8
19,18,2023-08-15T19:45:33.093Z,120,7
9,14,2023-08-15T19:45:23.093Z,314,13
21,23,2023-08-15T19:45:23.093Z,863,9
7,1,2023-08-15T19:44:03.093Z,954,1
1,33,2023-08-15T19:44:23.093Z,198,7
9,8,2023-08-15T19:44:23.093Z,592,13
1,33,2023-08-15T19:44:33.093Z,829,7
18,4,2023-08-15T19:44:33.093Z,840,3
17,22,2023-08-15T19:44:43.093Z,863,9
6,10,2023-08-15T19:44:53.093Z,897,8
1,0,2023-08-15T19:44:03.093Z,235,7
20,26,2023-08-15T19:44:03.093Z,884,4
6,7,2023-08-15T19:44:13.093Z,108,8
0,6,2023-08-15T19:44:23.093Z,955,1
7,6,2023-08-15T19:44:23.093Z,897,1
0,3,2023-08-15T19:44:33.093Z,235,1
16,13,2023-08-15T19:44:33.093Z,586,3
8,5,2023-08-15T19:44:43.093Z,592,2
3,5,2023-08-15T19:44:53.093Z,235,2
16,20,2023-08-15T19:44:53.093Z,402,3
3,2,2023-08-15T19:45:03.093Z,36,2
7,3,2023-08-15T19:45:03.093Z,644,1
12,10,2023-08-15T19:45:03.093Z,53,8
19,0,2023-08-15T19:45:03.093Z,284,7
23,15,2023-08-15T19:45:03.093Z,225,14
0,3,2023-08-15T19:45:13.093Z,150,1
3,9,2023-08-15T19:45:13.093Z,314,2
10,2,2023-08-15T19:45:13.093Z,291,2
17,22,2023-08-15T19:45:13.093Z,449,9
20,26,2023-08-15T19:45:13.093Z,922,4
1,0,2023-08-15T19:45:23.093Z,92,7
4,11,2023-08-15T19:45:23.093Z,840,2
10,5,2023-08-15T19:45:23.093Z,53,2
1,33,2023-08-15T19:45:33.093Z,741,7
16,20,2023-08-15T19:45:33.093Z,104,3
20,35,2023-08-15T19:45:33.093Z,249,4
17,16,2023-08-15T19:45:23.093Z,260,9
29,27,2023-08-15T19:45:23.093Z,995,11
34,34,2023-08-15T19:45:23.093Z,856,7
3,5,2023-08-15T19:45:33.093Z,150,2
11,7,2023-08-15T19:45:33.093Z,828,8
17,22,2023-08-15T19:45:33.093Z,945,9
26,27,2023-08-15T19:45:23.093Z,458,11
33,21,2023-08-15T19:45:23.093Z,50,6
2,6,2023-08-15T19:45:33.093Z,586,1
5,13,2023-08-15T19:45:33.093Z,592,3
13,8,2023-08-15T19:45:33.093Z,32,13
27,31,2023-08-15T19:45:33.093Z,269,5
5,12,2023-08-15T19:45:43.093Z,235,3
10,2,2023-08-15T19:45:43.093Z,356,2
17,22,2023-08-15T19:45:43.093Z,111,9
22,28,2023-08-15T19:45:43.093Z,449,6
23,15,2023-08-15T19:45:43.093Z,863,14
26,27,2023-08-15T19:45:43.093Z,187,11
1,18,2023-08-15T19:45:53.093Z,772,7
6,10,2023-08-15T19:45:53.093Z,586,8
7,6,2023-08-15T19:45:53.093Z,828,1
8,11,2023-08-15T19:45:53.093Z,32,2
9,8,2023-08-15T19:45:53.093Z,40,13
11,10,2023-08-15T19:45:53.093Z,840,8
12,10,2023-08-15T19:45:53.093Z,235,8
13,14,2023-08-15T19:45:53.093Z,592,13
16,12,2023-08-15T19:45:53.093Z,260,3
17,16,2023-08-15T19:45:53.093Z,347,9
20,26,2023-08-15T19:45:53.093Z,731,4
21,16,2023-08-15T19:45:53.093Z,50,9
27,34,2023-08-15T19:45:53.093Z,107,5
2,3,2023-08-15T19:46:03.093Z,356,1
5,20,2023-08-15T19:46:03.093Z,53,3
8,2,2023-08-15T19:46:03.093Z,40,2
10,5,2023-08-15T19:46:03.093Z,586,2
11,7,2023-08-15T19:46:03.093Z,32,8
14,12,2023-08-15T19:46:03.093Z,314,3
15,4,2023-08-15T19:46:03.093Z,225,3
17,23,2023-08-15T19:46:03.093Z,987,9
19,18,2023-08-15T19:46:03.093Z,940,7
22,34,2023-08-15T19:46:03.093Z,945,6
26,27,2023-08-15T19:46:03.093Z,123,11
27,31,2023-08-15T19:46:03.093Z,799,5
29,27,2023-08-15T19:46:03.093Z,457,11
2,1,2023-08-15T19:46:13.093Z,500,1
6,10,2023-08-15T19:46:13.093Z,828,8
10,9,2023-08-15T19:46:13.093Z,840,2
13,14,2023-08-15T19:46:13.093Z,14,13
15,4,2023-08-15T19:46:13.093Z,863,3
17,16,2023-08-15T19:46:13.093Z,485,9
18,4,2023-08-15T19:46:13.093Z,120,3
20,35,2023-08-15T19:46:13.093Z,562,4
25,15,2023-08-15T19:46:13.093Z,910,14
26,27,2023-08-15T19:46:13.093Z,804,11
27,34,2023-08-15T19:46:13.093Z,216,5
0,6,2023-08-15T19:46:23.093Z,284,1
2,6,2023-08-15T19:46:23.093Z,40,1
3,5,2023-08-15T19:46:23.093Z,356,2
7,6,2023-08-15T19:46:23.093Z,32,1
9,8,2023-08-15T19:46:23.093Z,840,13
17,16,2023-08-15T19:46:23.093Z,937,9
18,13,2023-08-15T19:46:23.093Z,772,3
20,35,2023-08-15T19:46:23.093Z,25,4
23,15,2023-08-15T19:46:23.093Z,987,14
26,27,2023-08-15T19:46:23.093Z,313,11
27,31,2023-08-15T19:46:23.093Z,495,5
29,27,2023-08-15T19:46:23.093Z,110,11
33,25,2023-08-15T19:46:23.093Z,198,6
1,18,2023-08-15T19:46:33.093Z,67,7
8,5,2023-08-15T19:46:33.093Z,840,2
9,14,2023-08-15T19:46:33.093Z,296,13
10,11,2023-08-15T19:46:33.093Z,235,2
17,22,2023-08-15T19:46:33.093Z,151,9
18,17,2023-08-15T19:46:33.093Z,940,3
20,35,2023-08-15T19:46:33.093Z,205,4
25,24,2023-08-15T19:46:33.093Z,198,14
26,27,2023-08-15T19:46:33.093Z,273,11
27,34,2023-08-15T19:46:33.093Z,628,5
29,27,2023-08-15T19:46:33.093Z,747,11
32,25,2023-08-15T19:46:33.093Z,468,6
33,21,2023-08-15T19:46:33.093Z,829,6
0,3,2023-08-15T19:46:43.093Z,92,1
2,3,2023-08-15T19:46:43.093Z,48,1
10,2,2023-08-15T19:46:43.093Z,828,2
11,7,2023-08-15T19:46:43.093Z,235,8
16,20,2023-08-15T19:46:43.093Z,347,3
17,16,2023-08-15T19:46:43.093Z,986,9
20,26,2023-08-15T19:46:43.093Z,934,4
22,34,2023-08-15T19:46:43.093Z,111,6
24,35,2023-08-15T19:46:43.093Z,198,4
28,30,2023-08-15T19:46:43.093Z,513,10
29,27,2023-08-15T19:46:43.093Z,715,11
31,32,2023-08-15T19:46:43.093Z,612,12
33,21,2023-08-15T19:46:43.093Z,741,6
35,30,2023-08-15T19:46:43.093Z,185,10
5,12,2023-08-15T19:46:53.093Z,150,3
17,16,2023-08-15T19:46:53.093Z,979,9
20,35,2023-08-15T19:46:53.093Z,895,4
21,22,2023-08-15T19:46:53.093Z,829,9
27,34,2023-08-15T19:46:53.093Z,222,5
28,30,2023-08-15T19:46:53.093Z,449,10
30,32,2023-08-15T19:46:53.093Z,513,12
32,34,2023-08-15T19:46:53.093Z,327,6
34,34,2023-08-15T19:46:53.093Z,581,7
35,29,2023-08-15T19:46:53.093Z,760,10
2,3,2023-08-15T19:47:03.093Z,828,1
3,2,2023-08-15T19:47:03.093Z,92,2
4,11,2023-08-15T19:47:03.093Z,863,2
14,17,2023-08-15T19:47:03.093Z,14,3
20,35,2023-08-15T19:47:03.093Z,790,4
21,22,2023-08-15T19:47:03.093Z,757,9
29,27,2023-08-15T19:47:03.093Z,889,11
30,32,2023-08-15T19:47:03.093Z,185,12
32,28,2023-08-15T19:47:03.093Z,879,6
34,33,2023-08-15T19:47:03.093Z,783,7
35,29,2023-08-15T19:47:03.093Z,559,10
1,18,2023-08-15T19:47:13.093Z,962,7
3,5,2023-08-15T19:47:13.093Z,48,2
4,5,2023-08-15T19:47:13.093Z,120,2
6,10,2023-08-15T19:47:13.093Z,284,8
11,10,2023-08-15T19:47:13.093Z,863,8
13,14,2023-08-15T19:47:13.093Z,772,13
16,12,2023-08-15T19:47:13.093Z,50,3
17,22,2023-08-15T19:47:13.093Z,976,9
28,29,2023-08-15T19:47:13.093Z,879,10
34,18,2023-08-15T19:47:13.093Z,729,7
5,4,2023-08-15T19:47:23.093Z,586,3
6,7,2023-08-15T19:47:23.093Z,40,8
10,11,2023-08-15T19:47:23.093Z,284,2
14,20,2023-08-15T19:47:23.093Z,296,3
17,22,2023-08-15T19:47:23.093Z,854,9
18,17,2023-08-15T19:47:23.093Z,67,3
25,15,2023-08-15T19:47:23.093Z,468,14
27,31,2023-08-15T19:47:23.093Z,311,5
31,32,2023-08-15T19:47:23.093Z,269,12
32,25,2023-08-15T19:47:23.093Z,871,6
34,33,2023-08-15T19:47:23.093Z,490,7
35,30,2023-08-15T19:47:23.093Z,996,10
2,6,2023-08-15T19:47:33.093Z,92,1
3,5,2023-08-15T19:47:33.093Z,828,2
5,19,2023-08-15T19:47:33.093Z,356,3
6,10,2023-08-15T19:47:33.093Z,32,8
11,7,2023-08-15T19:47:33.093Z,284,8
17,23,2023-08-15T19:47:33.093Z,442,9
18,17,2023-08-15T19:47:33.093Z,962,3
25,15,2023-08-15T19:47:33.093Z,871,14
30,32,2023-08-15T19:47:33.093Z,996,12
31,32,2023-08-15T19:47:33.093Z,799,12
32,25,2023-08-15T19:47:33.093Z,350,6
34,33,2023-08-15T19:47:33.093Z,203,7
35,30,2023-08-15T19:47:33.093Z,842,10
5,13,2023-08-15T19:47:43.093Z,840,3
7,1,2023-08-15T19:47:43.093Z,40,1
10,5,2023-08-15T19:47:43.093Z,32,2
14,17,2023-08-15T19:47:43.093Z,302,3
16,12,2023-08-15T19:47:43.093Z,937,3
17,22,2023-08-15T19:47:43.093Z,753,9
18,4,2023-08-15T19:47:43.093Z,729,3
21,23,2023-08-15T19:47:43.093Z,741,9
34,33,2023-08-15T19:47:43.093Z,874,7
35,30,2023-08-15T19:47:43.093Z,228,10
1,18,2023-08-15T19:47:53.093Z,434,7
5,13,2023-08-15T19:47:53.093Z,48,3
6,7,2023-08-15T19:47:53.093Z,227,8
8,5,2023-08-15T19:47:53.093Z,471,2
16,13,2023-08-15T19:47:53.093Z,986,3
17,16,2023-08-15T19:47:53.093Z,853,9
21,16,2023-08-15T19:47:53.093Z,247,9
23,15,2023-08-15T19:47:53.093Z,741,14
25,15,2023-08-15T19:47:53.093Z,350,14
35,29,2023-08-15T19:47:53.093Z,970,10
1,1,2023-08-15T19:48:03.093Z,806,7
4,11,2023-08-15T19:48:03.093Z,586,2
5,13,2023-08-15T19:48:03.093Z,120,3
17,16,2023-08-15T19:48:03.093Z,940,9
19,0,2023-08-15T19:48:03.093Z,682,7
35,29,2023-08-15T19:48:03.093Z,139,10
1,0,2023-08-15T19:48:13.093Z,358,7
5,13,2023-08-15T19:48:13.093Z,828,3
7,1,2023-08-15T19:48:13.093Z,227,1
11,7,2023-08-15T19:48:13.093Z,586,8
13,14,2023-08-15T19:48:13.093Z,840,13
17,16,2023-08-15T19:48:13.093Z,14,9
19,33,2023-08-15T19:48:13.093Z,554,7
20,26,2023-08-15T19:48:13.093Z,857,4
33,28,2023-08-15T19:48:13.093Z,783,6
35,30,2023-08-15T19:48:13.093Z,436,10
0,3,2023-08-15T19:48:23.093Z,682,1
1,33,2023-08-15T19:48:23.093Z,55,7
4,9,2023-08-15T19:48:23.093Z,729,2
5,4,2023-08-15T19:48:23.093Z,32,3
13,14,2023-08-15T19:48:23.093Z,48,13
17,23,2023-08-15T19:48:23.093Z,67,9
18,12,2023-08-15T19:48:23.093Z,434,3
20,26,2023-08-15T19:48:23.093Z,921,4
1,33,2023-08-15T19:48:33.093Z,87,7
4,9,2023-08-15T19:48:33.093Z,32,2
5,12,2023-08-15T19:48:33.093Z,471,3
6,7,2023-08-15T19:48:33.093Z,92,8
7,1,2023-08-15T19:48:33.093Z,586,1
9,14,2023-08-15T19:48:33.093Z,729,13
13,14,2023-08-15T19:48:33.093Z,986,13
17,16,2023-08-15T19:48:33.093Z,962,9
23,15,2023-08-15T19:48:33.093Z,67,14
35,29,2023-08-15T19:48:33.093Z,132,10
2,3,2023-08-15T19:48:43.093Z,18,1
9,14,2023-08-15T19:48:43.093Z,32,13
13,14,2023-08-15T19:48:43.093Z,120,13
17,22,2023-08-15T19:48:43.093Z,302,9
20,35,2023-08-15T19:48:43.093Z,152,4
35,30,2023-08-15T19:48:43.093Z,106,10
1,0,2023-08-15T19:48:53.093Z,196,7
3,9,2023-08-15T19:48:53.093Z,682,2
7,3,2023-08-15T19:48:53.093Z,92,1
13,14,2023-08-15T19:48:53.093Z,828,13
16,4,2023-08-15T19:48:53.093Z,979,3
20,26,2023-08-15T19:48:53.093Z,984,4
22,34,2023-08-15T19:48:53.093Z,151,6
27,34,2023-08-15T19:48:53.093Z,400,5
32,34,2023-08-15T19:48:53.093Z,768,6
35,30,2023-08-15T19:48:53.093Z,931,10
3,9,2023-08-15T19:50:43.093Z,50,2
30,32,2023-08-15T19:51:23.093Z,147,12
6,10,2023-08-15T19:51:33.093Z,86,8
21,16,2023-08-15T19:51:33.093Z,976,9
2,6,2023-08-15T19:51:43.093Z,225,1
7,3,2023-08-15T19:51:43.093Z,471,1
12,7,2023-08-15T19:51:43.093Z,796,8
18,17,2023-08-15T19:51:43.093Z,61,3
5,13,2023-08-15T19:51:53.093Z,358,3
7,3,2023-08-15T19:51:53.093Z,81,1
9,14,2023-08-15T19:52:03.093Z,86,13
7,1,2023-08-15T19:52:13.093Z,986,1
4,11,2023-08-15T19:50:43.093Z,81,2
12,7,2023-08-15T19:50:43.093Z,471,8
30,32,2023-08-15T19:50:43.093Z,931,12
1,0,2023-08-15T19:50:53.093Z,949,7
9,8,2023-08-15T19:50:53.093Z,50,13
12,7,2023-08-15T19:50:53.093Z,986,8
18,12,2023-08-15T19:50:53.093Z,221,3
32,25,2023-08-15T19:50:53.093Z,636,6
0,3,2023-08-15T19:51:03.093Z,159,1
18,13,2023-08-15T19:51:03.093Z,845,3
4,2,2023-08-15T19:51:13.093Z,225,2
8,2,2023-08-15T19:51:13.093Z,50,2
15,4,2023-08-15T19:51:13.093Z,910,3
25,15,2023-08-15T19:51:13.093Z,636,14
30,32,2023-08-15T19:51:13.093Z,778,12
13,8,2023-08-15T19:51:23.093Z,845,13
8,2,2023-08-15T19:51:33.093Z,845,2
15,13,2023-08-15T19:51:33.093Z,468,3
0,6,2023-08-15T19:51:43.093Z,949,1
1,33,2023-08-15T19:51:43.093Z,418,7
3,2,2023-08-15T19:51:43.093Z,717,2
10,9,2023-08-15T19:51:43.093Z,86,2
2,6,2023-08-15T19:51:53.093Z,50,1
15,4,2023-08-15T19:52:03.093Z,741,3
22,21,2023-08-15T19:52:03.093Z,302,6
32,21,2023-08-15T19:52:03.093Z,680,6
12,10,2023-08-15T19:51:53.093Z,162,8
16,12,2023-08-15T19:51:53.093Z,976,3
32,34,2023-08-15T19:51:53.093Z,80,6
26,27,2023-08-15T19:52:13.093Z,155,11
30,32,2023-08-15T19:52:13.093Z,662,12
14,12,2023-08-15T19:50:43.093Z,92,3
32,21,2023-08-15T19:50:43.093Z,776,6
0,3,2023-08-15T19:50:53.093Z,717,1
3,5,2023-08-15T19:50:53.093Z,358,2
35,30,2023-08-15T19:50:53.093Z,720,10
0,6,2023-08-15T19:51:13.093Z,86,1
35,30,2023-08-15T19:51:13.093Z,249,10
19,33,2023-08-15T19:52:13.093Z,688,7
27,31,2023-08-15T19:52:13.093Z,530,5
10,2,2023-08-15T19:50:43.093Z,329,2
19,0,2023-08-15T19:49:43.093Z,701,7
1,0,2023-08-15T19:49:53.093Z,717,7
16,20,2023-08-15T19:49:53.093Z,14,3
35,29,2023-08-15T19:49:53.093Z,805,10
11,7,2023-08-15T19:50:03.093Z,358,8
14,12,2023-08-15T19:50:03.093Z,120,3
17,22,2023-08-15T19:50:03.093Z,840,9
30,32,2023-08-15T19:50:03.093Z,228,12
35,30,2023-08-15T19:49:03.093Z,217,10
8,11,2023-08-15T19:49:13.093Z,682,2
32,21,2023-08-15T19:49:13.093Z,137,6
33,25,2023-08-15T19:49:13.093Z,490,6
31,32,2023-08-15T19:49:23.093Z,311,12
32,21,2023-08-15T19:49:23.093Z,433,6
12,7,2023-08-15T19:49:33.093Z,50,8
14,12,2023-08-15T19:49:43.093Z,986,3
33,25,2023-08-15T19:49:43.093Z,554,6
34,18,2023-08-15T19:49:53.093Z,221,7
10,2,2023-08-15T19:50:03.093Z,100,2
18,12,2023-08-15T19:50:03.093Z,796,3
3,9,2023-08-15T19:50:13.093Z,92,2
14,20,2023-08-15T19:50:13.093Z,828,3
32,21,2023-08-15T19:50:13.093Z,97,6
30,32,2023-08-15T19:50:23.093Z,106,12
34,0,2023-08-15T19:50:33.093Z,86,7
3,5,2023-08-15T19:49:13.093Z,18,2
35,30,2023-08-15T19:49:13.093Z,778,10
11,10,2023-08-15T19:49:23.093Z,682,8
14,20,2023-08-15T19:49:33.093Z,729,3
1,18,2023-08-15T19:49:43.093Z,81,7
35,30,2023-08-15T19:50:03.093Z,662,10
3,5,2023-08-15T19:49:43.093Z,644,2
0,3,2023-08-15T19:49:53.093Z,196,1
10,11,2023-08-15T19:49:53.093Z,358,2
2,1,2023-08-15T19:50:13.093Z,100,1
17,16,2023-08-15T19:50:13.093Z,800,9
25,15,2023-08-15T19:50:13.093Z,554,14
1,18,2023-08-15T19:50:33.093Z,543,7
12,7,2023-08-15T19:50:33.093Z,434,8
16,12,2023-08-15T19:50:33.093Z,800,3
10,5,2023-08-15T19:50:13.093Z,937,2
21,22,2023-08-15T19:50:13.093Z,433,9
23,15,2023-08-15T19:50:13.093Z,735,14
28,30,2023-08-15T19:50:13.093Z,87,10
3,2,2023-08-15T19:50:23.093Z,627,2
9,14,2023-08-15T19:50:23.093Z,92,13
23,15,2023-08-15T19:50:23.093Z,137,14
35,30,2023-08-15T19:50:23.093Z,785,10
18,4,2023-08-15T19:50:33.093Z,81,3
35,29,2023-08-15T19:50:33.093Z,650,10
35,29,2023-08-15T19:49:43.093Z,79,10
12,10,2023-08-15T19:49:53.093Z,100,8
32,21,2023-08-15T19:49:53.093Z,401,6
1,18,2023-08-15T19:50:03.093Z,845,7
5,20,2023-08-15T19:50:03.093Z,644,3
12,10,2023-08-15T19:50:03.093Z,937,8
21,23,2023-08-15T19:50:03.093Z,137,9
28,30,2023-08-15T19:50:03.093Z,55,10
32,25,2023-08-15T19:50:03.093Z,732,6
30,32,2023-08-15T19:50:13.093Z,436,12
34,18,2023-08-15T19:50:13.093Z,368,7
7,3,2023-08-15T19:50:23.093Z,358,1
27,34,2023-08-15T19:50:23.093Z,295,5
0,3,2023-08-15T19:50:33.093Z,701,1
21,22,2023-08-15T19:50:33.093Z,401,9
32,25,2023-08-15T19:50:33.093Z,369,6
6,10,2023-08-15T19:52:23.093Z,50,8
13,8,2023-08-15T19:52:23.093Z,358,13
35,30,2023-08-15T19:52:23.093Z,25,10
31,32,2023-08-15T19:52:33.093Z,530,12
32,34,2023-08-15T19:52:43.093Z,234,6
25,15,2023-08-15T19:52:53.093Z,732,14
12,10,2023-08-15T19:53:03.093Z,543,8
33,28,2023-08-15T19:53:03.093Z,688,6
15,4,2023-08-15T19:53:13.093Z,203,3
20,35,2023-08-15T19:53:23.093Z,556,4
10,9,2023-08-15T19:53:33.093Z,543,2
11,7,2023-08-15T19:53:43.093Z,221,8
2,6,2023-08-15T19:53:53.093Z,682,1
1,0,2023-08-15T19:52:23.093Z,721,7
25,15,2023-08-15T19:50:43.093Z,360,14
35,29,2023-08-15T19:50:43.093Z,787,10
2,1,2023-08-15T19:50:53.093Z,627,1
11,7,2023-08-15T19:50:53.093Z,81,8
30,32,2023-08-15T19:50:53.093Z,217,12
34,18,2023-08-15T19:50:53.093Z,61,7
2,1,2023-08-15T19:51:03.093Z,329,1
5,19,2023-08-15T19:51:13.093Z,116,3
1,18,2023-08-15T19:51:23.093Z,588,7
5,19,2023-08-15T19:51:03.093Z,937,3
35,29,2023-08-15T19:51:03.093Z,774,10
18,17,2023-08-15T19:51:13.093Z,368,3
7,6,2023-08-15T19:51:23.093Z,434,1
18,12,2023-08-15T19:51:23.093Z,543,3
30,32,2023-08-15T19:51:33.093Z,55,12
6,10,2023-08-15T19:51:53.093Z,434,8
22,34,2023-08-15T19:51:53.093Z,753,6
6,10,2023-08-15T19:52:03.093Z,949,8
17,16,2023-08-15T19:52:03.093Z,61,9
29,27,2023-08-15T19:52:03.093Z,507,11
3,9,2023-08-15T19:52:13.093Z,81,2
6,7,2023-08-15T19:52:13.093Z,225,8
22,21,2023-08-15T19:52:13.093Z,420,6
3,11,2023-08-15T19:51:33.093Z,701,2
11,7,2023-08-15T19:51:43.093Z,701,8
15,4,2023-08-15T19:51:53.093Z,871,3
27,34,2023-08-15T19:51:53.093Z,242,5
10,2,2023-08-15T19:52:03.093Z,434,2
21,22,2023-08-15T19:52:03.093Z,994,9
35,29,2023-08-15T19:52:03.093Z,562,10
13,8,2023-08-15T19:52:13.093Z,468,13
15,20,2023-08-15T19:51:23.093Z,987,3
12,10,2023-08-15T19:51:33.093Z,962,8
21,22,2023-08-15T19:51:43.093Z,97,9
18,17,2023-08-15T19:51:53.093Z,588,3
3,9,2023-08-15T19:52:03.093Z,471,2
12,7,2023-08-15T19:52:03.093Z,800,8
26,27,2023-08-15T19:52:03.093Z,926,11
2,3,2023-08-15T19:52:13.093Z,845,1
12,7,2023-08-15T19:52:13.093Z,260,8
28,30,2023-08-15T19:52:13.093Z,783,10
1,18,2023-08-15T19:54:03.093Z,430,7
11,7,2023-08-15T19:54:03.093Z,735,8
3,5,2023-08-15T19:54:13.093Z,910,2
11,7,2023-08-15T19:54:13.093Z,196,8
20,35,2023-08-15T19:54:13.093Z,165,4
10,9,2023-08-15T19:54:23.093Z,480,2
22,34,2023-08-15T19:54:23.093Z,854,6
7,1,2023-08-15T19:54:33.093Z,241,1
15,4,2023-08-15T19:54:33.093Z,636,3
13,14,2023-08-15T19:54:43.093Z,420,13
1,18,2023-08-15T19:54:53.093Z,526,7
12,10,2023-08-15T19:54:53.093Z,528,8
6,7,2023-08-15T19:55:03.093Z,137,8
27,34,2023-08-15T19:55:03.093Z,820,5
8,5,2023-08-15T19:55:13.093Z,30,2
24,35,2023-08-15T19:55:13.093Z,490,4
1,0,2023-08-15T19:55:23.093Z,977,7
20,26,2023-08-15T19:55:23.093Z,220,4
4,11,2023-08-15T19:55:33.093Z,430,2
14,17,2023-08-15T19:55:33.093Z,420,3
4,2,2023-08-15T19:54:03.093Z,496,2
15,12,2023-08-15T19:54:03.093Z,137,3
6,10,2023-08-15T19:54:13.093Z,480,8
12,10,2023-08-15T19:54:13.093Z,137,8
5,13,2023-08-15T19:54:23.093Z,203,3
14,17,2023-08-15T19:54:23.093Z,871,3
26,27,2023-08-15T19:54:23.093Z,274,11
9,14,2023-08-15T19:54:33.093Z,480,13
16,17,2023-08-15T19:54:33.093Z,485,3
15,4,2023-08-15T19:54:43.093Z,312,3
2,6,2023-08-15T19:54:53.093Z,137,1
13,14,2023-08-15T19:54:53.093Z,203,13
10,11,2023-08-15T19:55:03.093Z,528,2
33,25,2023-08-15T19:55:03.093Z,939,6
11,7,2023-08-15T19:55:13.093Z,528,8
27,31,2023-08-15T19:55:13.093Z,730,5
4,5,2023-08-15T19:55:23.093Z,312,2
6,7,2023-08-15T19:54:03.093Z,682,8
16,13,2023-08-15T19:54:03.093Z,420,3
15,12,2023-08-15T19:52:23.093Z,67,3
11,7,2023-08-15T19:52:53.093Z,910,8
10,5,2023-08-15T19:53:03.093Z,92,2
7,1,2023-08-15T19:53:13.093Z,260,1
11,7,2023-08-15T19:53:23.093Z,358,8
29,27,2023-08-15T19:53:23.093Z,144,11
7,3,2023-08-15T19:53:33.093Z,910,1
12,7,2023-08-15T19:53:33.093Z,976,8
21,22,2023-08-15T19:53:33.093Z,776,9
16,13,2023-08-15T19:53:43.093Z,588,3
26,27,2023-08-15T19:53:43.093Z,184,11
20,26,2023-08-15T19:53:53.093Z,683,4
19,0,2023-08-15T19:52:23.093Z,48,7
21,23,2023-08-15T19:52:23.093Z,302,9
5,19,2023-08-15T19:52:33.093Z,863,3
4,5,2023-08-15T19:52:43.093Z,871,2
5,4,2023-08-15T19:52:53.093Z,468,3
31,32,2023-08-15T19:52:53.093Z,21,12
21,23,2023-08-15T19:53:03.093Z,680,9
2,3,2023-08-15T19:53:13.093Z,434,1
27,31,2023-08-15T19:53:13.093Z,195,5
27,31,2023-08-15T19:53:23.093Z,761,5
20,35,2023-08-15T19:53:33.093Z,451,4
15,20,2023-08-15T19:53:43.093Z,554,3
7,6,2023-08-15T19:53:53.093Z,480,1
7,6,2023-08-15T19:52:23.093Z,701,1
32,34,2023-08-15T19:52:23.093Z,20,6
2,1,2023-08-15T19:52:33.093Z,571,1
22,34,2023-08-15T19:52:43.093Z,433,6
7,1,2023-08-15T19:52:53.093Z,800,1
17,16,2023-08-15T19:53:03.093Z,588,9
22,34,2023-08-15T19:53:03.093Z,401,6
29,27,2023-08-15T19:53:03.093Z,385,11
12,7,2023-08-15T19:53:13.093Z,480,8
35,30,2023-08-15T19:53:13.093Z,895,10
21,16,2023-08-15T19:53:23.093Z,840,9
12,7,2023-08-15T19:53:43.093Z,150,8
8,5,2023-08-15T19:53:53.093Z,203,2
3,11,2023-08-15T19:52:23.093Z,845,2
10,5,2023-08-15T19:52:23.093Z,863,2
30,32,2023-08-15T19:52:23.093Z,87,12
10,11,2023-08-15T19:52:33.093Z,949,2
12,10,2023-08-15T19:52:43.093Z,92,8
9,14,2023-08-15T19:52:53.093Z,471,13
7,1,2023-08-15T19:53:03.093Z,225,1
27,31,2023-08-15T19:53:03.093Z,605,5
10,9,2023-08-15T19:53:13.093Z,221,2
9,8,2023-08-15T19:53:23.093Z,221,13
6,7,2023-08-15T19:53:33.093Z,241,8
5,20,2023-08-15T19:53:43.093Z,92,3
21,16,2023-08-15T19:53:43.093Z,632,9
12,10,2023-08-15T19:53:53.093Z,67,8
22,21,2023-08-15T19:52:23.093Z,840,6
6,10,2023-08-15T19:52:33.093Z,701,8
11,7,2023-08-15T19:52:33.093Z,845,8
32,21,2023-08-15T19:52:33.093Z,632,6
7,3,2023-08-15T19:52:43.093Z,796,1
3,9,2023-08-15T19:52:53.093Z,796,2
27,31,2023-08-15T19:52:53.093Z,23,5
35,30,2023-08-15T19:52:53.093Z,205,10
35,30,2023-08-15T19:53:03.093Z,198,10
21,16,2023-08-15T19:53:13.093Z,420,9
9,8,2023-08-15T19:53:43.093Z,203,13
3,9,2023-08-15T19:53:53.093Z,434,2
4,11,2023-08-15T19:52:33.093Z,910,2
8,5,2023-08-15T19:52:33.093Z,468,2
4,11,2023-08-15T19:52:53.093Z,741,2
26,27,2023-08-15T19:52:23.093Z,69,11
33,25,2023-08-15T19:52:23.093Z,418,6
35,29,2023-08-15T19:52:33.093Z,88,10
23,15,2023-08-15T19:52:43.093Z,302,14
12,10,2023-08-15T19:52:53.093Z,221,8
30,32,2023-08-15T19:52:53.093Z,785,12
26,27,2023-08-15T19:53:03.093Z,413,11
1,18,2023-08-15T19:53:13.093Z,528,7
23,24,2023-08-15T19:53:13.093Z,680,14
24,35,2023-08-15T19:53:23.093Z,680,4
15,4,2023-08-15T19:53:33.093Z,735,3
20,35,2023-08-15T19:53:43.093Z,300,4
34,33,2023-08-15T19:53:43.093Z,939,7
4,11,2023-08-15T19:53:53.093Z,735,2
9,14,2023-08-15T19:53:53.093Z,543,13
27,31,2023-08-15T19:52:33.093Z,21,5
10,5,2023-08-15T19:52:43.093Z,50,2
8,11,2023-08-15T19:52:53.093Z,358,2
1,18,2023-08-15T19:53:03.093Z,597,7
11,7,2023-08-15T19:53:03.093Z,949,8
20,26,2023-08-15T19:53:03.093Z,563,4
14,19,2023-08-15T19:53:13.093Z,471,3
5,13,2023-08-15T19:53:23.093Z,871,3
12,7,2023-08-15T19:53:23.093Z,835,8
4,9,2023-08-15T19:53:33.093Z,203,2
26,27,2023-08-15T19:53:33.093Z,333,11
10,2,2023-08-15T19:53:43.093Z,682,2
31,32,2023-08-15T19:53:03.093Z,23,12
9,8,2023-08-15T19:53:13.093Z,796,13
8,11,2023-08-15T19:53:33.093Z,221,2
13,14,2023-08-15T19:53:43.093Z,871,13
1,18,2023-08-15T20:40:43.093Z,816,7
6,10,2023-08-15T20:40:43.093Z,676,8
8,2,2023-08-15T20:40:43.093Z,571,2
11,7,2023-08-15T20:40:43.093Z,157,8
29,27,2023-08-15T20:40:43.093Z,548,11
27,34,2023-08-15T20:40:43.093Z,192,5
13,8,2023-08-15T20:40:43.093Z,452,13
18,20,2023-08-15T20:40:43.093Z,335,3
5,20,2023-08-15T20:40:53.093Z,358,3
14,13,2023-08-15T20:40:53.093Z,214,3
18,17,2023-08-15T20:40:53.093Z,904,3
27,34,2023-08-15T20:40:53.093Z,142,5
31,32,2023-08-15T20:40:53.093Z,333,12
3,5,2023-08-15T20:41:03.093Z,287,2
9,14,2023-08-15T20:41:03.093Z,452,13
25,24,2023-08-15T20:41:03.093Z,109,14
32,28,2023-08-15T20:41:03.093Z,333,6
10,9,2023-08-15T20:41:13.093Z,386,2
14,20,2023-08-15T20:41:13.093Z,45,3
17,16,2023-08-15T20:41:13.093Z,291,9
20,26,2023-08-15T20:41:13.093Z,865,4
1,0,2023-08-15T20:41:23.093Z,721,7
9,14,2023-08-15T20:41:23.093Z,236,13
15,13,2023-08-15T20:41:23.093Z,1,3
17,22,2023-08-15T20:41:23.093Z,904,9
24,35,2023-08-15T20:41:23.093Z,109,4
33,28,2023-08-15T20:41:23.093Z,117,6
14,17,2023-08-15T20:41:33.093Z,452,3
20,35,2023-08-15T20:41:33.093Z,335,4
26,27,2023-08-15T20:41:33.093Z,278,11
28,30,2023-08-15T20:41:33.093Z,117,10
32,21,2023-08-15T20:41:33.093Z,114,6
2,1,2023-08-15T20:41:43.093Z,238,1
20,35,2023-08-15T20:41:43.093Z,358,4
25,15,2023-08-15T20:41:43.093Z,982,14
27,34,2023-08-15T20:41:43.093Z,245,5
34,18,2023-08-15T20:41:43.093Z,425,7
27,31,2023-08-15T20:41:53.093Z,506,5
31,32,2023-08-15T20:41:53.093Z,223,12
34,0,2023-08-15T20:41:53.093Z,719,7
26,27,2023-08-15T20:42:03.093Z,279,11
31,32,2023-08-15T20:42:03.093Z,506,12
0,3,2023-08-15T20:40:43.093Z,973,1
3,11,2023-08-15T20:40:43.093Z,432,2
7,6,2023-08-15T20:40:43.093Z,386,1
10,2,2023-08-15T20:40:43.093Z,238,2
12,7,2023-08-15T20:40:43.093Z,438,8
16,13,2023-08-15T20:40:43.093Z,494,3
8,9,2023-08-15T20:40:53.093Z,452,2
11,7,2023-08-15T20:40:53.093Z,432,8
15,13,2023-08-15T20:41:03.093Z,971,3
4,11,2023-08-15T20:41:13.093Z,954,2
27,31,2023-08-15T20:41:13.093Z,514,5
33,25,2023-08-15T20:41:13.093Z,982,6
30,32,2023-08-15T20:41:23.093Z,114,12
20,26,2023-08-15T20:40:43.093Z,281,4
28,29,2023-08-15T20:40:43.093Z,391,10
1,18,2023-08-15T20:40:53.093Z,471,7
6,10,2023-08-15T20:40:53.093Z,236,8
10,9,2023-08-15T20:40:53.093Z,676,2
17,16,2023-08-15T20:40:53.093Z,198,9
24,35,2023-08-15T20:40:53.093Z,114,4
7,1,2023-08-15T19:54:13.093Z,358,1
16,20,2023-08-15T19:54:13.093Z,840,3
7,6,2023-08-15T19:54:23.093Z,835,1
16,12,2023-08-15T19:54:23.093Z,632,3
27,34,2023-08-15T19:54:23.093Z,76,5
10,2,2023-08-15T19:54:33.093Z,137,2
10,5,2023-08-15T19:54:43.093Z,835,2
18,4,2023-08-15T19:54:43.093Z,430,3
7,1,2023-08-15T19:54:53.093Z,976,1
15,13,2023-08-15T19:54:53.093Z,302,3
15,20,2023-08-15T19:55:03.093Z,732,3
0,6,2023-08-15T19:55:13.093Z,721,1
15,20,2023-08-15T19:55:13.093Z,360,3
32,34,2023-08-15T19:55:13.093Z,566,6
11,10,2023-08-15T19:55:23.093Z,636,8
32,34,2023-08-15T19:55:23.093Z,612,6
10,5,2023-08-15T19:55:33.093Z,636,2
26,27,2023-08-15T19:55:33.093Z,808,11
10,9,2023-08-15T19:54:03.093Z,67,2
2,1,2023-08-15T19:54:13.093Z,496,1
9,8,2023-08-15T19:54:13.093Z,434,13
18,17,2023-08-15T19:54:13.093Z,597,3
9,8,2023-08-15T19:54:23.093Z,67,13
18,12,2023-08-15T19:54:23.093Z,528,3
6,10,2023-08-15T19:54:33.093Z,835,8
14,13,2023-08-15T19:54:33.093Z,543,3
12,7,2023-08-15T19:54:43.093Z,632,8
20,35,2023-08-15T19:54:43.093Z,4,4
8,5,2023-08-15T19:54:53.093Z,67,2
20,35,2023-08-15T19:54:53.093Z,299,4
20,35,2023-08-15T19:55:03.093Z,980,4
4,11,2023-08-15T19:55:13.093Z,636,2
18,12,2023-08-15T19:55:13.093Z,526,3
0,6,2023-08-15T19:55:23.093Z,48,1
14,19,2023-08-15T19:55:23.093Z,480,3
27,34,2023-08-15T19:55:23.093Z,604,5
7,1,2023-08-15T19:55:33.093Z,845,1
20,35,2023-08-15T19:55:33.093Z,906,4
1,18,2023-08-15T19:55:33.093Z,265,7
13,8,2023-08-15T19:55:33.093Z,543,13
32,25,2023-08-15T19:55:33.093Z,513,6
1,0,2023-08-15T19:55:43.093Z,287,7
14,20,2023-08-15T19:55:43.093Z,203,3
30,32,2023-08-15T19:55:43.093Z,249,12
1,18,2023-08-15T19:55:53.093Z,334,7
17,16,2023-08-15T19:55:53.093Z,871,9
32,21,2023-08-15T19:55:53.093Z,269,6
7,1,2023-08-15T19:56:03.093Z,682,1
20,35,2023-08-15T19:56:03.093Z,9,4
34,33,2023-08-15T19:56:03.093Z,409,7
7,3,2023-08-15T19:56:13.093Z,735,1
21,22,2023-08-15T19:56:13.093Z,269,9
29,27,2023-08-15T19:56:13.093Z,186,11
6,10,2023-08-15T19:56:23.093Z,977,8
17,23,2023-08-15T19:56:23.093Z,420,9
11,10,2023-08-15T19:55:43.093Z,430,8
27,34,2023-08-15T19:55:43.093Z,883,5
32,25,2023-08-15T19:55:43.093Z,185,6
8,2,2023-08-15T19:55:53.093Z,302,2
26,27,2023-08-15T19:55:53.093Z,826,11
1,0,2023-08-15T19:56:03.093Z,960,7
18,12,2023-08-15T19:56:03.093Z,265,3
25,15,2023-08-15T19:56:03.093Z,185,14
3,5,2023-08-15T19:56:13.093Z,221,2
17,16,2023-08-15T19:56:13.093Z,368,9
25,24,2023-08-15T19:56:13.093Z,939,14
34,18,2023-08-15T19:56:13.093Z,698,7
10,2,2023-08-15T19:56:23.093Z,48,2
22,25,2023-08-15T19:56:23.093Z,560,6
30,32,2023-08-15T19:56:23.093Z,783,12
2,3,2023-08-15T19:56:33.093Z,93,1
5,13,2023-08-15T19:56:33.093Z,835,3
15,12,2023-08-15T19:56:33.093Z,185,3
23,15,2023-08-15T19:56:33.093Z,420,14
27,31,2023-08-15T19:56:33.093Z,827,5
7,6,2023-08-15T19:56:43.093Z,632,1
12,7,2023-08-15T19:56:43.093Z,526,8
20,35,2023-08-15T19:56:43.093Z,472,4
27,31,2023-08-15T19:56:43.093Z,190,5
3,9,2023-08-15T19:56:53.093Z,735,2
18,13,2023-08-15T19:56:53.093Z,698,3
22,25,2023-08-15T19:56:53.093Z,485,6
29,27,2023-08-15T19:56:53.093Z,142,11
31,32,2023-08-15T19:56:53.093Z,439,12
2,6,2023-08-15T19:57:03.093Z,717,1
6,10,2023-08-15T19:57:03.093Z,632,8
10,5,2023-08-15T19:57:03.093Z,162,2
26,27,2023-08-15T19:57:03.093Z,537,11
29,27,2023-08-15T19:57:03.093Z,514,11
2,1,2023-08-15T19:57:13.093Z,543,1
5,12,2023-08-15T19:57:13.093Z,636,3
10,2,2023-08-15T19:57:13.093Z,632,2
15,12,2023-08-15T19:57:13.093Z,420,3
20,26,2023-08-15T19:57:13.093Z,104,4
30,32,2023-08-15T19:57:13.093Z,205,12
7,3,2023-08-15T19:55:43.093Z,221,1
13,8,2023-08-15T19:55:43.093Z,302,13
17,16,2023-08-15T19:55:43.093Z,597,9
28,30,2023-08-15T19:55:43.093Z,688,10
31,32,2023-08-15T19:55:43.093Z,195,12
0,6,2023-08-15T19:55:53.093Z,977,1
7,3,2023-08-15T19:55:53.093Z,150,1
14,12,2023-08-15T19:55:53.093Z,592,3
25,24,2023-08-15T19:55:53.093Z,513,14
29,27,2023-08-15T19:55:53.093Z,357,11
0,3,2023-08-15T19:56:03.093Z,287,1
2,6,2023-08-15T19:56:03.093Z,302,1
17,22,2023-08-15T19:56:03.093Z,485,9
19,18,2023-08-15T19:56:03.093Z,863,7
22,28,2023-08-15T19:56:03.093Z,97,6
31,32,2023-08-15T19:56:03.093Z,730,12
35,29,2023-08-15T19:56:03.093Z,790,10
6,10,2023-08-15T19:56:13.093Z,48,8
10,2,2023-08-15T19:56:13.093Z,93,2
20,35,2023-08-15T19:56:13.093Z,167,4
22,34,2023-08-15T19:56:13.093Z,994,6
28,29,2023-08-15T19:56:13.093Z,97,10
32,34,2023-08-15T19:56:13.093Z,996,6
5,17,2023-08-15T19:56:23.093Z,910,3
7,1,2023-08-15T19:56:23.093Z,196,1
12,7,2023-08-15T19:56:23.093Z,592,8
20,26,2023-08-15T19:56:23.093Z,667,4
27,31,2023-08-15T19:56:23.093Z,439,5
1,0,2023-08-15T19:56:33.093Z,896,7
3,5,2023-08-15T19:56:33.093Z,150,2
6,7,2023-08-15T19:56:33.093Z,302,8
18,13,2023-08-15T19:56:33.093Z,334,3
24,35,2023-08-15T19:56:33.093Z,939,4
5,4,2023-08-15T19:56:43.093Z,67,3
8,2,2023-08-15T19:56:43.093Z,543,2
18,13,2023-08-15T19:56:43.093Z,863,3
22,34,2023-08-15T19:56:43.093Z,776,6
32,34,2023-08-15T19:56:43.093Z,799,6
5,20,2023-08-15T19:56:53.093Z,30,3
20,26,2023-08-15T19:56:53.093Z,402,4
26,27,2023-08-15T19:56:53.093Z,192,11
30,32,2023-08-15T19:56:53.093Z,25,12
1,33,2023-08-15T19:57:03.093Z,318,7
5,13,2023-08-15T19:57:03.093Z,312,3
7,1,2023-08-15T19:57:03.093Z,15,1
13,14,2023-08-15T19:57:03.093Z,835,13
27,34,2023-08-15T19:57:03.093Z,708,5
32,34,2023-08-15T19:57:03.093Z,449,6
3,5,2023-08-15T19:57:13.093Z,93,2
7,3,2023-08-15T19:57:13.093Z,528,1
13,14,2023-08-15T19:57:13.093Z,334,13
16,12,2023-08-15T19:57:13.093Z,597,3
25,15,2023-08-15T19:57:13.093Z,560,14
32,21,2023-08-15T19:57:13.093Z,842,6
0,6,2023-08-15T19:57:23.093Z,960,1
5,13,2023-08-15T19:57:23.093Z,221,3
7,6,2023-08-15T19:57:23.093Z,592,1
13,8,2023-08-15T19:57:23.093Z,863,13
14,19,2023-08-15T19:57:23.093Z,835,3
0,3,2023-08-15T19:57:33.093Z,896,1
2,1,2023-08-15T19:57:33.093Z,632,1
5,4,2023-08-15T19:57:33.093Z,150,3
13,8,2023-08-15T19:57:33.093Z,698,13
30,32,2023-08-15T19:57:33.093Z,895,12
35,29,2023-08-15T19:57:33.093Z,307,10
9,8,2023-08-15T19:57:43.093Z,528,13
31,32,2023-08-15T19:57:43.093Z,827,12
9,14,2023-08-15T19:57:53.093Z,863,13
1,0,2023-08-15T19:58:03.093Z,690,7
12,7,2023-08-15T19:58:03.093Z,420,8
1,0,2023-08-15T19:58:13.093Z,157,7
6,10,2023-08-15T19:58:13.093Z,960,8
17,16,2023-08-15T19:58:13.093Z,339,9
21,22,2023-08-15T19:58:13.093Z,495,9
0,6,2023-08-15T19:58:23.093Z,354,1
7,1,2023-08-15T19:58:23.093Z,955,1
14,12,2023-08-15T19:58:23.093Z,334,3
1,18,2023-08-15T19:57:23.093Z,679,7
2,1,2023-08-15T19:57:23.093Z,48,1
9,14,2023-08-15T19:57:23.093Z,735,13
16,20,2023-08-15T19:57:23.093Z,871,3
20,35,2023-08-15T19:57:23.093Z,138,4
25,15,2023-08-15T19:57:23.093Z,418,14
26,27,2023-08-15T19:57:23.093Z,223,11
32,21,2023-08-15T19:57:23.093Z,495,6
33,25,2023-08-15T19:57:23.093Z,409,6
34,0,2023-08-15T19:57:23.093Z,635,7
35,29,2023-08-15T19:57:23.093Z,152,10
1,0,2023-08-15T19:57:33.093Z,929,7
3,9,2023-08-15T19:57:33.093Z,528,2
7,1,2023-08-15T19:57:33.093Z,302,1
16,13,2023-08-15T19:57:33.093Z,368,3
32,21,2023-08-15T19:57:33.093Z,311,6
1,33,2023-08-15T19:57:43.093Z,226,7
18,12,2023-08-15T19:57:43.093Z,679,3
3,2,2023-08-15T19:57:53.093Z,896,2
0,6,2023-08-15T19:58:03.093Z,929,1
4,9,2023-08-15T19:58:03.093Z,150,2
34,18,2023-08-15T19:58:03.093Z,200,7
4,5,2023-08-15T19:58:13.093Z,979,2
12,10,2023-08-15T19:58:13.093Z,597,8
19,18,2023-08-15T19:58:13.093Z,471,7
25,15,2023-08-15T19:58:13.093Z,485,14
4,11,2023-08-15T19:58:23.093Z,67,2
12,7,2023-08-15T19:58:23.093Z,560,8
20,35,2023-08-15T19:58:23.093Z,765,4
22,34,2023-08-15T19:58:23.093Z,269,6
32,34,2023-08-15T19:58:23.093Z,228,6
5,17,2023-08-15T19:58:33.093Z,979,3
7,1,2023-08-15T19:58:33.093Z,420,1
20,35,2023-08-15T19:58:33.093Z,853,4
4,9,2023-08-15T19:58:43.093Z,468,2
12,10,2023-08-15T19:58:43.093Z,334,8
34,18,2023-08-15T19:58:43.093Z,353,7
12,7,2023-08-15T19:58:53.093Z,185,8
6,7,2023-08-15T19:57:33.093Z,717,8
20,35,2023-08-15T19:57:33.093Z,53,4
6,7,2023-08-15T19:57:43.093Z,955,8
15,12,2023-08-15T19:57:43.093Z,560,3
1,0,2023-08-15T19:57:53.093Z,354,7
8,2,2023-08-15T19:57:53.093Z,528,2
3,9,2023-08-15T19:58:03.093Z,635,2
7,1,2023-08-15T19:58:03.093Z,717,1
17,23,2023-08-15T19:58:03.093Z,910,9
5,20,2023-08-15T19:58:13.093Z,93,3
20,26,2023-08-15T19:58:13.093Z,296,4
6,10,2023-08-15T19:58:23.093Z,592,8
21,16,2023-08-15T19:58:23.093Z,311,9
1,18,2023-08-15T19:58:33.093Z,525,7
11,7,2023-08-15T19:58:33.093Z,67,8
16,19,2023-08-15T19:58:33.093Z,339,3
1,0,2023-08-15T19:58:43.093Z,806,7
10,2,2023-08-15T19:58:43.093Z,597,2
33,25,2023-08-15T19:58:43.093Z,318,6
10,5,2023-08-15T19:58:53.093Z,592,2
25,24,2023-08-15T19:58:23.093Z,409,14
0,6,2023-08-15T19:58:33.093Z,690,1
6,10,2023-08-15T19:58:33.093Z,929,8
14,13,2023-08-15T19:58:33.093Z,735,3
23,24,2023-08-15T19:58:33.093Z,910,14
9,14,2023-08-15T19:58:43.093Z,150,13
20,26,2023-08-15T19:58:43.093Z,173,4
9,8,2023-08-15T19:58:53.093Z,960,13
33,21,2023-08-15T19:58:53.093Z,226,6
8,9,2023-08-15T19:57:33.093Z,863,2
0,3,2023-08-15T19:57:43.093Z,635,1
13,14,2023-08-15T19:57:43.093Z,312,13
30,32,2023-08-15T19:57:43.093Z,688,12
7,1,2023-08-15T19:57:53.093Z,526,1
20,35,2023-08-15T19:57:53.093Z,347,4
5,13,2023-08-15T19:58:03.093Z,162,3
13,14,2023-08-15T19:58:03.093Z,368,13
21,22,2023-08-15T19:58:03.093Z,842,9
15,20,2023-08-15T19:58:13.093Z,418,3
2,6,2023-08-15T19:58:23.093Z,528,1
10,9,2023-08-15T19:58:23.093Z,960,2
27,34,2023-08-15T19:58:23.093Z,810,5
9,14,2023-08-15T19:58:33.093Z,635,13
12,7,2023-08-15T19:58:33.093Z,679,8
21,22,2023-08-15T19:58:33.093Z,874,9
6,7,2023-08-15T19:58:43.093Z,354,8
14,17,2023-08-15T19:58:43.093Z,312,3
7,1,2023-08-15T19:58:53.093Z,560,1
18,13,2023-08-15T19:58:53.093Z,200,3
6,7,2023-08-15T19:59:03.093Z,690,8
14,4,2023-08-15T19:59:03.093Z,863,3
18,17,2023-08-15T19:59:03.093Z,471,3
2,3,2023-08-15T19:59:13.093Z,597,1
9,14,2023-08-15T19:59:13.093Z,468,13
6,10,2023-08-15T19:59:23.093Z,67,8
14,4,2023-08-15T19:59:23.093Z,368,3
17,22,2023-08-15T19:59:23.093Z,312,9
20,35,2023-08-15T19:59:23.093Z,14,4
31,32,2023-08-15T19:59:23.093Z,190,12
1,0,2023-08-15T19:59:33.093Z,113,7
5,13,2023-08-15T19:59:33.093Z,960,3
16,13,2023-08-15T19:59:33.093Z,979,3
0,3,2023-08-15T19:59:43.093Z,157,1
8,5,2023-08-15T19:59:03.093Z,960,2
20,26,2023-08-15T19:59:03.093Z,247,4
25,24,2023-08-15T19:59:03.093Z,318,14
6,10,2023-08-15T19:59:13.093Z,444,8
12,7,2023-08-15T19:59:13.093Z,636,8
14,17,2023-08-15T19:59:13.093Z,297,3
19,33,2023-08-15T19:59:13.093Z,775,7
4,11,2023-08-15T19:59:23.093Z,863,2
7,1,2023-08-15T19:59:33.093Z,185,1
8,2,2023-08-15T19:59:33.093Z,735,2
11,7,2023-08-15T19:59:33.093Z,863,8
32,21,2023-08-15T19:59:33.093Z,106,6
1,0,2023-08-15T19:59:43.093Z,890,7
10,11,2023-08-15T19:59:43.093Z,334,2
16,4,2023-08-15T19:59:43.093Z,226,3
32,21,2023-08-15T19:59:43.093Z,931,6
5,12,2023-08-15T19:59:53.093Z,368,3
8,2,2023-08-15T19:59:53.093Z,592,2
18,12,2023-08-15T19:59:53.093Z,504,3
32,25,2023-08-15T19:59:53.093Z,217,6
15,13,2023-08-15T20:00:03.093Z,485,3
28,30,2023-08-15T20:00:03.093Z,298,10
0,3,2023-08-15T20:00:13.093Z,441,1
3,9,2023-08-15T20:00:13.093Z,597,2
7,1,2023-08-15T20:00:13.093Z,528,1
10,2,2023-08-15T20:00:13.093Z,67,2
20,26,2023-08-15T20:00:13.093Z,92,4
24,35,2023-08-15T20:00:13.093Z,910,4
35,29,2023-08-15T20:00:13.093Z,556,10
3,11,2023-08-15T20:00:23.093Z,157,2
11,7,2023-08-15T20:00:23.093Z,444,8
21,22,2023-08-15T20:00:23.093Z,931,9
29,27,2023-08-15T20:00:23.093Z,760,11
34,33,2023-08-15T20:00:23.093Z,416,7
3,9,2023-08-15T20:00:33.093Z,441,2
7,1,2023-08-15T20:00:33.093Z,444,1
25,24,2023-08-15T20:00:33.093Z,842,14
1,33,2023-08-15T19:59:03.093Z,298,7
13,14,2023-08-15T19:59:03.093Z,162,13
19,18,2023-08-15T19:59:03.093Z,504,7
1,0,2023-08-15T19:59:13.093Z,441,7
7,6,2023-08-15T19:59:13.093Z,679,1
13,8,2023-08-15T19:59:13.093Z,735,13
32,34,2023-08-15T19:59:13.093Z,436,6
9,8,2023-08-15T19:59:23.093Z,929,13
18,4,2023-08-15T19:59:23.093Z,353,3
34,18,2023-08-15T19:59:23.093Z,16,7
4,9,2023-08-15T19:59:33.093Z,525,2
13,8,2023-08-15T19:59:33.093Z,592,13
20,35,2023-08-15T19:59:33.093Z,644,4
27,31,2023-08-15T19:59:33.093Z,714,5
17,23,2023-08-15T19:59:43.093Z,471,9
0,6,2023-08-15T19:59:53.093Z,806,1
10,5,2023-08-15T19:59:53.093Z,430,2
20,26,2023-08-15T19:59:53.093Z,18,4
27,34,2023-08-15T19:59:53.093Z,445,5
33,28,2023-08-15T19:59:53.093Z,298,6
2,1,2023-08-15T20:00:03.093Z,735,1
10,11,2023-08-15T20:00:03.093Z,444,2
20,26,2023-08-15T19:59:43.093Z,828,4
34,33,2023-08-15T19:59:43.093Z,956,7
4,9,2023-08-15T19:59:53.093Z,353,2
7,1,2023-08-15T19:59:53.093Z,636,1
9,8,2023-08-15T19:59:53.093Z,525,13
26,27,2023-08-15T19:59:53.093Z,780,11
7,6,2023-08-15T20:00:03.093Z,863,1
24,35,2023-08-15T20:00:03.093Z,409,4
31,32,2023-08-15T20:00:03.093Z,797,12
1,33,2023-08-15T20:00:13.093Z,336,7
6,10,2023-08-15T20:00:13.093Z,863,8
9,14,2023-08-15T20:00:13.093Z,524,13
18,17,2023-08-15T20:00:13.093Z,664,3
21,22,2023-08-15T20:00:13.093Z,106,9
30,32,2023-08-15T20:00:13.093Z,298,12
0,6,2023-08-15T20:00:23.093Z,113,1
10,5,2023-08-15T20:00:23.093Z,737,2
20,26,2023-08-15T20:00:23.093Z,554,4
26,27,2023-08-15T20:00:23.093Z,603,11
31,32,2023-08-15T20:00:23.093Z,714,12
0,3,2023-08-15T20:00:33.093Z,890,1
5,19,2023-08-15T20:00:33.093Z,737,3
20,26,2023-08-15T20:00:33.093Z,840,4
31,32,2023-08-15T20:00:33.093Z,822,12
7,6,2023-08-15T19:59:03.093Z,67,1
17,16,2023-08-15T19:59:03.093Z,979,9
21,16,2023-08-15T19:59:03.093Z,226,9
5,13,2023-08-15T19:59:13.093Z,592,3
10,9,2023-08-15T19:59:13.093Z,929,2
18,4,2023-08-15T19:59:13.093Z,525,3
5,5,2023-08-15T19:59:23.093Z,960,3
16,12,2023-08-15T19:59:23.093Z,311,3
27,31,2023-08-15T19:59:23.093Z,797,5
2,1,2023-08-15T19:59:33.093Z,896,1
6,10,2023-08-15T19:59:33.093Z,679,8
14,20,2023-08-15T19:59:33.093Z,635,3
22,34,2023-08-15T19:59:33.093Z,829,6
4,5,2023-08-15T19:59:43.093Z,368,2
27,34,2023-08-15T19:59:43.093Z,498,5
6,7,2023-08-15T19:59:53.093Z,528,8
11,7,2023-08-15T19:59:53.093Z,334,8
22,25,2023-08-15T19:59:53.093Z,842,6
29,27,2023-08-15T19:59:53.093Z,245,11
1,18,2023-08-15T20:00:03.093Z,664,7
9,14,2023-08-15T20:00:03.093Z,353,13
18,13,2023-08-15T20:00:03.093Z,16,3
20,35,2023-08-15T20:00:03.093Z,987,4
34,34,2023-08-15T20:00:03.093Z,719,7
17,22,2023-08-15T20:00:13.093Z,297,9
27,31,2023-08-15T20:00:13.093Z,822,5
2,1,2023-08-15T20:00:23.093Z,67,1
8,11,2023-08-15T20:00:23.093Z,525,2
6,10,2023-08-15T20:00:33.093Z,113,8
11,7,2023-08-15T20:00:33.093Z,157,8
34,33,2023-08-15T20:00:33.093Z,96,7
27,27,2023-08-15T20:00:03.093Z,506,5
2,1,2023-08-15T20:00:13.093Z,592,1
23,15,2023-08-15T20:00:13.093Z,471,14
34,33,2023-08-15T20:00:13.093Z,625,7
5,13,2023-08-15T20:00:23.093Z,430,3
1,18,2023-08-15T20:00:33.093Z,494,7
9,14,2023-08-15T20:00:33.093Z,597,13
24,35,2023-08-15T20:00:33.093Z,318,4
35,29,2023-08-15T20:00:33.093Z,451,10
9,14,2023-08-15T20:00:43.093Z,441,13
10,5,2023-08-15T20:00:43.093Z,962,2
11,7,2023-08-15T20:00:43.093Z,525,8
13,8,2023-08-15T20:00:43.093Z,960,13
15,13,2023-08-15T20:00:43.093Z,471,3
17,23,2023-08-15T20:00:43.093Z,664,9
18,13,2023-08-15T20:00:43.093Z,494,3
20,35,2023-08-15T20:00:43.093Z,207,4
22,34,2023-08-15T20:00:43.093Z,495,6
25,15,2023-08-15T20:00:43.093Z,217,14
27,34,2023-08-15T20:00:43.093Z,959,5
32,34,2023-08-15T20:00:43.093Z,778,6
1,0,2023-08-15T20:00:53.093Z,631,7
8,2,2023-08-15T20:00:53.093Z,960,2
13,14,2023-08-15T20:00:53.093Z,979,13
14,17,2023-08-15T20:00:53.093Z,150,3
20,26,2023-08-15T20:00:53.093Z,732,4
22,28,2023-08-15T20:00:53.093Z,874,6
23,15,2023-08-15T20:00:53.093Z,664,14
33,21,2023-08-15T20:00:53.093Z,775,6
5,13,2023-08-15T20:01:03.093Z,962,3
7,6,2023-08-15T20:01:03.093Z,157,1
10,9,2023-08-15T20:01:03.093Z,113,2
13,14,2023-08-15T20:01:03.093Z,485,13
14,19,2023-08-15T20:01:03.093Z,162,3
20,35,2023-08-15T20:01:03.093Z,360,4
35,30,2023-08-15T20:01:03.093Z,300,10
7,6,2023-08-15T20:01:13.093Z,525,1
14,19,2023-08-15T20:01:13.093Z,468,3
28,30,2023-08-15T20:01:13.093Z,874,10
0,6,2023-08-15T20:01:23.093Z,631,1
1,0,2023-08-15T20:01:23.093Z,515,7
2,1,2023-08-15T20:01:23.093Z,960,1
13,14,2023-08-15T20:01:23.093Z,430,13
14,13,2023-08-15T20:01:23.093Z,654,3
20,35,2023-08-15T20:01:23.093Z,30,4
22,34,2023-08-15T20:01:23.093Z,312,6
32,34,2023-08-15T20:01:23.093Z,147,6
1,18,2023-08-15T20:01:33.093Z,119,7
14,12,2023-08-15T20:01:33.093Z,353,3
20,26,2023-08-15T20:01:33.093Z,871,4
21,22,2023-08-15T20:01:33.093Z,775,9
27,31,2023-08-15T20:01:33.093Z,633,5
30,32,2023-08-15T20:01:33.093Z,300,12
32,25,2023-08-15T20:01:33.093Z,55,6
34,0,2023-08-15T20:01:33.093Z,881,7
1,0,2023-08-15T20:01:43.093Z,278,7
12,10,2023-08-15T20:01:43.093Z,311,8
13,14,2023-08-15T20:01:43.093Z,471,13
14,20,2023-08-15T20:01:43.093Z,524,3
22,34,2023-08-15T20:01:43.093Z,297,6
24,26,2023-08-15T20:01:43.093Z,842,4
27,31,2023-08-15T20:01:43.093Z,304,5
30,32,2023-08-15T20:01:43.093Z,874,12
31,32,2023-08-15T20:01:43.093Z,761,12
32,21,2023-08-15T20:01:43.093Z,662,6
13,14,2023-08-15T20:01:53.093Z,494,13
14,4,2023-08-15T20:01:53.093Z,597,3
18,13,2023-08-15T20:01:53.093Z,119,3
20,35,2023-08-15T20:01:53.093Z,93,4
22,34,2023-08-15T20:01:53.093Z,106,6
25,15,2023-08-15T20:01:53.093Z,55,14
29,27,2023-08-15T20:01:53.093Z,559,11
31,32,2023-08-15T20:01:53.093Z,633,12
32,25,2023-08-15T20:01:53.093Z,87,6
0,3,2023-08-15T20:02:03.093Z,515,1
1,33,2023-08-15T20:02:03.093Z,423,7
12,7,2023-08-15T20:02:03.093Z,368,8
13,14,2023-08-15T20:02:03.093Z,962,13
20,35,2023-08-15T20:02:03.093Z,418,4
27,31,2023-08-15T20:02:03.093Z,651,5
31,32,2023-08-15T20:02:03.093Z,304,12
32,21,2023-08-15T20:02:03.093Z,530,6
33,28,2023-08-15T20:02:03.093Z,956,6
34,33,2023-08-15T20:02:03.093Z,213,7
35,29,2023-08-15T20:02:03.093Z,165,10
0,3,2023-08-15T20:02:13.093Z,881,1
12,10,2023-08-15T20:02:13.093Z,504,8
13,8,2023-08-15T20:02:13.093Z,654,13
14,20,2023-08-15T20:02:13.093Z,979,3
17,22,2023-08-15T20:02:13.093Z,150,9
20,35,2023-08-15T20:02:13.093Z,635,4
21,16,2023-08-15T20:02:13.093Z,662,9
22,34,2023-08-15T20:02:13.093Z,931,6
27,34,2023-08-15T20:02:13.093Z,156,5
28,29,2023-08-15T20:02:13.093Z,956,10
29,27,2023-08-15T20:02:13.093Z,970,11
33,25,2023-08-15T20:02:13.093Z,336,6
35,30,2023-08-15T20:02:13.093Z,4,10
0,3,2023-08-15T20:02:23.093Z,278,1
1,18,2023-08-15T20:02:23.093Z,816,7
3,2,2023-08-15T20:02:23.093Z,515,2
7,1,2023-08-15T20:02:23.093Z,368,1
8,5,2023-08-15T20:02:23.093Z,654,2
10,9,2023-08-15T20:02:23.093Z,504,2
12,10,2023-08-15T20:02:23.093Z,353,8
13,8,2023-08-15T20:02:23.093Z,119,13
29,27,2023-08-15T20:02:23.093Z,139,11
33,28,2023-08-15T20:02:23.093Z,625,6
3,2,2023-08-15T20:02:33.093Z,881,2
8,2,2023-08-15T20:02:33.093Z,119,2
19,18,2023-08-15T20:02:33.093Z,702,7
25,15,2023-08-15T20:02:33.093Z,87,14
28,30,2023-08-15T20:02:33.093Z,625,10
32,34,2023-08-15T20:02:43.093Z,21,6
14,12,2023-08-15T20:02:53.093Z,471,3
32,28,2023-08-15T20:02:53.093Z,23,6
3,9,2023-08-15T20:03:03.093Z,278,2
11,7,2023-08-15T20:03:03.093Z,597,8
31,32,2023-08-15T20:03:03.093Z,651,12
4,2,2023-08-15T20:03:13.093Z,485,2
6,10,2023-08-15T20:03:23.093Z,525,8
7,7,2023-08-15T20:03:33.093Z,597,1
18,4,2023-08-15T20:03:33.093Z,909,3
30,32,2023-08-15T20:03:33.093Z,906,12
2,1,2023-08-15T20:03:43.093Z,485,1
13,14,2023-08-15T20:03:43.093Z,16,13
3,9,2023-08-15T20:03:53.093Z,631,2
10,2,2023-08-15T20:03:53.093Z,525,2
16,13,2023-08-15T20:03:53.093Z,411,3
34,0,2023-08-15T20:03:53.093Z,613,7
33,21,2023-08-15T20:02:33.093Z,416,6
2,6,2023-08-15T20:02:43.093Z,881,1
14,19,2023-08-15T20:02:43.093Z,430,3
20,35,2023-08-15T20:02:43.093Z,979,4
33,25,2023-08-15T20:02:43.093Z,96,6
20,26,2023-08-15T20:02:23.093Z,524,4
32,25,2023-08-15T20:02:23.093Z,785,6
1,18,2023-08-15T20:02:33.093Z,411,7
2,6,2023-08-15T20:02:33.093Z,515,1
9,8,2023-08-15T20:02:33.093Z,504,13
12,7,2023-08-15T20:02:33.093Z,32,8
13,14,2023-08-15T20:02:33.093Z,588,13
14,4,2023-08-15T20:02:33.093Z,485,3
30,32,2023-08-15T20:02:33.093Z,720,12
35,30,2023-08-15T20:02:33.093Z,299,10
7,1,2023-08-15T20:02:43.093Z,32,1
18,4,2023-08-15T20:02:43.093Z,816,3
35,29,2023-08-15T20:02:43.093Z,980,10
23,15,2023-08-15T20:02:53.093Z,530,14
33,21,2023-08-15T20:02:53.093Z,423,6
5,20,2023-08-15T20:03:03.093Z,353,3
30,32,2023-08-15T20:03:03.093Z,299,12
1,33,2023-08-15T20:03:13.093Z,43,7
21,22,2023-08-15T20:03:13.093Z,423,9
6,7,2023-08-15T20:03:33.093Z,631,8
17,16,2023-08-15T20:03:33.093Z,411,9
28,29,2023-08-15T20:03:33.093Z,150,10
34,0,2023-08-15T20:03:33.093Z,427,7
5,12,2023-08-15T20:03:43.093Z,159,3
25,24,2023-08-15T20:03:43.093Z,96,14
6,10,2023-08-15T20:03:53.093Z,881,8
12,7,2023-08-15T20:03:53.093Z,265,8
18,12,2023-08-15T20:03:53.093Z,381,3
29,27,2023-08-15T20:02:33.093Z,132,11
34,18,2023-08-15T20:02:33.093Z,909,7
5,19,2023-08-15T20:02:43.093Z,654,3
16,19,2023-08-15T20:02:43.093Z,662,3
21,23,2023-08-15T20:02:43.093Z,530,9
34,18,2023-08-15T20:02:43.093Z,545,7
4,11,2023-08-15T20:02:53.093Z,597,2
21,23,2023-08-15T20:02:53.093Z,416,9
34,33,2023-08-15T20:02:53.093Z,454,7
1,18,2023-08-15T20:03:03.093Z,381,7
18,17,2023-08-15T20:03:03.093Z,411,3
3,5,2023-08-15T20:03:13.093Z,159,2
35,30,2023-08-15T20:03:13.093Z,906,10
18,17,2023-08-15T20:03:23.093Z,702,3
12,7,2023-08-15T20:03:33.093Z,471,8
32,25,2023-08-15T20:03:33.093Z,195,6
7,3,2023-08-15T20:03:43.093Z,631,1
18,17,2023-08-15T20:03:43.093Z,545,3
28,29,2023-08-15T20:03:43.093Z,23,10
7,3,2023-08-15T20:03:53.093Z,471,1
28,30,2023-08-15T20:03:53.093Z,423,10
10,5,2023-08-15T20:02:53.093Z,353,2
22,28,2023-08-15T20:02:53.093Z,150,6
35,29,2023-08-15T20:02:53.093Z,490,10
14,12,2023-08-15T20:03:03.093Z,494,3
23,24,2023-08-15T20:03:03.093Z,416,14
25,15,2023-08-15T20:03:13.093Z,336,14
4,9,2023-08-15T20:03:23.093Z,816,2
32,34,2023-08-15T20:03:23.093Z,249,6
25,15,2023-08-15T20:03:33.093Z,785,14
6,7,2023-08-15T20:03:43.093Z,515,8
9,14,2023-08-15T20:03:43.093Z,278,13
22,28,2023-08-15T20:03:43.093Z,423,6
30,32,2023-08-15T20:03:43.093Z,198,12
14,12,2023-08-15T20:03:53.093Z,962,3
0,6,2023-08-15T20:04:03.093Z,427,1
3,11,2023-08-15T20:04:03.093Z,471,2
7,1,2023-08-15T20:04:03.093Z,597,1
9,8,2023-08-15T20:04:03.093Z,816,13
12,10,2023-08-15T20:04:03.093Z,494,8
14,4,2023-08-15T20:04:03.093Z,588,3
15,12,2023-08-15T20:04:03.093Z,217,3
30,32,2023-08-15T20:04:03.093Z,423,12
0,6,2023-08-15T20:04:13.093Z,613,1
1,18,2023-08-15T20:04:13.093Z,552,7
3,5,2023-08-15T20:04:13.093Z,900,2
8,11,2023-08-15T20:04:13.093Z,816,2
9,8,2023-08-15T20:04:13.093Z,631,13
11,10,2023-08-15T20:04:13.093Z,471,8
12,7,2023-08-15T20:04:13.093Z,159,8
14,13,2023-08-15T20:04:13.093Z,441,3
15,4,2023-08-15T20:04:13.093Z,664,3
19,18,2023-08-15T20:04:13.093Z,201,7
25,15,2023-08-15T20:04:13.093Z,195,14
27,34,2023-08-15T20:04:13.093Z,95,5
32,34,2023-08-15T20:04:13.093Z,730,6
1,0,2023-08-15T20:04:23.093Z,94,7
4,11,2023-08-15T20:04:23.093Z,909,2
5,20,2023-08-15T20:04:23.093Z,900,3
6,10,2023-08-15T20:04:23.093Z,427,8
7,1,2023-08-15T20:04:23.093Z,265,1
8,11,2023-08-15T20:04:23.093Z,631,2
10,5,2023-08-15T20:04:23.093Z,881,2
11,7,2023-08-15T20:04:23.093Z,816,8
12,7,2023-08-15T20:04:23.093Z,962,8
14,4,2023-08-15T20:04:23.093Z,278,3
26,27,2023-08-15T20:04:23.093Z,855,11
29,27,2023-08-15T20:04:23.093Z,79,11
34,18,2023-08-15T20:04:23.093Z,289,7
35,29,2023-08-15T20:04:23.093Z,9,10
2,3,2023-08-15T20:04:33.093Z,525,1
3,9,2023-08-15T20:04:33.093Z,287,2
4,5,2023-08-15T20:04:33.093Z,588,2
6,10,2023-08-15T20:04:33.093Z,613,8
7,3,2023-08-15T20:04:33.093Z,137,1
10,5,2023-08-15T20:04:33.093Z,494,2
11,10,2023-08-15T20:04:33.093Z,909,8
12,10,2023-08-15T20:04:33.093Z,381,8
13,8,2023-08-15T20:04:33.093Z,411,13
15,12,2023-08-15T20:04:33.093Z,55,3
17,16,2023-08-15T20:04:33.093Z,702,9
18,20,2023-08-15T20:04:33.093Z,552,3
34,33,2023-08-15T20:04:33.093Z,82,7
35,30,2023-08-15T20:04:33.093Z,167,10
0,6,2023-08-15T20:04:43.093Z,94,1
1,33,2023-08-15T20:04:43.093Z,276,7
4,9,2023-08-15T20:04:43.093Z,664,2
5,17,2023-08-15T20:04:43.093Z,881,3
7,6,2023-08-15T20:04:43.093Z,159,1
8,5,2023-08-15T20:04:43.093Z,411,2
9,14,2023-08-15T20:04:43.093Z,287,13
10,9,2023-08-15T20:04:43.093Z,471,2
11,10,2023-08-15T20:04:43.093Z,631,8
13,8,2023-08-15T20:04:43.093Z,441,13
14,17,2023-08-15T20:04:43.093Z,16,3
15,12,2023-08-15T20:04:43.093Z,87,3
17,23,2023-08-15T20:04:43.093Z,545,9
18,13,2023-08-15T20:04:43.093Z,201,3
5,20,2023-08-15T20:04:53.093Z,588,3
6,10,2023-08-15T20:04:53.093Z,94,8
7,1,2023-08-15T20:04:53.093Z,690,1
9,8,2023-08-15T20:04:53.093Z,664,13
13,14,2023-08-15T20:04:53.093Z,221,13
15,13,2023-08-15T20:04:53.093Z,530,3
18,4,2023-08-15T20:04:53.093Z,289,3
23,15,2023-08-15T20:04:53.093Z,545,14
27,34,2023-08-15T20:04:53.093Z,398,5
33,28,2023-08-15T20:04:53.093Z,213,6
1,0,2023-08-15T20:05:03.093Z,837,7
5,20,2023-08-15T20:05:03.093Z,494,3
7,6,2023-08-15T20:05:03.093Z,816,1
9,8,2023-08-15T20:05:03.093Z,471,13
13,8,2023-08-15T20:05:03.093Z,201,13
16,20,2023-08-15T20:05:03.093Z,702,3
17,22,2023-08-15T20:05:03.093Z,16,9
0,6,2023-08-15T20:05:13.093Z,837,1
1,18,2023-08-15T20:05:13.093Z,748,7
3,2,2023-08-15T20:05:13.093Z,137,2
5,20,2023-08-15T20:05:13.093Z,411,3
6,10,2023-08-15T20:05:13.093Z,159,8
7,3,2023-08-15T20:05:13.093Z,962,1
10,9,2023-08-15T20:05:13.093Z,427,2
13,14,2023-08-15T20:05:13.093Z,530,13
15,13,2023-08-15T20:05:13.093Z,336,3
26,27,2023-08-15T20:05:13.093Z,13,11
28,30,2023-08-15T20:05:13.093Z,213,10
2,1,2023-08-15T20:05:23.093Z,137,1
8,5,2023-08-15T20:05:23.093Z,441,2
12,10,2023-08-15T20:05:23.093Z,217,8
15,4,2023-08-15T20:05:23.093Z,350,3
19,18,2023-08-15T20:05:23.093Z,937,7
22,34,2023-08-15T20:05:23.093Z,16,6
27,34,2023-08-15T20:05:23.093Z,483,5
1,18,2023-08-15T20:05:33.093Z,583,7
4,9,2023-08-15T20:05:33.093Z,289,2
8,5,2023-08-15T20:05:33.093Z,664,2
9,14,2023-08-15T20:05:33.093Z,427,13
10,2,2023-08-15T20:05:33.093Z,909,2
12,7,2023-08-15T20:05:33.093Z,55,8
14,12,2023-08-15T20:05:33.093Z,287,3
26,27,2023-08-15T20:05:33.093Z,578,11
29,27,2023-08-15T20:05:33.093Z,888,11
1,0,2023-08-15T20:05:43.093Z,522,7
2,3,2023-08-15T20:05:43.093Z,909,1
5,12,2023-08-15T20:05:43.093Z,441,3
6,10,2023-08-15T20:05:43.093Z,837,8
9,8,2023-08-15T20:05:43.093Z,289,13
10,10,2023-08-15T20:05:43.093Z,381,2
12,10,2023-08-15T20:05:43.093Z,87,8
13,8,2023-08-15T20:05:43.093Z,336,13
15,17,2023-08-15T20:05:43.093Z,785,3
20,35,2023-08-15T20:05:43.093Z,353,4
24,35,2023-08-15T20:05:43.093Z,96,4
35,29,2023-08-15T20:05:43.093Z,939,10
3,2,2023-08-15T20:05:53.093Z,962,2
4,5,2023-08-15T20:05:53.093Z,350,2
5,12,2023-08-15T20:05:53.093Z,664,3
8,9,2023-08-15T20:05:53.093Z,201,2
20,35,2023-08-15T20:05:53.093Z,231,4
27,34,2023-08-15T20:05:53.093Z,256,5
8,2,2023-08-15T20:06:03.093Z,698,2
9,14,2023-08-15T20:06:03.093Z,201,13
10,5,2023-08-15T20:06:03.093Z,94,2
12,7,2023-08-15T20:06:03.093Z,287,8
14,4,2023-08-15T20:06:03.093Z,221,3
15,19,2023-08-15T20:06:03.093Z,195,3
20,35,2023-08-15T20:06:03.093Z,900,4
27,34,2023-08-15T20:06:03.093Z,817,5
34,33,2023-08-15T20:06:03.093Z,725,7
0,3,2023-08-15T20:06:13.093Z,522,1
3,9,2023-08-15T20:06:13.093Z,909,2
8,5,2023-08-15T20:06:13.093Z,289,2
10,9,2023-08-15T20:06:13.093Z,159,2
12,7,2023-08-15T20:06:13.093Z,441,8
17,22,2023-08-15T20:06:13.093Z,785,9
29,27,2023-08-15T20:06:13.093Z,650,11
33,21,2023-08-15T20:06:13.093Z,454,6
1,18,2023-08-15T20:06:23.093Z,146,7
2,1,2023-08-15T20:06:23.093Z,962,1
3,9,2023-08-15T20:06:23.093Z,522,2
4,5,2023-08-15T20:06:23.093Z,221,2
7,1,2023-08-15T20:06:23.093Z,287,1
8,2,2023-08-15T20:06:23.093Z,336,2
9,8,2023-08-15T20:06:23.093Z,909,13
12,7,2023-08-15T20:06:23.093Z,664,8
14,13,2023-08-15T20:06:23.093Z,86,3
20,35,2023-08-15T20:06:23.093Z,552,4
33,21,2023-08-15T20:06:23.093Z,43,6
2,1,2023-08-15T20:06:33.093Z,698,1
5,20,2023-08-15T20:06:33.093Z,350,3
9,8,2023-08-15T20:06:33.093Z,159,13
10,11,2023-08-15T20:06:33.093Z,837,2
18,4,2023-08-15T20:06:33.093Z,748,3
20,35,2023-08-15T20:06:33.093Z,588,4
33,28,2023-08-15T20:06:33.093Z,82,6
5,17,2023-08-15T20:06:43.093Z,94,3
7,1,2023-08-15T20:06:43.093Z,441,1
8,5,2023-08-15T20:06:43.093Z,909,2
10,9,2023-08-15T20:06:43.093Z,87,2
13,8,2023-08-15T20:06:43.093Z,86,13
14,4,2023-08-15T20:06:43.093Z,530,3
18,13,2023-08-15T20:06:43.093Z,937,3
20,35,2023-08-15T20:06:43.093Z,494,4
22,21,2023-08-15T20:06:43.093Z,785,6
27,34,2023-08-15T20:06:43.093Z,415,5
28,29,2023-08-15T20:06:43.093Z,82,10
32,34,2023-08-15T20:06:43.093Z,783,6
33,28,2023-08-15T20:06:43.093Z,276,6
1,0,2023-08-15T20:06:53.093Z,211,7
8,2,2023-08-15T20:06:53.093Z,159,2
9,14,2023-08-15T20:06:53.093Z,522,13
10,5,2023-08-15T20:06:53.093Z,381,2
14,20,2023-08-15T20:06:53.093Z,427,3
18,4,2023-08-15T20:06:53.093Z,583,3
20,35,2023-08-15T20:06:53.093Z,702,4
22,21,2023-08-15T20:06:53.093Z,775,6
26,27,2023-08-15T20:06:53.093Z,34,11
28,30,2023-08-15T20:06:53.093Z,276,10
29,27,2023-08-15T20:06:53.093Z,787,11
30,32,2023-08-15T20:06:53.093Z,167,12
33,21,2023-08-15T20:06:53.093Z,725,6
1,18,2023-08-15T20:07:03.093Z,56,7
2,1,2023-08-15T20:07:03.093Z,159,1
4,11,2023-08-15T20:07:03.093Z,748,2
5,17,2023-08-15T20:07:03.093Z,289,3
8,5,2023-08-15T20:07:03.093Z,86,2
9,14,2023-08-15T20:07:03.093Z,87,13
10,2,2023-08-15T20:07:03.093Z,863,2
18,17,2023-08-15T20:07:03.093Z,146,3
20,35,2023-08-15T20:07:03.093Z,729,4
21,22,2023-08-15T20:07:03.093Z,454,9
26,27,2023-08-15T20:07:03.093Z,488,11
0,6,2023-08-15T20:07:13.093Z,211,1
4,2,2023-08-15T20:07:13.093Z,530,2
5,17,2023-08-15T20:07:13.093Z,221,3
8,5,2023-08-15T20:07:13.093Z,434,2
21,23,2023-08-15T20:07:13.093Z,43,9
26,27,2023-08-15T20:07:13.093Z,549,11
34,18,2023-08-15T20:07:13.093Z,59,7
16,12,2023-08-15T20:07:23.093Z,61,3
30,32,2023-08-15T20:07:23.093Z,276,12
19,33,2023-08-15T20:07:33.093Z,923,7
32,34,2023-08-15T20:07:33.093Z,25,6
17,16,2023-08-15T20:07:43.093Z,94,9
24,26,2023-08-15T20:07:43.093Z,785,4
12,7,2023-08-15T20:07:53.093Z,61,8
32,21,2023-08-15T20:07:53.093Z,205,6
8,11,2023-08-15T20:08:03.093Z,56,2
16,19,2023-08-15T20:08:03.093Z,775,3
1,0,2023-08-15T20:08:13.093Z,875,7
25,24,2023-08-15T20:08:13.093Z,454,14
10,5,2023-08-15T20:08:23.093Z,522,2
23,15,2023-08-15T20:08:23.093Z,146,14
1,33,2023-08-15T20:08:33.093Z,638,7
1,0,2023-08-15T20:08:43.093Z,36,7
16,12,2023-08-15T20:08:43.093Z,94,3
0,6,2023-08-15T20:08:53.093Z,875,1
13,8,2023-08-15T20:08:53.093Z,927,13
2,1,2023-08-15T20:07:23.093Z,863,1
2,1,2023-08-15T20:07:33.093Z,739,1
5,20,2023-08-15T20:07:33.093Z,909,3
14,4,2023-08-15T20:07:33.093Z,522,3
21,16,2023-08-15T20:07:33.093Z,775,9
7,1,2023-08-15T20:07:43.093Z,660,1
20,35,2023-08-15T20:07:43.093Z,427,4
1,18,2023-08-15T20:07:53.093Z,927,7
14,19,2023-08-15T20:07:53.093Z,201,3
0,3,2023-08-15T20:08:03.093Z,432,1
11,10,2023-08-15T20:08:03.093Z,522,8
32,34,2023-08-15T20:08:03.093Z,895,6
7,3,2023-08-15T20:08:13.093Z,211,1
3,11,2023-08-15T20:08:23.093Z,432,2
17,22,2023-08-15T20:08:23.093Z,221,9
30,32,2023-08-15T20:08:23.093Z,472,12
11,7,2023-08-15T20:08:33.093Z,432,8
15,4,2023-08-15T20:08:43.093Z,146,3
25,15,2023-08-15T20:08:43.093Z,827,14
4,9,2023-08-15T20:08:53.093Z,146,2
16,17,2023-08-15T20:08:53.093Z,769,3
22,34,2023-08-15T20:08:53.093Z,221,6
34,18,2023-08-15T20:08:53.093Z,533,7
21,23,2023-08-15T20:07:23.093Z,785,9
4,11,2023-08-15T20:07:33.093Z,583,2
18,13,2023-08-15T20:07:33.093Z,56,3
23,24,2023-08-15T20:07:33.093Z,785,14
11,10,2023-08-15T20:07:43.093Z,583,8
22,25,2023-08-15T20:07:43.093Z,454,6
4,11,2023-08-15T20:07:53.093Z,522,2
17,23,2023-08-15T20:07:53.093Z,289,9
5,19,2023-08-15T20:08:03.093Z,86,3
27,31,2023-08-15T20:08:53.093Z,252,5
12,7,2023-08-15T20:07:23.093Z,660,8
1,0,2023-08-15T20:07:33.093Z,432,7
6,7,2023-08-15T20:07:33.093Z,211,8
20,35,2023-08-15T20:07:33.093Z,350,4
5,19,2023-08-15T20:07:43.093Z,381,3
18,12,2023-08-15T20:07:43.093Z,59,3
32,21,2023-08-15T20:07:43.093Z,439,6
13,8,2023-08-15T20:07:53.093Z,56,13
35,30,2023-08-15T20:07:53.093Z,472,10
10,5,2023-08-15T20:08:03.093Z,583,2
12,7,2023-08-15T20:08:03.093Z,59,8
27,34,2023-08-15T20:08:03.093Z,565,5
35,29,2023-08-15T20:08:03.093Z,138,10
6,10,2023-08-15T20:08:13.093Z,157,8
17,23,2023-08-15T20:08:13.093Z,146,9
32,21,2023-08-15T20:08:13.093Z,688,6
7,1,2023-08-15T20:08:23.093Z,61,1
11,7,2023-08-15T20:08:23.093Z,56,8
18,13,2023-08-15T20:08:23.093Z,927,3
27,34,2023-08-15T20:08:23.093Z,675,5
32,25,2023-08-15T20:08:23.093Z,827,6
10,5,2023-08-15T20:08:33.093Z,157,2
32,21,2023-08-15T20:08:33.093Z,190,6
7,3,2023-08-15T20:08:43.093Z,59,1
21,16,2023-08-15T20:08:43.093Z,205,9
27,34,2023-08-15T20:08:43.093Z,316,5
30,32,2023-08-15T20:08:43.093Z,4,12
34,0,2023-08-15T20:08:43.093Z,479,7
1,18,2023-08-15T20:08:53.093Z,6,7
3,11,2023-08-15T20:08:53.093Z,59,2
7,6,2023-08-15T20:08:53.093Z,56,1
21,16,2023-08-15T20:08:53.093Z,688,9
32,25,2023-08-15T20:08:53.093Z,298,6
1,18,2023-08-15T20:09:03.093Z,291,7
9,8,2023-08-15T20:09:03.093Z,146,13
12,7,2023-08-15T20:09:03.093Z,94,8
20,26,2023-08-15T20:09:03.093Z,909,4
26,27,2023-08-15T20:09:03.093Z,591,11
29,27,2023-08-15T20:09:03.093Z,774,11
34,18,2023-08-15T20:09:03.093Z,832,7
8,11,2023-08-15T20:09:13.093Z,927,2
26,27,2023-08-15T20:09:13.093Z,10,11
29,27,2023-08-15T20:09:13.093Z,562,11
34,33,2023-08-15T20:09:13.093Z,303,7
5,13,2023-08-15T20:09:23.093Z,583,3
11,7,2023-08-15T20:09:23.093Z,927,8
27,31,2023-08-15T20:09:23.093Z,158,5
35,29,2023-08-15T20:09:23.093Z,347,10
1,33,2023-08-15T20:09:33.093Z,464,7
5,12,2023-08-15T20:09:33.093Z,522,3
18,17,2023-08-15T20:09:33.093Z,291,3
32,34,2023-08-15T20:09:33.093Z,874,6
4,11,2023-08-15T20:09:43.093Z,6,2
6,10,2023-08-15T20:09:43.093Z,432,8
8,5,2023-08-15T20:09:43.093Z,146,2
16,17,2023-08-15T20:09:43.093Z,205,3
34,18,2023-08-15T20:09:43.093Z,317,7
10,5,2023-08-15T20:09:53.093Z,432,2
22,25,2023-08-15T20:09:53.093Z,769,6
33,21,2023-08-15T20:09:53.093Z,923,6
8,9,2023-08-15T20:10:03.093Z,583,2
18,4,2023-08-15T20:10:03.093Z,317,3
31,32,2023-08-15T20:10:03.093Z,601,12
5,4,2023-08-15T20:10:13.093Z,432,3
5,4,2023-08-15T20:09:03.093Z,434,3
18,4,2023-08-15T20:09:03.093Z,6,3
21,22,2023-08-15T20:09:03.093Z,190,9
27,34,2023-08-15T20:09:03.093Z,678,5
32,34,2023-08-15T20:09:03.093Z,714,6
7,6,2023-08-15T20:09:13.093Z,432,1
18,17,2023-08-15T20:09:13.093Z,533,3
27,31,2023-08-15T20:09:13.093Z,601,5
32,28,2023-08-15T20:09:13.093Z,822,6
35,29,2023-08-15T20:09:13.093Z,53,10
7,3,2023-08-15T20:09:23.093Z,94,1
22,34,2023-08-15T20:09:23.093Z,190,6
32,21,2023-08-15T20:09:23.093Z,300,6
0,3,2023-08-15T20:09:33.093Z,36,1
4,9,2023-08-15T20:09:33.093Z,434,2
17,22,2023-08-15T20:09:33.093Z,769,9
25,15,2023-08-15T20:09:33.093Z,298,14
0,6,2023-08-15T20:09:43.093Z,479,1
5,19,2023-08-15T20:09:43.093Z,157,3
7,6,2023-08-15T20:09:43.093Z,927,1
13,8,2023-08-15T20:09:43.093Z,583,13
18,17,2023-08-15T20:09:43.093Z,832,3
7,6,2023-08-15T20:09:53.093Z,515,1
16,13,2023-08-15T20:09:53.093Z,688,3
31,32,2023-08-15T20:09:53.093Z,252,12
5,12,2023-08-15T20:10:03.093Z,146,3
9,14,2023-08-15T20:10:03.093Z,434,13
21,23,2023-08-15T20:10:03.093Z,300,9
34,33,2023-08-15T20:10:03.093Z,568,7
6,7,2023-08-15T20:10:13.093Z,479,8
12,10,2023-08-15T20:10:13.093Z,146,8
31,32,2023-08-15T20:10:13.093Z,158,12
4,9,2023-08-15T20:10:23.093Z,317,2
10,2,2023-08-15T20:10:23.093Z,146,2
23,15,2023-08-15T20:10:23.093Z,300,14
27,34,2023-08-15T20:10:23.093Z,460,5
34,18,2023-08-15T20:10:23.093Z,279,7
4,9,2023-08-15T20:10:33.093Z,432,2
11,10,2023-08-15T20:10:33.093Z,6,8
20,26,2023-08-15T20:10:33.093Z,847,4
15,12,2023-08-15T20:10:33.093Z,827,3
33,21,2023-08-15T20:10:33.093Z,303,6
17,16,2023-08-15T20:10:13.093Z,291,9
34,18,2023-08-15T20:10:13.093Z,364,7
9,14,2023-08-15T20:10:23.093Z,583,13
18,4,2023-08-15T20:10:23.093Z,364,3
25,15,2023-08-15T20:10:23.093Z,769,14
33,25,2023-08-15T20:10:23.093Z,638,6
2,3,2023-08-15T20:10:33.093Z,146,1
9,14,2023-08-15T20:10:33.093Z,81,13
16,12,2023-08-15T20:10:33.093Z,291,3
26,27,2023-08-15T20:10:33.093Z,674,11
29,27,2023-08-15T20:10:33.093Z,88,11
3,11,2023-08-15T20:10:43.093Z,146,2
10,5,2023-08-15T20:10:43.093Z,6,2
35,29,2023-08-15T20:10:43.093Z,765,10
11,7,2023-08-15T20:10:53.093Z,146,8
25,15,2023-08-15T20:10:53.093Z,369,14
35,30,2023-08-15T20:10:53.093Z,335,10
8,5,2023-08-15T20:11:03.093Z,317,2
18,12,2023-08-15T20:11:03.093Z,279,3
10,5,2023-08-15T20:11:13.093Z,679,2
6,10,2023-08-15T20:11:23.093Z,500,8
14,20,2023-08-15T20:11:23.093Z,81,3
10,2,2023-08-15T20:11:33.093Z,500,2
16,13,2023-08-15T20:11:33.093Z,832,3
27,31,2023-08-15T20:11:33.093Z,521,5
10,11,2023-08-15T20:11:43.093Z,298,2
11,7,2023-08-15T20:11:53.093Z,298,8
29,27,2023-08-15T20:11:53.093Z,78,11
5,20,2023-08-15T20:12:03.093Z,317,3
21,23,2023-08-15T20:12:03.093Z,633,9
1,33,2023-08-15T20:12:13.093Z,800,7
1,0,2023-08-15T20:10:43.093Z,500,7
9,8,2023-08-15T20:10:43.093Z,317,13
11,7,2023-08-15T20:10:43.093Z,748,8
4,5,2023-08-15T20:10:53.093Z,364,2
14,17,2023-08-15T20:10:53.093Z,434,3
27,34,2023-08-15T20:10:53.093Z,176,5
1,18,2023-08-15T20:11:03.093Z,550,7
12,7,2023-08-15T20:11:03.093Z,827,8
25,15,2023-08-15T20:11:03.093Z,464,14
27,34,2023-08-15T20:11:13.093Z,424,5
10,9,2023-08-15T20:11:23.093Z,515,2
15,17,2023-08-15T20:11:23.093Z,300,3
12,10,2023-08-15T20:11:33.093Z,298,8
18,12,2023-08-15T20:11:33.093Z,550,3
32,34,2023-08-15T20:11:33.093Z,720,6
7,3,2023-08-15T20:10:43.093Z,479,1
25,15,2023-08-15T20:10:43.093Z,638,14
6,10,2023-08-15T20:10:53.093Z,515,8
15,12,2023-08-15T20:10:53.093Z,298,3
32,34,2023-08-15T20:10:53.093Z,761,6
3,5,2023-08-15T20:11:03.093Z,479,2
14,12,2023-08-15T20:11:03.093Z,583,3
30,32,2023-08-15T20:11:03.093Z,335,12
32,21,2023-08-15T20:11:13.093Z,633,6
12,7,2023-08-15T20:11:23.093Z,589,8
5,12,2023-08-15T20:11:33.093Z,364,3
14,19,2023-08-15T20:11:33.093Z,688,3
19,18,2023-08-15T20:11:33.093Z,195,7
3,5,2023-08-15T20:11:43.093Z,94,2
32,34,2023-08-15T20:11:43.093Z,299,6
21,23,2023-08-15T20:11:53.093Z,303,9
34,33,2023-08-15T20:11:53.093Z,841,7
12,7,2023-08-15T20:12:03.093Z,279,8
24,35,2023-08-15T20:12:03.093Z,416,4
5,20,2023-08-15T20:12:13.093Z,679,3
6,10,2023-08-15T20:10:43.093Z,927,8
18,13,2023-08-15T20:12:13.093Z,195,3
26,27,2023-08-15T20:10:43.093Z,209,11
10,5,2023-08-15T20:10:53.093Z,927,2
17,22,2023-08-15T20:10:53.093Z,205,9
33,25,2023-08-15T20:10:53.093Z,464,6
5,17,2023-08-15T20:11:03.093Z,6,3
17,16,2023-08-15T20:11:03.093Z,832,9
0,6,2023-08-15T20:11:13.093Z,500,1
33,21,2023-08-15T20:11:13.093Z,568,6
13,14,2023-08-15T20:11:23.093Z,688,13
9,14,2023-08-15T20:11:33.093Z,515,13
15,20,2023-08-15T20:11:33.093Z,769,3
21,23,2023-08-15T20:11:33.093Z,923,9
27,34,2023-08-15T20:11:43.093Z,876,5
14,20,2023-08-15T20:11:53.093Z,515,3
32,25,2023-08-15T20:11:53.093Z,651,6
7,3,2023-08-15T20:12:03.093Z,748,1
23,24,2023-08-15T20:12:03.093Z,303,14
2,3,2023-08-15T20:12:13.093Z,927,1
19,18,2023-08-15T20:12:13.093Z,468,7
5,4,2023-08-15T20:11:43.093Z,927,3
5,17,2023-08-15T20:11:53.093Z,479,3
26,27,2023-08-15T20:11:53.093Z,600,11
4,2,2023-08-15T20:12:03.093Z,927,2
13,8,2023-08-15T20:12:03.093Z,832,13
35,29,2023-08-15T20:12:03.093Z,853,10
8,5,2023-08-15T20:12:13.093Z,832,2
31,32,2023-08-15T20:12:13.093Z,521,12
1,18,2023-08-15T20:12:23.093Z,627,7
19,33,2023-08-15T20:12:23.093Z,339,7
32,25,2023-08-15T20:12:23.093Z,198,6
18,17,2023-08-15T20:12:33.093Z,468,3
27,34,2023-08-15T20:12:33.093Z,523,5
7,3,2023-08-15T20:12:43.093Z,298,1
20,35,2023-08-15T20:12:43.093Z,515,4
1,18,2023-08-15T20:12:53.093Z,134,7
9,14,2023-08-15T20:12:53.093Z,94,13
32,34,2023-08-15T20:12:53.093Z,167,6
9,14,2023-08-15T20:13:03.093Z,748,13
7,1,2023-08-15T20:13:13.093Z,816,1
20,35,2023-08-15T20:13:13.093Z,679,4
1,0,2023-08-15T20:13:23.093Z,585,7
18,13,2023-08-15T20:13:23.093Z,180,3
12,7,2023-08-15T20:13:33.093Z,94,8
27,31,2023-08-15T20:13:33.093Z,505,5
34,33,2023-08-15T20:13:43.093Z,145,7
32,21,2023-08-15T20:12:13.093Z,906,6
5,4,2023-08-15T20:12:23.093Z,94,3
20,35,2023-08-15T20:12:23.093Z,81,4
1,33,2023-08-15T20:12:33.093Z,90,7
20,26,2023-08-15T20:12:33.093Z,769,4
32,25,2023-08-15T20:12:33.093Z,423,6
10,11,2023-08-15T20:12:43.093Z,550,2
23,15,2023-08-15T20:12:43.093Z,906,14
3,9,2023-08-15T20:12:53.093Z,748,2
18,17,2023-08-15T20:12:53.093Z,627,3
34,33,2023-08-15T20:12:53.093Z,711,7
34,33,2023-08-15T20:13:03.093Z,148,7
13,14,2023-08-15T20:13:13.093Z,195,13
26,27,2023-08-15T20:13:13.093Z,103,11
3,9,2023-08-15T20:13:23.093Z,279,2
19,18,2023-08-15T20:13:23.093Z,662,7
16,20,2023-08-15T20:13:33.093Z,434,3
32,21,2023-08-15T20:13:33.093Z,276,6
0,6,2023-08-15T20:13:53.093Z,585,1
34,18,2023-08-15T20:12:13.093Z,322,7
7,1,2023-08-15T20:12:23.093Z,827,1
21,23,2023-08-15T20:12:23.093Z,568,9
7,1,2023-08-15T20:12:33.093Z,589,1
21,23,2023-08-15T20:12:33.093Z,906,9
4,9,2023-08-15T20:12:43.093Z,94,2
17,16,2023-08-15T20:12:43.093Z,300,9
25,15,2023-08-15T20:12:43.093Z,651,14
6,7,2023-08-15T20:12:53.093Z,816,8
25,15,2023-08-15T20:12:53.093Z,198,14
1,0,2023-08-15T20:13:03.093Z,319,7
1,33,2023-08-15T20:13:13.093Z,124,7
14,12,2023-08-15T20:13:13.093Z,94,3
29,27,2023-08-15T20:13:13.093Z,789,11
12,10,2023-08-15T20:13:23.093Z,832,8
26,27,2023-08-15T20:13:23.093Z,121,11
17,16,2023-08-15T20:13:33.093Z,627,9
27,31,2023-08-15T20:13:43.093Z,73,5
17,16,2023-08-15T20:13:53.093Z,134,9
35,30,2023-08-15T20:12:13.093Z,52,10
17,16,2023-08-15T20:12:23.093Z,434,9
30,32,2023-08-15T20:12:23.093Z,52,12
12,10,2023-08-15T20:12:33.093Z,550,8
23,15,2023-08-15T20:12:33.093Z,568,14
5,12,2023-08-15T20:12:43.093Z,832,3
18,17,2023-08-15T20:12:43.093Z,322,3
34,18,2023-08-15T20:12:43.093Z,180,7
7,3,2023-08-15T20:12:53.093Z,279,1
27,34,2023-08-15T20:12:53.093Z,767,5
3,9,2023-08-15T20:13:03.093Z,927,2
3,2,2023-08-15T20:13:13.093Z,298,2
17,16,2023-08-15T20:13:13.093Z,468,9
0,6,2023-08-15T20:13:23.093Z,319,1
17,22,2023-08-15T20:13:23.093Z,322,9
27,34,2023-08-15T20:13:23.093Z,575,5
18,17,2023-08-15T20:13:33.093Z,134,3
32,21,2023-08-15T20:13:43.093Z,472,6
27,31,2023-08-15T20:13:53.093Z,324,5
7,1,2023-08-15T20:14:03.093Z,94,1
16,12,2023-08-15T20:14:03.093Z,300,3
24,35,2023-08-15T20:14:03.093Z,303,4
7,6,2023-08-15T20:14:13.093Z,55,1
29,27,2023-08-15T20:14:13.093Z,790,11
14,17,2023-08-15T20:14:23.093Z,748,3
0,6,2023-08-15T20:14:33.093Z,48,1
16,4,2023-08-15T20:14:33.093Z,134,3
31,32,2023-08-15T20:14:33.093Z,324,12
27,31,2023-08-15T20:14:43.093Z,861,5
32,34,2023-08-15T20:13:53.093Z,4,6
29,27,2023-08-15T20:14:03.093Z,293,11
35,29,2023-08-15T20:14:03.093Z,14,10
16,20,2023-08-15T20:14:13.093Z,468,3
35,29,2023-08-15T20:14:13.093Z,644,10
31,32,2023-08-15T20:14:23.093Z,73,12
2,3,2023-08-15T20:14:33.093Z,180,1
27,34,2023-08-15T20:14:33.093Z,503,5
12,7,2023-08-15T20:14:43.093Z,300,8
32,25,2023-08-15T20:14:43.093Z,335,6
6,10,2023-08-15T20:14:53.093Z,55,8
18,17,2023-08-15T20:14:53.093Z,662,3
27,34,2023-08-15T20:14:53.093Z,164,5
32,21,2023-08-15T20:14:53.093Z,521,6
6,10,2023-08-15T20:15:03.093Z,48,8
10,5,2023-08-15T20:15:03.093Z,832,2
18,12,2023-08-15T20:15:03.093Z,329,3
21,16,2023-08-15T20:15:03.093Z,276,9
1,0,2023-08-15T20:15:13.093Z,108,7
10,2,2023-08-15T20:15:13.093Z,55,2
12,7,2023-08-15T20:15:13.093Z,432,8
18,12,2023-08-15T20:15:13.093Z,637,3
35,29,2023-08-15T20:15:13.093Z,409,10
20,35,2023-08-15T20:15:23.093Z,434,4
32,21,2023-08-15T20:15:23.093Z,52,6
0,6,2023-08-15T20:15:33.093Z,86,1
9,14,2023-08-15T20:15:33.093Z,113,13
29,27,2023-08-15T20:13:53.093Z,170,11
34,33,2023-08-15T20:13:53.093Z,695,7
9,14,2023-08-15T20:14:03.093Z,432,13
22,28,2023-08-15T20:14:03.093Z,322,6
27,34,2023-08-15T20:14:03.093Z,869,5
32,28,2023-08-15T20:14:03.093Z,252,6
1,0,2023-08-15T20:14:13.093Z,48,7
13,8,2023-08-15T20:14:13.093Z,180,13
28,29,2023-08-15T20:14:13.093Z,322,10
32,25,2023-08-15T20:14:13.093Z,601,6
8,2,2023-08-15T20:14:23.093Z,180,2
16,20,2023-08-15T20:14:23.093Z,627,3
35,30,2023-08-15T20:14:23.093Z,987,10
1,18,2023-08-15T20:14:33.093Z,329,7
14,4,2023-08-15T20:14:33.093Z,195,3
25,15,2023-08-15T20:14:33.093Z,601,14
30,32,2023-08-15T20:14:33.093Z,987,12
34,18,2023-08-15T20:14:33.093Z,637,7
26,27,2023-08-15T20:14:43.093Z,606,11
29,27,2023-08-15T20:14:43.093Z,152,11
3,5,2023-08-15T20:14:53.093Z,180,2
14,12,2023-08-15T20:14:53.093Z,432,3
26,27,2023-08-15T20:14:53.093Z,641,11
31,32,2023-08-15T20:14:53.093Z,861,12
5,17,2023-08-15T20:15:03.093Z,180,3
7,3,2023-08-15T20:15:03.093Z,300,1
11,7,2023-08-15T20:15:03.093Z,550,8
19,0,2023-08-15T20:15:03.093Z,86,7
27,34,2023-08-15T20:15:03.093Z,670,5
17,16,2023-08-15T20:15:13.093Z,748,9
21,23,2023-08-15T20:15:13.093Z,472,9
26,27,2023-08-15T20:15:13.093Z,168,11
29,27,2023-08-15T20:15:13.093Z,307,11
1,18,2023-08-15T20:15:23.093Z,284,7
10,2,2023-08-15T20:15:23.093Z,48,2
21,23,2023-08-15T20:15:23.093Z,521,9
25,15,2023-08-15T20:15:23.093Z,335,14
27,31,2023-08-15T20:15:23.093Z,873,5
7,3,2023-08-15T20:15:33.093Z,550,1
17,16,2023-08-15T20:15:33.093Z,662,9
27,31,2023-08-15T20:15:33.093Z,1,5
7,1,2023-08-15T20:15:43.093Z,432,1
12,10,2023-08-15T20:15:43.093Z,637,8
21,22,2023-08-15T20:15:43.093Z,52,9
1,33,2023-08-15T20:15:53.093Z,140,7
12,7,2023-08-15T20:15:53.093Z,329,8
16,13,2023-08-15T20:15:53.093Z,748,3
27,34,2023-08-15T20:15:53.093Z,46,5
35,30,2023-08-15T20:15:53.093Z,207,10
20,35,2023-08-15T20:16:03.093Z,468,4
30,32,2023-08-15T20:16:03.093Z,318,12
31,32,2023-08-15T20:16:03.093Z,873,12
1,33,2023-08-15T20:15:43.093Z,420,7
30,32,2023-08-15T20:15:43.093Z,910,12
10,9,2023-08-15T20:15:53.093Z,86,2
32,21,2023-08-15T20:15:53.093Z,324,6
3,2,2023-08-15T20:16:03.093Z,550,2
13,14,2023-08-15T20:16:03.093Z,160,13
5,17,2023-08-15T20:16:13.093Z,195,3
10,11,2023-08-15T20:16:13.093Z,637,2
14,20,2023-08-15T20:16:13.093Z,113,3
21,16,2023-08-15T20:16:13.093Z,73,9
31,32,2023-08-15T20:16:13.093Z,1,12
35,30,2023-08-15T20:16:13.093Z,30,10
17,22,2023-08-15T20:16:23.093Z,832,9
19,18,2023-08-15T20:16:23.093Z,430,7
21,16,2023-08-15T20:16:23.093Z,987,9
22,25,2023-08-15T20:16:23.093Z,180,6
29,27,2023-08-15T20:16:23.093Z,956,11
16,4,2023-08-15T20:15:33.093Z,276,3
23,15,2023-08-15T20:15:33.093Z,521,14
34,18,2023-08-15T20:15:33.093Z,724,7
20,26,2023-08-15T20:16:33.093Z,113,4
30,32,2023-08-15T20:16:33.093Z,93,12
1,18,2023-08-15T20:16:13.093Z,845,7
4,11,2023-08-15T20:16:13.093Z,134,2
27,34,2023-08-15T20:16:13.093Z,531,5
0,6,2023-08-15T20:16:23.093Z,108,1
1,18,2023-08-15T20:16:23.093Z,636,7
10,5,2023-08-15T20:16:33.093Z,300,2
32,21,2023-08-15T20:15:33.093Z,73,6
35,30,2023-08-15T20:15:33.093Z,910,10
16,13,2023-08-15T20:16:33.093Z,73,3
17,22,2023-08-15T20:16:33.093Z,284,9
21,22,2023-08-15T20:16:33.093Z,324,9
6,10,2023-08-15T20:15:43.093Z,86,8
29,27,2023-08-15T20:15:43.093Z,556,11
34,18,2023-08-15T20:15:43.093Z,544,7
3,2,2023-08-15T20:15:53.093Z,300,2
5,17,2023-08-15T20:15:53.093Z,832,3
12,7,2023-08-15T20:16:43.093Z,471,8
27,34,2023-08-15T20:16:43.093Z,716,5
32,34,2023-08-15T20:16:43.093Z,756,6
18,17,2023-08-15T20:15:53.093Z,284,3
1,18,2023-08-15T20:16:03.093Z,185,7
8,5,2023-08-15T20:16:03.093Z,471,2
16,13,2023-08-15T20:16:03.093Z,662,3
2,1,2023-08-15T20:15:43.093Z,55,1
27,34,2023-08-15T20:15:43.093Z,382,5
32,21,2023-08-15T20:15:43.093Z,987,6
35,30,2023-08-15T20:15:43.093Z,318,10
4,5,2023-08-15T20:15:53.093Z,195,2
3,9,2023-08-15T20:16:43.093Z,664,2
17,22,2023-08-15T20:15:53.093Z,180,9
10,5,2023-08-15T20:16:43.093Z,550,2
13,8,2023-08-15T20:16:43.093Z,748,13
22,34,2023-08-15T20:16:43.093Z,832,6
1,0,2023-08-15T20:16:53.093Z,241,7
26,27,2023-08-15T20:15:53.093Z,510,11
2,6,2023-08-15T20:16:03.093Z,300,1
9,14,2023-08-15T20:16:03.093Z,86,13
27,31,2023-08-15T20:16:03.093Z,403,5
35,29,2023-08-15T20:16:03.093Z,360,10
7,6,2023-08-15T20:16:13.093Z,329,1
20,35,2023-08-15T20:16:13.093Z,627,4
26,27,2023-08-15T20:16:13.093Z,163,11
30,32,2023-08-15T20:16:13.093Z,207,12
5,12,2023-08-15T20:16:23.093Z,471,3
6,10,2023-08-15T20:16:23.093Z,300,8
11,7,2023-08-15T20:16:23.093Z,134,8
27,31,2023-08-15T20:16:23.093Z,133,5
30,32,2023-08-15T20:16:23.093Z,30,12
35,30,2023-08-15T20:16:23.093Z,93,10
6,10,2023-08-15T20:16:33.093Z,550,8
18,12,2023-08-15T20:16:33.093Z,185,3
6,10,2023-08-15T20:16:43.093Z,329,8
18,13,2023-08-15T20:16:43.093Z,845,3
35,29,2023-08-15T20:16:43.093Z,418,10
5,19,2023-08-15T20:16:53.093Z,300,3
6,10,2023-08-15T20:16:53.093Z,108,8
9,14,2023-08-15T20:16:53.093Z,664,13
14,17,2023-08-15T20:16:53.093Z,160,3
26,27,2023-08-15T20:16:03.093Z,852,11
32,25,2023-08-15T20:16:03.093Z,861,6
2,6,2023-08-15T20:16:13.093Z,550,1
18,17,2023-08-15T20:16:13.093Z,724,3
22,34,2023-08-15T20:16:13.093Z,52,6
29,27,2023-08-15T20:16:13.093Z,165,11
34,33,2023-08-15T20:16:13.093Z,844,7
7,3,2023-08-15T20:16:23.093Z,664,1
18,13,2023-08-15T20:16:23.093Z,544,3
28,29,2023-08-15T20:16:23.093Z,822,10
31,32,2023-08-15T20:16:23.093Z,403,12
1,33,2023-08-15T20:16:33.093Z,196,7
11,7,2023-08-15T20:16:33.093Z,637,8
1,0,2023-08-15T20:16:43.093Z,896,7
10,5,2023-08-15T20:16:53.093Z,311,2
18,12,2023-08-15T20:16:53.093Z,636,3
26,27,2023-08-15T20:16:53.093Z,646,11
35,29,2023-08-15T20:16:53.093Z,635,10
24,26,2023-08-15T20:17:03.093Z,180,4
33,25,2023-08-15T20:17:03.093Z,841,6
31,32,2023-08-15T20:16:53.093Z,133,12
4,9,2023-08-15T20:17:03.093Z,278,2
29,27,2023-08-15T20:17:03.093Z,980,11
1,18,2023-08-15T20:17:13.093Z,526,7
6,10,2023-08-15T20:17:13.093Z,395,8
10,11,2023-08-15T20:17:13.093Z,108,2
34,33,2023-08-15T20:17:13.093Z,0,7
25,24,2023-08-15T20:16:53.093Z,180,14
27,31,2023-08-15T20:16:53.093Z,387,5
32,21,2023-08-15T20:16:53.093Z,318,6
1,18,2023-08-15T20:17:03.093Z,260,7
10,5,2023-08-15T20:17:03.093Z,329,2
26,27,2023-08-15T20:17:03.093Z,405,11
32,25,2023-08-15T20:17:03.093Z,873,6
34,18,2023-08-15T20:17:03.093Z,938,7
5,13,2023-08-15T20:17:13.093Z,550,3
8,5,2023-08-15T20:17:13.093Z,748,2
22,25,2023-08-15T20:17:13.093Z,284,6
35,30,2023-08-15T20:17:13.093Z,680,10
7,3,2023-08-15T20:17:23.093Z,637,1
10,2,2023-08-15T20:17:23.093Z,395,2
13,14,2023-08-15T20:17:23.093Z,544,13
33,28,2023-08-15T20:17:23.093Z,800,6
35,30,2023-08-15T20:17:23.093Z,979,10
0,3,2023-08-15T20:17:33.093Z,896,1
3,5,2023-08-15T20:17:33.093Z,637,2
13,14,2023-08-15T20:17:33.093Z,73,13
14,12,2023-08-15T20:17:33.093Z,664,3
18,4,2023-08-15T20:17:33.093Z,430,3
25,15,2023-08-15T20:17:33.093Z,841,14
30,32,2023-08-15T20:17:33.093Z,680,12
6,7,2023-08-15T20:17:23.093Z,806,8
9,14,2023-08-15T20:17:23.093Z,278,13
11,7,2023-08-15T20:17:23.093Z,108,8
21,16,2023-08-15T20:17:23.093Z,318,9
33,25,2023-08-15T20:17:33.093Z,339,6
0,6,2023-08-15T20:17:43.093Z,241,1
1,18,2023-08-15T20:17:43.093Z,690,7
7,3,2023-08-15T20:17:43.093Z,471,1
18,12,2023-08-15T20:17:43.093Z,260,3
22,34,2023-08-15T20:17:43.093Z,324,6
23,15,2023-08-15T20:17:43.093Z,43,14
25,15,2023-08-15T20:17:43.093Z,284,14
27,34,2023-08-15T20:17:43.093Z,288,5
31,32,2023-08-15T20:17:43.093Z,387,12
32,34,2023-08-15T20:17:43.093Z,207,6
33,21,2023-08-15T20:17:43.093Z,90,6
34,33,2023-08-15T20:17:43.093Z,232,7
1,18,2023-08-15T20:17:53.093Z,153,7
5,19,2023-08-15T20:17:53.093Z,311,3
7,1,2023-08-15T20:17:53.093Z,806,1
12,10,2023-08-15T20:17:53.093Z,664,8
13,8,2023-08-15T20:17:53.093Z,845,13
14,13,2023-08-15T20:17:53.093Z,278,3
16,12,2023-08-15T20:17:53.093Z,987,3
18,13,2023-08-15T20:17:53.093Z,938,3
32,21,2023-08-15T20:17:53.093Z,1,6
33,21,2023-08-15T20:17:53.093Z,711,6
34,0,2023-08-15T20:17:53.093Z,700,7
0,6,2023-08-15T20:18:03.093Z,700,1
1,18,2023-08-15T20:18:03.093Z,265,7
3,2,2023-08-15T20:18:03.093Z,896,2
5,13,2023-08-15T20:18:03.093Z,329,3
7,3,2023-08-15T20:18:03.093Z,108,1
8,2,2023-08-15T20:18:03.093Z,845,2
10,5,2023-08-15T20:18:03.093Z,664,2
13,14,2023-08-15T20:18:03.093Z,550,13
14,4,2023-08-15T20:18:03.093Z,544,3
16,19,2023-08-15T20:18:03.093Z,940,3
18,12,2023-08-15T20:18:03.093Z,526,3
25,24,2023-08-15T20:18:03.093Z,339,14
30,32,2023-08-15T20:18:03.093Z,979,12
33,21,2023-08-15T20:18:03.093Z,148,6
1,33,2023-08-15T20:18:13.093Z,67,7
2,3,2023-08-15T20:18:13.093Z,395,1
5,4,2023-08-15T20:18:13.093Z,748,3
14,12,2023-08-15T20:18:13.093Z,73,3
18,12,2023-08-15T20:18:13.093Z,690,3
24,35,2023-08-15T20:18:13.093Z,339,4
33,21,2023-08-15T20:18:13.093Z,124,6
34,0,2023-08-15T20:18:13.093Z,3,7
3,9,2023-08-15T20:18:23.093Z,36,2
4,11,2023-08-15T20:18:23.093Z,430,2
5,20,2023-08-15T20:18:23.093Z,637,3
12,10,2023-08-15T20:18:23.093Z,987,8
14,17,2023-08-15T20:18:23.093Z,550,3
18,17,2023-08-15T20:18:23.093Z,153,3
23,15,2023-08-15T20:18:23.093Z,442,14
33,21,2023-08-15T20:18:23.093Z,145,6
35,29,2023-08-15T20:18:23.093Z,353,10
1,0,2023-08-15T20:18:33.093Z,227,7
3,9,2023-08-15T20:18:33.093Z,471,2
4,11,2023-08-15T20:18:33.093Z,544,2
5,20,2023-08-15T20:18:33.093Z,664,3
10,9,2023-08-15T20:18:33.093Z,987,2
13,8,2023-08-15T20:18:33.093Z,278,13
18,4,2023-08-15T20:18:33.093Z,265,3
27,34,2023-08-15T20:18:33.093Z,539,5
34,33,2023-08-15T20:18:33.093Z,215,7
0,6,2023-08-15T20:18:43.093Z,3,1
1,0,2023-08-15T20:18:43.093Z,976,7
2,3,2023-08-15T20:18:43.093Z,845,1
3,2,2023-08-15T20:18:43.093Z,108,2
8,5,2023-08-15T20:18:43.093Z,278,2
11,10,2023-08-15T20:18:43.093Z,430,8
12,7,2023-08-15T20:18:43.093Z,73,8
13,8,2023-08-15T20:18:43.093Z,938,13
26,27,2023-08-15T20:18:43.093Z,246,11
28,29,2023-08-15T20:18:43.093Z,800,10
29,27,2023-08-15T20:18:43.093Z,490,11
33,28,2023-08-15T20:18:43.093Z,695,6
34,33,2023-08-15T20:18:43.093Z,898,7
35,29,2023-08-15T20:18:43.093Z,96,10
3,9,2023-08-15T20:18:53.093Z,395,2
6,10,2023-08-15T20:18:53.093Z,3,8
9,14,2023-08-15T20:18:53.093Z,36,13
11,10,2023-08-15T20:18:53.093Z,544,8
12,10,2023-08-15T20:18:53.093Z,690,8
13,14,2023-08-15T20:18:53.093Z,329,13
25,15,2023-08-15T20:18:53.093Z,873,14
28,30,2023-08-15T20:18:53.093Z,695,10
33,21,2023-08-15T20:18:53.093Z,420,6
35,30,2023-08-15T20:18:53.093Z,231,10
0,6,2023-08-15T20:19:03.093Z,227,1
20,35,2023-08-15T20:19:03.093Z,637,4
0,6,2023-08-15T20:19:13.093Z,976,1
17,22,2023-08-15T20:19:13.093Z,724,9
1,18,2023-08-15T20:19:23.093Z,962,7
14,17,2023-08-15T20:19:23.093Z,36,3
34,33,2023-08-15T20:19:23.093Z,268,7
10,2,2023-08-15T20:19:33.093Z,544,2
33,21,2023-08-15T20:19:33.093Z,844,6
9,14,2023-08-15T20:19:43.093Z,395,13
21,16,2023-08-15T20:19:43.093Z,124,9
1,18,2023-08-15T20:19:53.093Z,592,7
20,26,2023-08-15T20:19:53.093Z,278,4
1,0,2023-08-15T20:20:03.093Z,441,7
10,5,2023-08-15T20:20:03.093Z,976,2
22,34,2023-08-15T20:20:03.093Z,160,6
34,18,2023-08-15T20:20:03.093Z,618,7
6,10,2023-08-15T20:20:13.093Z,73,8
17,16,2023-08-15T20:20:13.093Z,479,9
1,0,2023-08-15T20:20:23.093Z,489,7
10,5,2023-08-15T20:20:23.093Z,73,2
23,24,2023-08-15T20:20:23.093Z,420,14
34,18,2023-08-15T20:20:23.093Z,608,7
14,20,2023-08-15T20:20:33.093Z,279,3
32,21,2023-08-15T20:20:33.093Z,231,6
17,16,2023-08-15T20:19:03.093Z,195,9
34,33,2023-08-15T20:19:03.093Z,351,7
11,7,2023-08-15T20:19:13.093Z,845,8
32,34,2023-08-15T20:19:13.093Z,30,6
3,11,2023-08-15T20:19:03.093Z,845,2
33,21,2023-08-15T20:19:03.093Z,140,6
9,14,2023-08-15T20:19:13.093Z,471,13
30,32,2023-08-15T20:19:13.093Z,231,12
9,8,2023-08-15T20:19:23.093Z,987,13
19,33,2023-08-15T20:19:23.093Z,300,7
4,2,2023-08-15T20:19:33.093Z,748,2
14,19,2023-08-15T20:19:33.093Z,329,3
4,5,2023-08-15T20:19:43.093Z,265,2
17,16,2023-08-15T20:19:43.093Z,550,9
32,21,2023-08-15T20:19:43.093Z,93,6
7,3,2023-08-15T20:19:53.093Z,3,1
32,21,2023-08-15T20:19:53.093Z,133,6
6,10,2023-08-15T20:20:03.093Z,717,8
18,17,2023-08-15T20:20:03.093Z,962,3
32,34,2023-08-15T20:20:03.093Z,680,6
2,3,2023-08-15T20:20:13.093Z,544,1
10,5,2023-08-15T20:20:13.093Z,717,2
32,21,2023-08-15T20:20:13.093Z,387,6
3,5,2023-08-15T20:20:23.093Z,525,2
16,19,2023-08-15T20:20:23.093Z,550,3
32,25,2023-08-15T20:20:23.093Z,979,6
3,5,2023-08-15T20:20:33.093Z,544,2
21,22,2023-08-15T20:20:33.093Z,844,9
1,33,2023-08-15T20:19:03.093Z,100,7
21,16,2023-08-15T20:19:03.093Z,90,9
1,0,2023-08-15T20:19:13.093Z,717,7
21,23,2023-08-15T20:19:13.093Z,1,9
5,20,2023-08-15T20:19:23.093Z,278,3
10,11,2023-08-15T20:19:23.093Z,3,2
32,21,2023-08-15T20:19:23.093Z,403,6
7,6,2023-08-15T20:19:33.093Z,73,1
21,22,2023-08-15T20:19:33.093Z,148,9
6,10,2023-08-15T20:19:43.093Z,976,8
20,35,2023-08-15T20:19:43.093Z,664,4
33,25,2023-08-15T20:19:43.093Z,196,6
10,9,2023-08-15T20:19:53.093Z,690,2
33,28,2023-08-15T20:19:53.093Z,0,6
9,14,2023-08-15T20:20:03.093Z,279,13
21,23,2023-08-15T20:20:03.093Z,420,9
17,22,2023-08-15T20:19:23.093Z,160,9
0,6,2023-08-15T20:19:33.093Z,717,1
11,7,2023-08-15T20:19:33.093Z,3,8
34,18,2023-08-15T20:19:33.093Z,823,7
14,19,2023-08-15T20:19:43.093Z,471,3
27,34,2023-08-15T20:19:43.093Z,183,5
5,12,2023-08-15T20:19:53.093Z,265,3
21,23,2023-08-15T20:19:53.093Z,145,9
2,1,2023-08-15T20:20:03.093Z,748,1
17,22,2023-08-15T20:20:03.093Z,36,9
23,15,2023-08-15T20:20:03.093Z,145,14
33,21,2023-08-15T20:20:03.093Z,232,6
1,0,2023-08-15T20:20:13.093Z,735,7
3,5,2023-08-15T20:20:13.093Z,3,2
9,8,2023-08-15T20:20:13.093Z,690,13
16,12,2023-08-15T20:20:13.093Z,90,3
18,13,2023-08-15T20:20:13.093Z,823,3
0,3,2023-08-15T20:20:23.093Z,441,1
2,1,2023-08-15T20:20:23.093Z,530,1
8,2,2023-08-15T20:20:23.093Z,690,2
14,19,2023-08-15T20:20:23.093Z,395,3
21,16,2023-08-15T20:20:23.093Z,403,9
27,34,2023-08-15T20:20:23.093Z,596,5
33,25,2023-08-15T20:20:23.093Z,67,6
1,0,2023-08-15T20:20:33.093Z,197,7
13,8,2023-08-15T20:20:33.093Z,823,13
18,12,2023-08-15T20:20:33.093Z,592,3
24,26,2023-08-15T20:20:33.093Z,420,4
34,18,2023-08-15T20:20:33.093Z,815,7
3,9,2023-08-15T20:20:43.093Z,441,2
8,5,2023-08-15T20:20:43.093Z,823,2
1,0,2023-08-15T20:20:53.093Z,355,7
21,23,2023-08-15T20:20:53.093Z,133,9
34,33,2023-08-15T20:20:53.093Z,639,7
1,18,2023-08-15T20:21:03.093Z,15,7
12,10,2023-08-15T20:21:03.093Z,592,8
18,12,2023-08-15T20:20:43.093Z,618,3
26,27,2023-08-15T20:20:43.093Z,332,11
33,21,2023-08-15T20:20:43.093Z,215,6
9,14,2023-08-15T20:20:53.093Z,441,13
18,13,2023-08-15T20:20:53.093Z,608,3
5,13,2023-08-15T20:21:03.093Z,717,3
0,3,2023-08-15T20:21:13.093Z,489,1
12,7,2023-08-15T20:21:13.093Z,976,8
23,15,2023-08-15T20:21:13.093Z,133,14
34,33,2023-08-15T20:21:13.093Z,742,7
7,3,2023-08-15T20:21:23.093Z,976,1
18,12,2023-08-15T20:21:23.093Z,15,3
27,31,2023-08-15T20:21:23.093Z,171,5
10,2,2023-08-15T20:21:33.093Z,124,2
18,17,2023-08-15T20:21:33.093Z,816,3
29,27,2023-08-15T20:21:33.093Z,150,11
1,33,2023-08-15T20:21:43.093Z,61,7
6,10,2023-08-15T20:21:43.093Z,735,8
31,32,2023-08-15T20:21:43.093Z,171,12
5,12,2023-08-15T20:21:53.093Z,544,3
20,35,2023-08-15T20:21:53.093Z,3,4
34,33,2023-08-15T20:21:53.093Z,267,7
5,17,2023-08-15T20:22:03.093Z,823,3
21,22,2023-08-15T20:21:03.093Z,232,9
2,1,2023-08-15T20:21:13.093Z,896,1
18,17,2023-08-15T20:21:13.093Z,815,3
27,34,2023-08-15T20:21:13.093Z,47,5
1,18,2023-08-15T20:21:23.093Z,816,7
11,7,2023-08-15T20:21:23.093Z,690,8
25,15,2023-08-15T20:21:23.093Z,67,14
0,6,2023-08-15T20:21:33.093Z,355,1
13,8,2023-08-15T20:21:33.093Z,717,13
26,27,2023-08-15T20:21:33.093Z,754,11
0,3,2023-08-15T20:21:43.093Z,159,1
5,17,2023-08-15T20:21:43.093Z,73,3
12,7,2023-08-15T20:21:43.093Z,260,8
34,33,2023-08-15T20:21:43.093Z,920,7
10,5,2023-08-15T20:21:53.093Z,613,2
32,25,2023-08-15T20:21:53.093Z,171,6
0,6,2023-08-15T20:22:03.093Z,358,1
17,16,2023-08-15T20:22:03.093Z,816,9
33,25,2023-08-15T20:22:03.093Z,351,6
29,27,2023-08-15T20:22:13.093Z,9,11
5,12,2023-08-15T20:20:43.093Z,976,3
21,22,2023-08-15T20:20:43.093Z,93,9
34,33,2023-08-15T20:20:43.093Z,529,7
14,17,2023-08-15T20:20:53.093Z,87,3
33,21,2023-08-15T20:20:53.093Z,898,6
3,11,2023-08-15T20:21:03.093Z,690,2
17,16,2023-08-15T20:21:03.093Z,962,9
1,0,2023-08-15T20:21:13.093Z,159,7
17,22,2023-08-15T20:21:13.093Z,87,9
25,15,2023-08-15T20:21:13.093Z,979,14
0,6,2023-08-15T20:21:23.093Z,197,1
9,8,2023-08-15T20:21:23.093Z,592,13
21,16,2023-08-15T20:21:23.093Z,387,9
34,33,2023-08-15T20:21:23.093Z,102,7
5,20,2023-08-15T20:21:33.093Z,525,3
11,10,2023-08-15T20:21:33.093Z,489,8
17,16,2023-08-15T20:21:33.093Z,815,9
34,18,2023-08-15T20:21:33.093Z,908,7
8,2,2023-08-15T20:21:43.093Z,717,2
21,16,2023-08-15T20:21:43.093Z,231,9
7,1,2023-08-15T20:21:53.093Z,949,1
21,22,2023-08-15T20:21:53.093Z,158,9
35,29,2023-08-15T20:21:53.093Z,900,10
7,1,2023-08-15T20:22:03.093Z,260,1
21,16,2023-08-15T20:22:03.093Z,215,9
15,20,2023-08-15T20:22:13.093Z,464,3
33,21,2023-08-15T20:22:13.093Z,300,6
15,20,2023-08-15T20:22:03.093Z,369,3
25,15,2023-08-15T20:22:03.093Z,171,14
12,7,2023-08-15T20:22:13.093Z,314,8
2,3,2023-08-15T20:20:43.093Z,690,1
16,12,2023-08-15T20:20:43.093Z,124,3
32,21,2023-08-15T20:20:43.093Z,158,6
5,20,2023-08-15T20:20:53.093Z,3,3
20,26,2023-08-15T20:20:53.093Z,279,4
0,6,2023-08-15T20:21:03.093Z,735,1
7,1,2023-08-15T20:21:03.093Z,354,1
25,15,2023-08-15T20:21:03.093Z,196,14
10,9,2023-08-15T20:21:13.093Z,592,2
22,34,2023-08-15T20:21:13.093Z,7,6
32,34,2023-08-15T20:21:13.093Z,910,6
3,11,2023-08-15T20:21:23.093Z,489,2
12,10,2023-08-15T20:21:23.093Z,124,8
26,27,2023-08-15T20:21:23.093Z,509,11
1,0,2023-08-15T20:21:33.093Z,358,7
8,5,2023-08-15T20:21:33.093Z,592,2
16,19,2023-08-15T20:21:33.093Z,479,3
21,16,2023-08-15T20:21:33.093Z,439,9
2,6,2023-08-15T20:21:43.093Z,124,1
16,17,2023-08-15T20:21:43.093Z,403,3
1,18,2023-08-15T20:21:53.093Z,698,7
12,7,2023-08-15T20:21:53.093Z,15,8
33,28,2023-08-15T20:21:53.093Z,100,6
1,18,2023-08-15T20:22:03.093Z,368,7
16,12,2023-08-15T20:22:03.093Z,962,3
6,10,2023-08-15T20:22:13.093Z,197,8
18,13,2023-08-15T20:22:13.093Z,908,3
34,0,2023-08-15T20:22:13.093Z,519,7
17,23,2023-08-15T20:22:23.093Z,73,9
10,9,2023-08-15T20:22:33.093Z,197,2
9,8,2023-08-15T20:22:43.093Z,197,13
34,18,2023-08-15T20:22:23.093Z,175,7
2,1,2023-08-15T20:22:33.093Z,938,1
6,10,2023-08-15T20:22:33.093Z,355,8
16,17,2023-08-15T20:22:33.093Z,318,3
23,15,2023-08-15T20:22:33.093Z,73,14
30,32,2023-08-15T20:22:33.093Z,695,12
1,18,2023-08-15T20:22:43.093Z,986,7
5,13,2023-08-15T20:22:43.093Z,613,3
11,7,2023-08-15T20:22:43.093Z,59,8
16,4,2023-08-15T20:22:43.093Z,387,3
18,17,2023-08-15T20:22:43.093Z,368,3
33,21,2023-08-15T20:22:43.093Z,529,6
35,29,2023-08-15T20:22:43.093Z,552,10
10,9,2023-08-15T20:22:53.093Z,735,2
13,8,2023-08-15T20:22:53.093Z,908,13
5,13,2023-08-15T20:22:33.093Z,592,3
15,17,2023-08-15T20:22:33.093Z,906,3
24,35,2023-08-15T20:22:33.093Z,351,4
1,0,2023-08-15T20:22:53.093Z,863,7
8,2,2023-08-15T20:22:23.093Z,938,2
25,24,2023-08-15T20:22:23.093Z,351,14
1,18,2023-08-15T20:22:33.093Z,571,7
7,3,2023-08-15T20:22:33.093Z,314,1
18,13,2023-08-15T20:22:33.093Z,698,3
33,28,2023-08-15T20:22:33.093Z,268,6
2,3,2023-08-15T20:22:43.093Z,48,1
10,5,2023-08-15T20:22:43.093Z,355,2
17,22,2023-08-15T20:22:43.093Z,403,9
34,33,2023-08-15T20:22:43.093Z,733,7
6,10,2023-08-15T20:22:53.093Z,358,8
15,13,2023-08-15T20:22:53.093Z,198,3
18,13,2023-08-15T20:22:53.093Z,175,3
1,0,2023-08-15T20:23:03.093Z,960,7
5,17,2023-08-15T20:23:03.093Z,355,3
13,14,2023-08-15T20:23:03.093Z,592,13
17,22,2023-08-15T20:23:03.093Z,906,9
32,34,2023-08-15T20:23:03.093Z,695,6
3,5,2023-08-15T20:23:13.093Z,48,2
16,17,2023-08-15T20:23:13.093Z,231,3
18,13,2023-08-15T20:23:13.093Z,986,3
27,31,2023-08-15T20:23:13.093Z,272,5
0,3,2023-08-15T20:23:23.093Z,863,1
5,4,2023-08-15T20:23:23.093Z,48,3
6,7,2023-08-15T20:22:43.093Z,124,8
15,19,2023-08-15T20:22:43.093Z,651,3
20,35,2023-08-15T20:22:43.093Z,525,4
0,3,2023-08-15T20:22:53.093Z,519,1
12,10,2023-08-15T20:22:53.093Z,962,8
17,22,2023-08-15T20:22:53.093Z,823,9
21,23,2023-08-15T20:22:53.093Z,300,9
3,2,2023-08-15T20:23:03.093Z,314,2
9,8,2023-08-15T20:23:03.093Z,735,13
16,13,2023-08-15T20:23:03.093Z,439,3
27,34,2023-08-15T20:23:03.093Z,872,5
34,18,2023-08-15T20:23:03.093Z,689,7
4,9,2023-08-15T20:23:13.093Z,387,2
17,22,2023-08-15T20:23:13.093Z,318,9
23,15,2023-08-15T20:23:13.093Z,300,14
35,30,2023-08-15T20:23:13.093Z,588,10
3,5,2023-08-15T20:23:23.093Z,519,2
9,14,2023-08-15T20:23:23.093Z,387,13
35,30,2023-08-15T20:23:23.093Z,494,10
3,9,2023-08-15T20:23:33.093Z,863,2
11,7,2023-08-15T20:23:33.093Z,908,8
22,34,2023-08-15T20:23:33.093Z,36,6
29,27,2023-08-15T20:23:33.093Z,939,11
35,30,2023-08-15T20:23:33.093Z,702,10
15,4,2023-08-15T20:23:03.093Z,601,3
1,18,2023-08-15T20:23:13.093Z,851,7
13,8,2023-08-15T20:23:13.093Z,698,13
20,26,2023-08-15T20:23:13.093Z,369,4
2,1,2023-08-15T20:23:23.093Z,314,1
27,31,2023-08-15T20:23:23.093Z,206,5
34,33,2023-08-15T20:23:23.093Z,570,7
13,8,2023-08-15T20:23:33.093Z,613,13
31,32,2023-08-15T20:23:33.093Z,272,12
7,1,2023-08-15T20:23:23.093Z,334,1
16,13,2023-08-15T20:23:23.093Z,816,3
2,3,2023-08-15T20:23:33.093Z,358,1
8,5,2023-08-15T20:23:33.093Z,735,2
15,12,2023-08-15T20:23:33.093Z,841,3
27,31,2023-08-15T20:23:33.093Z,621,5
30,32,2023-08-15T20:23:33.093Z,494,12
10,2,2023-08-15T20:23:03.093Z,358,2
18,20,2023-08-15T20:23:03.093Z,571,3
7,1,2023-08-15T20:23:13.093Z,59,1
15,17,2023-08-15T20:23:13.093Z,335,3
34,33,2023-08-15T20:23:13.093Z,326,7
8,11,2023-08-15T20:23:23.093Z,908,2
30,32,2023-08-15T20:23:23.093Z,588,12
4,2,2023-08-15T20:23:33.093Z,601,2
28,29,2023-08-15T20:23:33.093Z,100,10
7,3,2023-08-15T20:23:43.093Z,908,1
26,27,2023-08-15T20:23:43.093Z,722,11
4,9,2023-08-15T20:23:53.093Z,48,2
20,35,2023-08-15T20:23:53.093Z,464,4
27,34,2023-08-15T20:23:53.093Z,378,5
2,6,2023-08-15T20:23:43.093Z,601,1
21,22,2023-08-15T20:23:43.093Z,529,9
28,30,2023-08-15T20:23:43.093Z,268,10
3,5,2023-08-15T20:23:53.093Z,358,2
31,32,2023-08-15T20:23:53.093Z,206,12
5,20,2023-08-15T20:23:43.093Z,519,3
13,14,2023-08-15T20:23:43.093Z,198,13
1,18,2023-08-15T20:23:53.093Z,827,7
8,2,2023-08-15T20:23:53.093Z,613,2
22,34,2023-08-15T20:23:53.093Z,93,6
32,34,2023-08-15T20:23:53.093Z,122,6
15,12,2023-08-15T20:23:43.093Z,43,3
22,25,2023-08-15T20:23:43.093Z,844,6
30,32,2023-08-15T20:23:43.093Z,702,12
9,8,2023-08-15T20:23:53.093Z,863,13
35,29,2023-08-15T20:23:53.093Z,729,10
6,10,2023-08-15T20:24:03.093Z,601,8
15,13,2023-08-15T20:24:03.093Z,284,3
27,31,2023-08-15T20:24:03.093Z,141,5
0,6,2023-08-15T20:24:13.093Z,960,1
10,5,2023-08-15T20:24:13.093Z,601,2
26,27,2023-08-15T20:24:13.093Z,8,11
12,7,2023-08-15T20:24:23.093Z,841,8
27,34,2023-08-15T20:24:23.093Z,54,5
7,6,2023-08-15T20:24:33.093Z,863,1
18,20,2023-08-15T20:24:33.093Z,827,3
31,32,2023-08-15T20:24:33.093Z,141,12
11,10,2023-08-15T20:24:43.093Z,986,8
22,34,2023-08-15T20:24:43.093Z,158,6
5,19,2023-08-15T20:24:53.093Z,601,3
12,7,2023-08-15T20:24:53.093Z,689,8
22,25,2023-08-15T20:24:53.093Z,403,6
2,3,2023-08-15T20:25:03.093Z,284,1
14,12,2023-08-15T20:25:03.093Z,198,3
20,35,2023-08-15T20:25:03.093Z,519,4
27,34,2023-08-15T20:25:03.093Z,946,5
33,28,2023-08-15T20:25:03.093Z,742,6
7,1,2023-08-15T20:25:13.093Z,43,1
17,22,2023-08-15T20:25:13.093Z,231,9
28,30,2023-08-15T20:25:13.093Z,823,10
3,2,2023-08-15T20:25:23.093Z,841,2
14,20,2023-08-15T20:25:23.093Z,439,3
28,29,2023-08-15T20:25:23.093Z,742,10
9,8,2023-08-15T20:25:33.093Z,960,13
22,34,2023-08-15T20:25:33.093Z,318,6
33,25,2023-08-15T20:25:33.093Z,920,6
2,6,2023-08-15T20:24:03.093Z,613,1
8,5,2023-08-15T20:24:03.093Z,504,2
20,35,2023-08-15T20:24:03.093Z,571,4
28,29,2023-08-15T20:24:03.093Z,639,10
33,28,2023-08-15T20:23:53.093Z,639,6
3,2,2023-08-15T20:24:03.093Z,908,2
9,14,2023-08-15T20:24:03.093Z,48,13
22,28,2023-08-15T20:24:03.093Z,232,6
31,32,2023-08-15T20:24:03.093Z,621,12
2,6,2023-08-15T20:24:13.093Z,908,1
15,19,2023-08-15T20:24:13.093Z,442,3
8,11,2023-08-15T20:24:23.093Z,986,2
15,17,2023-08-15T20:24:23.093Z,873,3
1,33,2023-08-15T20:24:33.093Z,485,7
13,8,2023-08-15T20:24:33.093Z,284,13
26,27,2023-08-15T20:24:33.093Z,922,11
5,19,2023-08-15T20:24:43.093Z,504,3
16,4,2023-08-15T20:24:43.093Z,815,3
30,32,2023-08-15T20:24:43.093Z,625,12
7,3,2023-08-15T20:24:53.093Z,841,1
15,4,2023-08-15T20:24:53.093Z,133,3
29,27,2023-08-15T20:24:53.093Z,53,11
7,1,2023-08-15T20:25:03.093Z,613,1
17,16,2023-08-15T20:25:03.093Z,335,9
23,15,2023-08-15T20:25:03.093Z,472,14
31,32,2023-08-15T20:25:03.093Z,74,12
35,29,2023-08-15T20:25:03.093Z,350,10
14,13,2023-08-15T20:25:13.093Z,48,3
21,16,2023-08-15T20:25:13.093Z,272,9
34,18,2023-08-15T20:25:13.093Z,428,7
12,7,2023-08-15T20:25:23.093Z,196,8
18,13,2023-08-15T20:25:23.093Z,998,3
6,7,2023-08-15T20:25:33.093Z,721,8
12,7,2023-08-15T20:25:33.093Z,618,8
30,32,2023-08-15T20:25:33.093Z,213,12
34,33,2023-08-15T20:23:53.093Z,281,7
5,19,2023-08-15T20:24:03.093Z,735,3
13,14,2023-08-15T20:24:03.093Z,439,13
26,27,2023-08-15T20:24:03.093Z,794,11
34,18,2023-08-15T20:24:03.093Z,320,7
1,18,2023-08-15T20:24:13.093Z,257,7
13,8,2023-08-15T20:24:13.093Z,986,13
29,27,2023-08-15T20:24:13.093Z,138,11
13,14,2023-08-15T20:24:23.093Z,816,13
32,34,2023-08-15T20:24:23.093Z,588,6
12,7,2023-08-15T20:24:33.093Z,43,8
22,21,2023-08-15T20:24:33.093Z,87,6
34,18,2023-08-15T20:24:33.093Z,998,7
15,12,2023-08-15T20:24:43.093Z,196,3
27,34,2023-08-15T20:24:43.093Z,784,5
6,10,2023-08-15T20:24:53.093Z,908,8
14,20,2023-08-15T20:24:53.093Z,387,3
26,27,2023-08-15T20:24:53.093Z,934,11
6,10,2023-08-15T20:25:03.093Z,863,8
15,19,2023-08-15T20:25:03.093Z,979,3
22,28,2023-08-15T20:25:03.093Z,823,6
28,29,2023-08-15T20:25:03.093Z,252,10
34,18,2023-08-15T20:25:03.093Z,399,7
10,5,2023-08-15T20:25:13.093Z,986,2
20,26,2023-08-15T20:25:13.093Z,827,4
33,25,2023-08-15T20:25:13.093Z,102,6
7,3,2023-08-15T20:25:23.093Z,689,1
15,17,2023-08-15T20:25:23.093Z,171,3
33,21,2023-08-15T20:25:23.093Z,61,6
10,9,2023-08-15T20:25:33.093Z,908,2
25,15,2023-08-15T20:25:33.093Z,403,14
8,11,2023-08-15T20:24:13.093Z,863,2
18,12,2023-08-15T20:24:13.093Z,689,3
11,7,2023-08-15T20:24:23.093Z,863,8
18,17,2023-08-15T20:24:23.093Z,851,3
6,7,2023-08-15T20:24:33.093Z,613,8
15,17,2023-08-15T20:24:33.093Z,145,3
27,31,2023-08-15T20:24:33.093Z,74,5
6,10,2023-08-15T20:24:43.093Z,960,8
18,4,2023-08-15T20:24:43.093Z,320,3
1,33,2023-08-15T20:24:53.093Z,543,7
8,2,2023-08-15T20:24:53.093Z,284,2
21,16,2023-08-15T20:24:53.093Z,87,9
34,18,2023-08-15T20:24:53.093Z,819,7
10,9,2023-08-15T20:25:03.093Z,960,2
18,12,2023-08-15T20:25:03.093Z,257,3
26,27,2023-08-15T20:25:03.093Z,857,11
32,21,2023-08-15T20:25:03.093Z,272,6
4,2,2023-08-15T20:25:13.093Z,815,2
15,4,2023-08-15T20:25:13.093Z,67,3
27,31,2023-08-15T20:25:13.093Z,703,5
2,1,2023-08-15T20:25:23.093Z,815,1
13,8,2023-08-15T20:25:23.093Z,48,13
22,34,2023-08-15T20:25:23.093Z,906,6
8,11,2023-08-15T20:25:33.093Z,48,2
14,4,2023-08-15T20:25:33.093Z,816,3
31,32,2023-08-15T20:25:33.093Z,703,12
8,5,2023-08-15T20:25:43.093Z,960,2
15,17,2023-08-15T20:25:43.093Z,300,3
15,12,2023-08-15T20:25:53.093Z,521,3
29,27,2023-08-15T20:25:53.093Z,347,11
3,9,2023-08-15T20:26:03.093Z,689,2
7,1,2023-08-15T20:26:03.093Z,721,1
12,7,2023-08-15T20:26:03.093Z,636,8
15,17,2023-08-15T20:26:03.093Z,472,3
17,22,2023-08-15T20:26:03.093Z,851,9
20,35,2023-08-15T20:26:03.093Z,87,4
3,11,2023-08-15T20:26:13.093Z,196,2
15,20,2023-08-15T20:26:13.093Z,568,3
11,7,2023-08-15T20:25:43.093Z,48,8
25,24,2023-08-15T20:25:43.093Z,102,14
30,32,2023-08-15T20:25:43.093Z,268,12
2,6,2023-08-15T20:25:53.093Z,841,1
4,5,2023-08-15T20:25:53.093Z,320,2
17,16,2023-08-15T20:25:53.093Z,873,9
20,35,2023-08-15T20:25:53.093Z,439,4
24,26,2023-08-15T20:25:53.093Z,102,4
25,15,2023-08-15T20:25:53.093Z,920,14
34,18,2023-08-15T20:25:53.093Z,551,7
4,5,2023-08-15T20:26:03.093Z,133,2
16,19,2023-08-15T20:26:03.093Z,335,3
29,27,2023-08-15T20:26:13.093Z,765,11
31,32,2023-08-15T20:26:13.093Z,28,12
3,9,2023-08-15T20:26:23.093Z,159,2
6,10,2023-08-15T20:26:23.093Z,841,8
8,5,2023-08-15T20:26:23.093Z,689,2
12,7,2023-08-15T20:26:23.093Z,521,8
33,28,2023-08-15T20:26:23.093Z,281,6
34,18,2023-08-15T20:26:23.093Z,824,7
17,22,2023-08-15T20:26:33.093Z,171,9
35,30,2023-08-15T20:26:33.093Z,515,10
16,4,2023-08-15T20:26:43.093Z,145,3
4,5,2023-08-15T20:26:53.093Z,145,2
17,16,2023-08-15T20:26:53.093Z,300,9
30,32,2023-08-15T20:26:53.093Z,515,12
5,17,2023-08-15T20:27:03.093Z,320,3
26,27,2023-08-15T20:27:03.093Z,563,11
11,10,2023-08-15T20:27:13.093Z,816,8
33,21,2023-08-15T20:27:13.093Z,485,6
9,14,2023-08-15T20:25:43.093Z,908,13
17,16,2023-08-15T20:26:13.093Z,145,9
26,27,2023-08-15T20:26:13.093Z,921,11
34,18,2023-08-15T20:26:13.093Z,704,7
35,30,2023-08-15T20:26:13.093Z,81,10
15,19,2023-08-15T20:26:23.093Z,403,3
17,16,2023-08-15T20:26:23.093Z,355,9
10,11,2023-08-15T20:26:33.093Z,841,2
28,30,2023-08-15T20:26:33.093Z,281,10
10,2,2023-08-15T20:26:43.093Z,399,2
2,6,2023-08-15T20:26:53.093Z,399,1
8,11,2023-08-15T20:26:53.093Z,816,2
21,23,2023-08-15T20:26:53.093Z,570,9
35,30,2023-08-15T20:26:53.093Z,679,10
13,14,2023-08-15T20:27:03.093Z,998,13
5,17,2023-08-15T20:27:13.093Z,133,3
27,31,2023-08-15T20:27:13.093Z,738,5
7,3,2023-08-15T20:25:43.093Z,196,1
12,7,2023-08-15T20:25:43.093Z,198,8
16,20,2023-08-15T20:25:43.093Z,87,3
18,13,2023-08-15T20:25:43.093Z,819,3
33,28,2023-08-15T20:25:43.093Z,267,6
12,7,2023-08-15T20:25:53.093Z,257,8
21,16,2023-08-15T20:25:53.093Z,61,9
35,29,2023-08-15T20:25:53.093Z,427,10
14,17,2023-08-15T20:26:03.093Z,908,3
27,31,2023-08-15T20:26:03.093Z,28,5
34,18,2023-08-15T20:26:03.093Z,978,7
9,8,2023-08-15T20:26:13.093Z,689,13
18,17,2023-08-15T20:26:13.093Z,428,3
33,21,2023-08-15T20:26:13.093Z,570,6
7,1,2023-08-15T20:26:23.093Z,618,1
30,32,2023-08-15T20:26:23.093Z,81,12
9,14,2023-08-15T20:26:33.093Z,159,13
15,12,2023-08-15T20:26:33.093Z,920,3
27,31,2023-08-15T20:26:33.093Z,431,5
17,22,2023-08-15T20:25:43.093Z,6,9
27,34,2023-08-15T20:25:43.093Z,696,5
3,11,2023-08-15T20:25:53.093Z,284,2
19,18,2023-08-15T20:25:53.093Z,735,7
33,28,2023-08-15T20:25:53.093Z,733,6
11,7,2023-08-15T20:26:03.093Z,284,8
18,12,2023-08-15T20:26:03.093Z,399,3
33,25,2023-08-15T20:26:03.093Z,326,6
35,30,2023-08-15T20:26:03.093Z,416,10
16,13,2023-08-15T20:26:13.093Z,272,3
30,32,2023-08-15T20:26:13.093Z,416,12
4,9,2023-08-15T20:26:23.093Z,816,2
16,19,2023-08-15T20:26:23.093Z,873,3
7,1,2023-08-15T20:26:33.093Z,48,1
12,10,2023-08-15T20:26:33.093Z,399,8
20,35,2023-08-15T20:26:33.093Z,568,4
9,8,2023-08-15T20:26:43.093Z,816,13
14,12,2023-08-15T20:26:43.093Z,159,3
24,35,2023-08-15T20:26:43.093Z,454,4
7,6,2023-08-15T20:26:53.093Z,257,1
18,4,2023-08-15T20:26:53.093Z,735,3
27,34,2023-08-15T20:26:53.093Z,657,5
31,32,2023-08-15T20:26:53.093Z,431,12
6,7,2023-08-15T20:27:03.093Z,399,8
18,17,2023-08-15T20:27:03.093Z,551,3
4,11,2023-08-15T20:27:13.093Z,735,2
18,20,2023-08-15T20:27:13.093Z,978,3
31,32,2023-08-15T20:27:13.093Z,5,12
7,1,2023-08-15T20:26:43.093Z,198,1
12,7,2023-08-15T20:26:43.093Z,291,8
17,22,2023-08-15T20:26:43.093Z,881,9
27,31,2023-08-15T20:26:43.093Z,5,5
12,7,2023-08-15T20:26:53.093Z,920,8
26,27,2023-08-15T20:26:53.093Z,259,11
29,27,2023-08-15T20:26:53.093Z,853,11
34,33,2023-08-15T20:26:53.093Z,856,7
12,7,2023-08-15T20:27:03.093Z,159,8
27,34,2023-08-15T20:27:03.093Z,925,5
13,14,2023-08-15T20:27:13.093Z,819,13
30,32,2023-08-15T20:27:13.093Z,679,12
2,1,2023-08-15T20:27:23.093Z,717,1
5,13,2023-08-15T20:27:23.093Z,689,3
6,10,2023-08-15T20:27:23.093Z,257,8
11,10,2023-08-15T20:27:23.093Z,735,8
27,34,2023-08-15T20:27:23.093Z,669,5
29,27,2023-08-15T20:27:23.093Z,879,11
31,32,2023-08-15T20:27:23.093Z,370,12
5,20,2023-08-15T20:27:33.093Z,145,3
6,7,2023-08-15T20:27:33.093Z,319,8
7,3,2023-08-15T20:27:33.093Z,15,1
10,11,2023-08-15T20:27:33.093Z,257,2
16,20,2023-08-15T20:27:33.093Z,300,3
17,23,2023-08-15T20:27:33.093Z,533,9
7,3,2023-08-15T20:27:23.093Z,636,1
10,2,2023-08-15T20:27:23.093Z,816,2
13,14,2023-08-15T20:27:23.093Z,272,13
16,19,2023-08-15T20:27:23.093Z,355,3
17,16,2023-08-15T20:27:23.093Z,472,9
22,28,2023-08-15T20:27:23.093Z,529,6
26,27,2023-08-15T20:27:23.093Z,683,11
33,21,2023-08-15T20:27:23.093Z,543,6
18,12,2023-08-15T20:27:33.093Z,704,3
20,35,2023-08-15T20:27:33.093Z,978,4
27,34,2023-08-15T20:27:33.093Z,902,5
34,33,2023-08-15T20:27:33.093Z,982,7
14,4,2023-08-15T20:27:43.093Z,998,3
34,33,2023-08-15T20:27:43.093Z,469,7
7,6,2023-08-15T20:27:53.093Z,291,1
14,4,2023-08-15T20:27:53.093Z,819,3
22,25,2023-08-15T20:27:53.093Z,851,6
29,27,2023-08-15T20:27:53.093Z,322,11
17,23,2023-08-15T20:28:03.093Z,551,9
32,25,2023-08-15T20:28:03.093Z,141,6
6,10,2023-08-15T20:28:13.093Z,291,8
14,12,2023-08-15T20:28:13.093Z,272,3
22,34,2023-08-15T20:28:13.093Z,881,6
27,31,2023-08-15T20:28:13.093Z,202,5
22,21,2023-08-15T20:28:23.093Z,428,6
32,34,2023-08-15T20:28:23.093Z,625,6
10,2,2023-08-15T20:28:33.093Z,291,2
30,32,2023-08-15T20:28:33.093Z,468,12
7,1,2023-08-15T20:28:43.093Z,319,1
33,21,2023-08-15T20:28:43.093Z,469,6
2,1,2023-08-15T20:28:53.093Z,291,1
5,13,2023-08-15T20:28:53.093Z,399,3
13,14,2023-08-15T20:28:53.093Z,533,13
27,31,2023-08-15T20:28:53.093Z,713,5
22,25,2023-08-15T20:27:33.093Z,231,6
31,32,2023-08-15T20:27:33.093Z,738,12
32,28,2023-08-15T20:27:33.093Z,702,6
2,6,2023-08-15T20:27:43.093Z,816,1
28,29,2023-08-15T20:27:43.093Z,529,10
3,5,2023-08-15T20:27:53.093Z,636,2
12,7,2023-08-15T20:27:53.093Z,704,8
16,20,2023-08-15T20:27:53.093Z,215,3
27,31,2023-08-15T20:27:53.093Z,24,5
3,5,2023-08-15T20:28:03.093Z,15,2
25,15,2023-08-15T20:28:03.093Z,231,14
4,11,2023-08-15T20:28:13.093Z,998,2
7,3,2023-08-15T20:28:13.093Z,399,1
17,22,2023-08-15T20:28:13.093Z,133,9
25,15,2023-08-15T20:28:13.093Z,6,14
7,1,2023-08-15T20:28:23.093Z,159,1
29,27,2023-08-15T20:28:23.093Z,644,11
35,30,2023-08-15T20:28:23.093Z,468,10
26,27,2023-08-15T20:28:33.093Z,193,11
34,18,2023-08-15T20:28:33.093Z,581,7
23,15,2023-08-15T20:28:43.093Z,543,14
35,30,2023-08-15T20:28:43.093Z,339,10
3,11,2023-08-15T20:28:53.093Z,819,2
7,1,2023-08-15T20:28:53.093Z,897,1
18,20,2023-08-15T20:28:53.093Z,581,3
29,27,2023-08-15T20:28:53.093Z,360,11
30,32,2023-08-15T20:28:53.093Z,627,12
7,3,2023-08-15T20:27:43.093Z,521,1
22,25,2023-08-15T20:27:43.093Z,6,6
29,27,2023-08-15T20:27:43.093Z,14,11
35,29,2023-08-15T20:27:43.093Z,303,10
17,22,2023-08-15T20:27:53.093Z,320,9
33,28,2023-08-15T20:27:53.093Z,856,6
22,34,2023-08-15T20:28:03.093Z,171,6
13,14,2023-08-15T20:28:13.093Z,689,13
35,29,2023-08-15T20:28:13.093Z,434,10
4,2,2023-08-15T20:28:23.093Z,819,2
21,16,2023-08-15T20:28:23.093Z,485,9
27,34,2023-08-15T20:28:23.093Z,497,5
2,1,2023-08-15T20:28:33.093Z,521,1
4,5,2023-08-15T20:28:33.093Z,472,2
8,5,2023-08-15T20:28:33.093Z,987,2
15,13,2023-08-15T20:28:33.093Z,533,3
27,31,2023-08-15T20:28:33.093Z,292,5
29,27,2023-08-15T20:28:33.093Z,409,11
33,25,2023-08-15T20:28:33.093Z,982,6
2,3,2023-08-15T20:28:43.093Z,819,1
21,16,2023-08-15T20:28:43.093Z,898,9
27,34,2023-08-15T20:28:43.093Z,766,5
34,18,2023-08-15T20:28:43.093Z,712,7
21,16,2023-08-15T20:28:53.093Z,206,9
28,29,2023-08-15T20:28:53.093Z,133,10
32,25,2023-08-15T20:28:53.093Z,703,6
17,22,2023-08-15T20:27:43.093Z,428,9
23,15,2023-08-15T20:27:43.093Z,533,14
32,21,2023-08-15T20:27:43.093Z,206,6
11,7,2023-08-15T20:27:53.093Z,897,8
18,20,2023-08-15T20:27:53.093Z,824,3
16,4,2023-08-15T20:28:03.093Z,472,3
5,17,2023-08-15T20:28:13.093Z,636,3
20,35,2023-08-15T20:28:13.093Z,145,4
3,2,2023-08-15T20:28:23.093Z,521,2
11,7,2023-08-15T20:28:23.093Z,998,8
25,15,2023-08-15T20:28:23.093Z,851,14
28,29,2023-08-15T20:28:23.093Z,702,10
3,5,2023-08-15T20:28:33.093Z,399,2
5,19,2023-08-15T20:28:33.093Z,15,3
12,7,2023-08-15T20:28:33.093Z,272,8
21,23,2023-08-15T20:28:33.093Z,543,9
28,30,2023-08-15T20:28:33.093Z,856,10
32,21,2023-08-15T20:28:33.093Z,74,6
35,30,2023-08-15T20:28:33.093Z,627,10
12,7,2023-08-15T20:28:43.093Z,544,8
22,28,2023-08-15T20:28:43.093Z,133,6
32,34,2023-08-15T20:28:43.093Z,213,6
15,13,2023-08-15T20:28:53.093Z,231,3
26,27,2023-08-15T20:28:53.093Z,220,11
34,33,2023-08-15T20:28:53.093Z,305,7
11,10,2023-08-15T20:29:03.093Z,819,8
30,32,2023-08-15T20:29:03.093Z,339,12
34,33,2023-08-15T20:29:03.093Z,836,7
8,5,2023-08-15T20:29:13.093Z,698,2
12,10,2023-08-15T20:29:13.093Z,526,8
30,32,2023-08-15T20:29:13.093Z,637,12
5,12,2023-08-15T20:29:23.093Z,472,3
32,21,2023-08-15T20:29:23.093Z,28,6
1,1,2023-08-15T20:29:33.093Z,717,7
4,2,2023-08-15T20:29:43.093Z,851,2
6,10,2023-08-15T20:29:43.093Z,998,8
20,35,2023-08-15T20:29:43.093Z,215,4
7,1,2023-08-15T20:29:53.093Z,544,1
16,13,2023-08-15T20:29:53.093Z,74,3
20,35,2023-08-15T20:29:53.093Z,824,4
29,27,2023-08-15T20:29:53.093Z,451,11
27,31,2023-08-15T20:30:03.093Z,373,5
34,18,2023-08-15T20:30:03.093Z,676,7
21,16,2023-08-15T20:29:13.093Z,74,9
26,27,2023-08-15T20:29:13.093Z,667,11
34,33,2023-08-15T20:29:13.093Z,251,7
14,17,2023-08-15T20:29:23.093Z,689,3
18,4,2023-08-15T20:29:23.093Z,712,3
27,31,2023-08-15T20:29:23.093Z,446,5
7,1,2023-08-15T20:29:33.093Z,272,1
16,20,2023-08-15T20:29:33.093Z,898,3
32,34,2023-08-15T20:29:33.093Z,81,6
16,19,2023-08-15T20:29:43.093Z,206,3
32,34,2023-08-15T20:29:43.093Z,515,6
2,3,2023-08-15T20:29:53.093Z,851,1
26,27,2023-08-15T20:29:53.093Z,402,11
32,21,2023-08-15T20:29:53.093Z,431,6
35,29,2023-08-15T20:29:53.093Z,3,10
2,3,2023-08-15T20:30:03.093Z,526,1
10,9,2023-08-15T20:30:03.093Z,998,2
31,32,2023-08-15T20:30:03.093Z,292,12
12,7,2023-08-15T20:30:13.093Z,472,8
30,32,2023-08-15T20:30:13.093Z,733,12
5,12,2023-08-15T20:30:23.093Z,851,3
16,19,2023-08-15T20:30:23.093Z,636,3
21,16,2023-08-15T20:30:23.093Z,28,9
31,32,2023-08-15T20:30:23.093Z,446,12
10,2,2023-08-15T20:30:33.093Z,217,2
28,30,2023-08-15T20:30:33.093Z,305,10
1,33,2023-08-15T20:29:03.093Z,815,7
32,21,2023-08-15T20:29:03.093Z,268,6
11,7,2023-08-15T20:29:13.093Z,257,8
25,15,2023-08-15T20:29:13.093Z,982,14
32,34,2023-08-15T20:29:13.093Z,416,6
7,6,2023-08-15T20:29:23.093Z,998,1
25,15,2023-08-15T20:29:23.093Z,703,14
34,0,2023-08-15T20:29:23.093Z,294,7
14,19,2023-08-15T20:29:33.093Z,533,3
34,33,2023-08-15T20:29:33.093Z,414,7
7,1,2023-08-15T20:29:43.093Z,146,1
27,31,2023-08-15T20:29:43.093Z,969,5
3,5,2023-08-15T20:29:53.093Z,976,2
17,22,2023-08-15T20:29:53.093Z,689,9
27,31,2023-08-15T20:29:53.093Z,315,5
34,0,2023-08-15T20:29:53.093Z,870,7
7,1,2023-08-15T20:30:03.093Z,124,1
28,30,2023-08-15T20:30:03.093Z,733,10
1,0,2023-08-15T20:30:13.093Z,613,7
7,6,2023-08-15T20:30:13.093Z,257,1
13,14,2023-08-15T20:30:13.093Z,399,13
21,22,2023-08-15T20:30:13.093Z,268,9
29,27,2023-08-15T20:30:13.093Z,418,11
32,21,2023-08-15T20:30:13.093Z,5,6
3,5,2023-08-15T20:30:23.093Z,526,2
27,31,2023-08-15T20:30:23.093Z,359,5
8,5,2023-08-15T20:30:33.093Z,998,2
19,0,2023-08-15T20:30:33.093Z,835,7
3,5,2023-08-15T20:30:13.093Z,851,2
20,26,2023-08-15T20:30:13.093Z,581,4
34,33,2023-08-15T20:30:13.093Z,812,7
15,4,2023-08-15T20:30:23.093Z,703,3
20,26,2023-08-15T20:30:23.093Z,6,4
29,27,2023-08-15T20:30:23.093Z,635,11
5,17,2023-08-15T20:30:33.093Z,526,3
21,16,2023-08-15T20:30:33.093Z,431,9
33,21,2023-08-15T20:30:33.093Z,815,6
27,34,2023-08-15T20:29:03.093Z,27,5
35,30,2023-08-15T20:29:03.093Z,637,10
15,20,2023-08-15T20:29:13.093Z,6,3
29,27,2023-08-15T20:29:13.093Z,822,11
35,30,2023-08-15T20:29:13.093Z,664,10
15,4,2023-08-15T20:29:23.093Z,851,3
30,32,2023-08-15T20:29:23.093Z,664,12
5,19,2023-08-15T20:29:33.093Z,987,3
31,32,2023-08-15T20:29:33.093Z,24,12
5,20,2023-08-15T20:29:43.093Z,698,3
17,16,2023-08-15T20:29:43.093Z,636,9
34,33,2023-08-15T20:29:43.093Z,266,7
10,2,2023-08-15T20:29:53.093Z,526,2
21,16,2023-08-15T20:29:53.093Z,469,9
31,32,2023-08-15T20:29:53.093Z,202,12
1,18,2023-08-15T20:30:03.093Z,938,7
15,13,2023-08-15T20:30:03.093Z,543,3
32,34,2023-08-15T20:30:03.093Z,679,6
5,19,2023-08-15T20:30:13.093Z,976,3
9,8,2023-08-15T20:30:13.093Z,998,13
15,17,2023-08-15T20:30:13.093Z,982,3
26,27,2023-08-15T20:30:13.093Z,104,11
31,32,2023-08-15T20:30:13.093Z,713,12
0,3,2023-08-15T20:30:23.093Z,294,1
13,14,2023-08-15T20:30:23.093Z,231,13
33,28,2023-08-15T20:30:23.093Z,305,6
16,20,2023-08-15T20:30:33.093Z,469,3
20,26,2023-08-15T20:30:33.093Z,898,4
7,1,2023-08-15T20:30:43.093Z,472,1
20,26,2023-08-15T20:30:43.093Z,698,4
33,25,2023-08-15T20:30:43.093Z,836,6
10,9,2023-08-15T20:30:53.093Z,257,2
19,0,2023-08-15T20:30:53.093Z,381,7
32,34,2023-08-15T20:30:53.093Z,738,6
33,28,2023-08-15T20:30:53.093Z,251,6
27,34,2023-08-15T20:31:03.093Z,707,5
6,10,2023-08-15T20:31:13.093Z,613,8
10,9,2023-08-15T20:31:13.093Z,74,2
13,14,2023-08-15T20:31:13.093Z,28,13
18,4,2023-08-15T20:31:13.093Z,308,3
31,32,2023-08-15T20:31:13.093Z,373,12
32,21,2023-08-15T20:31:13.093Z,627,6
33,21,2023-08-15T20:31:13.093Z,266,6
8,2,2023-08-15T20:31:23.093Z,257,2
17,23,2023-08-15T20:31:23.093Z,399,9
22,25,2023-08-15T20:31:23.093Z,689,6
32,21,2023-08-15T20:31:23.093Z,339,6
7,1,2023-08-15T20:31:33.093Z,431,1
9,14,2023-08-15T20:31:33.093Z,74,13
3,9,2023-08-15T20:31:43.093Z,835,2
17,22,2023-08-15T20:31:43.093Z,998,9
27,34,2023-08-15T20:31:43.093Z,309,5
4,9,2023-08-15T20:30:43.093Z,703,2
14,17,2023-08-15T20:30:43.093Z,399,3
31,32,2023-08-15T20:30:43.093Z,969,12
6,10,2023-08-15T20:30:53.093Z,870,8
14,12,2023-08-15T20:30:53.093Z,231,3
17,16,2023-08-15T20:30:53.093Z,526,9
27,34,2023-08-15T20:30:53.093Z,655,5
34,18,2023-08-15T20:30:53.093Z,308,7
1,0,2023-08-15T20:31:03.093Z,717,7
10,9,2023-08-15T20:31:03.093Z,870,2
11,10,2023-08-15T20:31:03.093Z,74,8
13,8,2023-08-15T20:31:03.093Z,938,13
34,33,2023-08-15T20:31:03.093Z,640,7
0,3,2023-08-15T20:31:13.093Z,835,1
9,8,2023-08-15T20:31:13.093Z,257,13
12,10,2023-08-15T20:31:13.093Z,231,8
16,13,2023-08-15T20:31:13.093Z,526,3
29,27,2023-08-15T20:31:13.093Z,97,11
34,33,2023-08-15T20:31:13.093Z,45,7
9,14,2023-08-15T20:31:23.093Z,870,13
24,35,2023-08-15T20:31:23.093Z,836,4
34,33,2023-08-15T20:31:23.093Z,771,7
23,15,2023-08-15T20:31:33.093Z,399,14
10,5,2023-08-15T20:31:43.093Z,231,2
19,18,2023-08-15T20:31:43.093Z,471,7
33,21,2023-08-15T20:31:43.093Z,812,6
34,18,2023-08-15T20:31:43.093Z,672,7
9,14,2023-08-15T20:31:53.093Z,294,13
14,19,2023-08-15T20:31:53.093Z,28,3
28,29,2023-08-15T20:31:53.093Z,268,10
14,17,2023-08-15T20:32:03.093Z,870,3
21,16,2023-08-15T20:32:03.093Z,339,9
32,21,2023-08-15T20:32:03.093Z,664,6
34,33,2023-08-15T20:32:03.093Z,972,7
17,23,2023-08-15T20:32:13.093Z,993,9
22,34,2023-08-15T20:32:13.093Z,368,6
0,6,2023-08-15T20:30:43.093Z,870,1
13,8,2023-08-15T20:30:43.093Z,74,13
30,32,2023-08-15T20:30:43.093Z,305,12
0,6,2023-08-15T20:30:53.093Z,613,1
13,8,2023-08-15T20:30:53.093Z,543,13
18,17,2023-08-15T20:30:53.093Z,676,3
31,32,2023-08-15T20:30:53.093Z,315,12
5,17,2023-08-15T20:31:03.093Z,998,3
16,12,2023-08-15T20:31:03.093Z,431,3
32,25,2023-08-15T20:31:03.093Z,468,6
21,16,2023-08-15T20:31:13.093Z,815,9
35,29,2023-08-15T20:31:13.093Z,351,10
12,7,2023-08-15T20:31:23.093Z,431,8
29,27,2023-08-15T20:31:23.093Z,353,11
35,29,2023-08-15T20:31:23.093Z,525,10
3,9,2023-08-15T20:31:33.093Z,294,2
21,16,2023-08-15T20:31:33.093Z,414,9
29,27,2023-08-15T20:31:33.093Z,800,11
0,6,2023-08-15T20:31:43.093Z,717,1
14,13,2023-08-15T20:31:43.093Z,703,3
22,28,2023-08-15T20:31:43.093Z,268,6
31,32,2023-08-15T20:31:43.093Z,438,12
6,10,2023-08-15T20:31:53.093Z,381,8
19,18,2023-08-15T20:31:53.093Z,504,7
23,15,2023-08-15T20:31:53.093Z,627,14
6,10,2023-08-15T20:32:03.093Z,717,8
18,4,2023-08-15T20:32:03.093Z,471,3
27,31,2023-08-15T20:32:03.093Z,84,5
6,7,2023-08-15T20:32:13.093Z,59,8
11,7,2023-08-15T20:32:13.093Z,977,8
25,15,2023-08-15T20:32:13.093Z,689,14
34,18,2023-08-15T20:32:13.093Z,727,7
27,34,2023-08-15T20:31:53.093Z,41,5
10,11,2023-08-15T20:32:03.093Z,977,2
23,15,2023-08-15T20:32:03.093Z,266,14
33,21,2023-08-15T20:32:03.093Z,640,6
9,8,2023-08-15T20:32:13.093Z,835,13
21,23,2023-08-15T20:32:13.093Z,637,9
27,34,2023-08-15T20:32:13.093Z,974,5
6,10,2023-08-15T20:30:43.093Z,257,8
18,13,2023-08-15T20:30:43.093Z,938,3
32,34,2023-08-15T20:30:43.093Z,370,6
8,11,2023-08-15T20:30:53.093Z,74,2
16,13,2023-08-15T20:30:53.093Z,28,3
21,16,2023-08-15T20:30:53.093Z,5,9
2,1,2023-08-15T20:31:03.093Z,217,1
9,14,2023-08-15T20:31:03.093Z,703,13
21,16,2023-08-15T20:31:03.093Z,993,9
33,21,2023-08-15T20:31:03.093Z,414,6
25,24,2023-08-15T20:31:13.093Z,836,14
0,6,2023-08-15T20:31:23.093Z,381,1
16,13,2023-08-15T20:31:23.093Z,5,3
31,32,2023-08-15T20:31:23.093Z,359,12
1,0,2023-08-15T20:31:33.093Z,59,7
16,17,2023-08-15T20:31:33.093Z,993,3
27,31,2023-08-15T20:31:33.093Z,438,5
32,21,2023-08-15T20:31:33.093Z,637,6
13,14,2023-08-15T20:31:43.093Z,526,13
21,23,2023-08-15T20:31:43.093Z,627,9
29,27,2023-08-15T20:31:43.093Z,96,11
2,1,2023-08-15T20:31:53.093Z,257,1
17,22,2023-08-15T20:31:53.093Z,368,9
21,23,2023-08-15T20:31:53.093Z,266,9
0,6,2023-08-15T20:32:03.093Z,59,1
17,22,2023-08-15T20:32:03.093Z,982,9
25,15,2023-08-15T20:32:03.093Z,468,14
5,19,2023-08-15T20:32:13.093Z,231,3
8,5,2023-08-15T20:32:13.093Z,543,2
18,17,2023-08-15T20:32:13.093Z,672,3
29,27,2023-08-15T20:32:13.093Z,900,11
35,29,2023-08-15T20:32:13.093Z,464,10
16,20,2023-08-15T20:32:23.093Z,61,3
23,15,2023-08-15T20:32:23.093Z,551,14
27,34,2023-08-15T20:32:23.093Z,174,5
32,21,2023-08-15T20:32:23.093Z,24,6
29,27,2023-08-15T20:32:33.093Z,100,11
34,33,2023-08-15T20:32:33.093Z,518,7
1,18,2023-08-15T20:32:43.093Z,878,7
21,22,2023-08-15T20:32:43.093Z,664,9
31,32,2023-08-15T20:32:43.093Z,84,12
34,18,2023-08-15T20:32:53.093Z,188,7
20,35,2023-08-15T20:33:13.093Z,526,4
22,25,2023-08-15T20:33:13.093Z,982,6
29,27,2023-08-15T20:33:13.093Z,729,11
30,32,2023-08-15T20:33:13.093Z,281,12
32,21,2023-08-15T20:33:13.093Z,713,6
15,13,2023-08-15T20:33:23.093Z,627,3
35,29,2023-08-15T20:33:23.093Z,439,10
5,13,2023-08-15T20:33:33.093Z,67,3
22,28,2023-08-15T20:33:33.093Z,640,6
7,3,2023-08-15T20:32:23.093Z,59,1
3,11,2023-08-15T20:32:33.093Z,59,2
5,12,2023-08-15T20:32:33.093Z,543,3
8,5,2023-08-15T20:32:33.093Z,835,2
14,20,2023-08-15T20:32:33.093Z,526,3
21,23,2023-08-15T20:32:33.093Z,812,9
33,21,2023-08-15T20:32:33.093Z,45,6
9,8,2023-08-15T20:32:43.093Z,471,13
34,33,2023-08-15T20:32:43.093Z,548,7
9,14,2023-08-15T20:32:53.093Z,5,13
13,8,2023-08-15T20:32:53.093Z,662,13
21,22,2023-08-15T20:32:53.093Z,640,9
27,34,2023-08-15T20:32:53.093Z,918,5
32,21,2023-08-15T20:32:53.093Z,292,6
12,10,2023-08-15T20:33:03.093Z,543,8
20,26,2023-08-15T20:33:03.093Z,61,4
32,21,2023-08-15T20:33:03.093Z,733,6
8,5,2023-08-15T20:33:13.093Z,662,2
34,0,2023-08-15T20:33:13.093Z,947,7
35,29,2023-08-15T20:33:13.093Z,519,10
10,2,2023-08-15T20:33:23.093Z,543,2
22,34,2023-08-15T20:33:23.093Z,664,6
1,18,2023-08-15T20:33:33.093Z,198,7
15,17,2023-08-15T20:33:33.093Z,266,3
0,3,2023-08-15T20:33:43.093Z,947,1
28,29,2023-08-15T20:33:43.093Z,640,10
3,9,2023-08-15T20:33:53.093Z,947,2
17,22,2023-08-15T20:33:53.093Z,266,9
27,34,2023-08-15T20:33:53.093Z,705,5
35,29,2023-08-15T20:33:53.093Z,568,10
17,16,2023-08-15T20:32:23.093Z,870,9
29,27,2023-08-15T20:32:23.093Z,552,11
4,9,2023-08-15T20:32:33.093Z,471,2
13,8,2023-08-15T20:32:33.093Z,5,13
23,15,2023-08-15T20:32:33.093Z,993,14
35,30,2023-08-15T20:32:33.093Z,571,10
8,9,2023-08-15T20:32:43.093Z,5,2
16,20,2023-08-15T20:32:43.093Z,870,3
23,15,2023-08-15T20:32:43.093Z,637,14
4,5,2023-08-15T20:32:53.093Z,308,2
5,12,2023-08-15T20:33:03.093Z,835,3
21,22,2023-08-15T20:33:03.093Z,24,9
33,21,2023-08-15T20:33:03.093Z,771,6
24,26,2023-08-15T20:33:13.093Z,812,4
27,31,2023-08-15T20:33:13.093Z,366,5
29,27,2023-08-15T20:33:23.093Z,639,11
32,21,2023-08-15T20:33:33.093Z,446,6
5,19,2023-08-15T20:33:43.093Z,308,3
15,4,2023-08-15T20:33:43.093Z,468,3
27,31,2023-08-15T20:33:43.093Z,352,5
5,17,2023-08-15T20:33:53.093Z,703,3
31,32,2023-08-15T20:33:53.093Z,366,12
25,15,2023-08-15T20:33:33.093Z,982,14
20,35,2023-08-15T20:33:43.093Z,870,4
2,1,2023-08-15T20:33:53.093Z,543,1
8,11,2023-08-15T20:33:53.093Z,627,2
18,13,2023-08-15T20:33:53.093Z,504,3
29,27,2023-08-15T20:33:53.093Z,252,11
10,2,2023-08-15T20:32:23.093Z,717,2
26,27,2023-08-15T20:32:23.093Z,296,11
34,18,2023-08-15T20:32:23.093Z,182,7
7,1,2023-08-15T20:32:33.093Z,977,1
16,17,2023-08-15T20:32:33.093Z,339,3
32,34,2023-08-15T20:32:33.093Z,202,6
4,5,2023-08-15T20:32:43.093Z,67,2
13,8,2023-08-15T20:32:43.093Z,703,13
19,18,2023-08-15T20:32:43.093Z,201,7
30,32,2023-08-15T20:32:43.093Z,571,12
23,24,2023-08-15T20:32:53.093Z,812,14
8,5,2023-08-15T20:33:03.093Z,703,2
27,34,2023-08-15T20:33:03.093Z,482,5
34,33,2023-08-15T20:33:03.093Z,214,7
26,27,2023-08-15T20:33:13.093Z,173,11
27,34,2023-08-15T20:33:23.093Z,755,5
27,31,2023-08-15T20:33:33.093Z,580,5
35,30,2023-08-15T20:33:33.093Z,87,10
13,8,2023-08-15T20:33:43.093Z,627,13
26,27,2023-08-15T20:33:43.093Z,247,11
30,32,2023-08-15T20:33:43.093Z,87,12
26,27,2023-08-15T20:33:53.093Z,828,11
33,25,2023-08-15T20:33:53.093Z,972,6
32,25,2023-08-15T20:33:53.093Z,969,6
9,8,2023-08-15T20:34:03.093Z,947,13
15,12,2023-08-15T20:34:03.093Z,551,3
18,20,2023-08-15T20:34:03.093Z,727,3
23,15,2023-08-15T20:34:03.093Z,923,14
33,28,2023-08-15T20:34:03.093Z,518,6
34,0,2023-08-15T20:34:03.093Z,301,7
8,5,2023-08-15T20:34:13.093Z,947,2
17,22,2023-08-15T20:34:13.093Z,703,9
19,33,2023-08-15T20:34:13.093Z,651,7
26,27,2023-08-15T20:34:13.093Z,18,11
28,30,2023-08-15T20:34:13.093Z,518,10
32,21,2023-08-15T20:34:13.093Z,315,6
4,11,2023-08-15T20:34:23.093Z,182,2
8,11,2023-08-15T20:34:23.093Z,471,2
5,17,2023-08-15T20:34:13.093Z,662,3
13,8,2023-08-15T20:34:13.093Z,67,13
18,4,2023-08-15T20:34:13.093Z,182,3
21,23,2023-08-15T20:34:13.093Z,45,9
27,31,2023-08-15T20:34:13.093Z,154,5
29,27,2023-08-15T20:34:13.093Z,350,11
35,30,2023-08-15T20:34:13.093Z,454,10
0,6,2023-08-15T20:34:23.093Z,301,1
11,7,2023-08-15T20:34:23.093Z,627,8
14,13,2023-08-15T20:34:23.093Z,294,3
17,22,2023-08-15T20:34:23.093Z,676,9
19,33,2023-08-15T20:34:23.093Z,873,7
7,6,2023-08-15T20:34:33.093Z,627,1
18,4,2023-08-15T20:34:33.093Z,201,3
29,27,2023-08-15T20:34:33.093Z,427,11
26,27,2023-08-15T20:34:43.093Z,554,11
32,25,2023-08-15T20:34:43.093Z,438,6
4,9,2023-08-15T20:34:53.093Z,201,2
19,18,2023-08-15T20:34:53.093Z,162,7
32,21,2023-08-15T20:34:53.093Z,571,6
32,34,2023-08-15T20:34:23.093Z,373,6
8,11,2023-08-15T20:34:33.093Z,67,2
6,10,2023-08-15T20:35:03.093Z,627,8
25,15,2023-08-15T20:34:33.093Z,972,14
26,27,2023-08-15T20:34:33.093Z,92,11
27,31,2023-08-15T20:34:33.093Z,762,5
32,21,2023-08-15T20:34:33.093Z,359,6
0,6,2023-08-15T20:35:13.093Z,447,1
34,18,2023-08-15T20:35:13.093Z,474,7
27,31,2023-08-15T20:34:43.093Z,452,5
0,6,2023-08-15T20:35:23.093Z,461,1
29,27,2023-08-15T20:34:43.093Z,529,11
34,0,2023-08-15T20:34:43.093Z,447,7
6,7,2023-08-15T20:34:53.093Z,301,8
11,7,2023-08-15T20:34:53.093Z,471,8
13,8,2023-08-15T20:34:53.093Z,504,13
16,4,2023-08-15T20:34:53.093Z,292,3
15,12,2023-08-15T20:34:23.093Z,993,3
18,12,2023-08-15T20:34:23.093Z,878,3
22,28,2023-08-15T20:34:23.093Z,24,6
11,7,2023-08-15T20:34:33.093Z,182,8
23,15,2023-08-15T20:34:33.093Z,45,14
7,6,2023-08-15T20:34:43.093Z,182,1
31,32,2023-08-15T20:34:43.093Z,580,12
35,29,2023-08-15T20:34:43.093Z,215,10
12,10,2023-08-15T20:34:53.093Z,551,8
27,31,2023-08-15T20:34:53.093Z,349,5
21,16,2023-08-15T20:34:23.093Z,292,9
30,32,2023-08-15T20:34:23.093Z,518,12
5,20,2023-08-15T20:34:33.093Z,947,3
34,0,2023-08-15T20:34:53.093Z,461,7
14,13,2023-08-15T20:34:33.093Z,26,3
21,16,2023-08-15T20:34:33.093Z,733,9
11,7,2023-08-15T20:35:03.093Z,67,8
30,32,2023-08-15T20:34:33.093Z,454,12
22,25,2023-08-15T20:35:03.093Z,676,6
17,16,2023-08-15T20:34:43.093Z,662,9
18,17,2023-08-15T20:34:43.093Z,188,3
34,0,2023-08-15T20:35:03.093Z,49,7
4,9,2023-08-15T20:35:13.093Z,292,2
11,7,2023-08-15T20:35:13.093Z,837,8
20,35,2023-08-15T20:35:13.093Z,198,4
21,16,2023-08-15T20:34:43.093Z,771,9
21,22,2023-08-15T20:35:13.093Z,446,9
27,34,2023-08-15T20:35:13.093Z,458,5
32,25,2023-08-15T20:35:13.093Z,84,6
34,33,2023-08-15T20:35:23.093Z,914,7
21,16,2023-08-15T20:35:33.093Z,359,9
26,27,2023-08-15T20:35:33.093Z,732,11
34,18,2023-08-15T20:35:33.093Z,417,7
21,16,2023-08-15T20:34:53.093Z,725,9
29,27,2023-08-15T20:34:53.093Z,303,11
12,7,2023-08-15T20:35:03.093Z,993,8
21,16,2023-08-15T20:35:03.093Z,713,9
10,5,2023-08-15T20:35:13.093Z,551,2
10,9,2023-08-15T20:35:33.093Z,182,2
18,20,2023-08-15T20:34:53.093Z,198,3
25,15,2023-08-15T20:35:33.093Z,676,14
29,27,2023-08-15T20:35:33.093Z,434,11
35,29,2023-08-15T20:35:33.093Z,824,10
25,15,2023-08-15T20:34:53.093Z,438,14
9,14,2023-08-15T20:35:03.093Z,201,13
20,26,2023-08-15T20:35:03.093Z,947,4
6,10,2023-08-15T20:35:13.093Z,182,8
9,8,2023-08-15T20:35:23.093Z,292,13
10,2,2023-08-15T20:35:23.093Z,627,2
15,12,2023-08-15T20:35:23.093Z,982,3
17,22,2023-08-15T20:35:23.093Z,188,9
21,22,2023-08-15T20:35:23.093Z,315,9
27,34,2023-08-15T20:35:23.093Z,995,5
32,25,2023-08-15T20:35:23.093Z,494,6
2,3,2023-08-15T20:35:33.093Z,627,1
7,3,2023-08-15T20:35:33.093Z,301,1
18,12,2023-08-15T20:35:33.093Z,162,3
22,34,2023-08-15T20:35:33.093Z,446,6
27,34,2023-08-15T20:35:33.093Z,187,5
31,32,2023-08-15T20:35:33.093Z,352,12
9,8,2023-08-15T20:35:43.093Z,182,13
18,20,2023-08-15T20:35:43.093Z,474,3
29,27,2023-08-15T20:35:43.093Z,702,11
10,9,2023-08-15T20:35:53.093Z,461,2
18,17,2023-08-15T20:35:53.093Z,417,3
31,32,2023-08-15T20:35:53.093Z,762,12
3,5,2023-08-15T20:36:03.093Z,301,2
29,27,2023-08-15T20:36:03.093Z,3,11
1,0,2023-08-15T20:36:13.093Z,257,7
22,34,2023-08-15T20:36:13.093Z,315,6
32,25,2023-08-15T20:36:13.093Z,518,6
2,1,2023-08-15T20:36:23.093Z,500,1
17,16,2023-08-15T20:36:23.093Z,417,9
31,32,2023-08-15T20:36:23.093Z,123,12
3,9,2023-08-15T20:36:33.093Z,49,2
10,5,2023-08-15T20:36:33.093Z,613,2
31,32,2023-08-15T20:36:33.093Z,804,12
11,7,2023-08-15T20:36:43.093Z,461,8
6,10,2023-08-15T20:35:43.093Z,461,8
25,15,2023-08-15T20:35:43.093Z,84,14
32,21,2023-08-15T20:35:43.093Z,281,6
7,1,2023-08-15T20:35:53.093Z,67,1
25,15,2023-08-15T20:35:53.093Z,494,14
35,29,2023-08-15T20:35:53.093Z,526,10
12,10,2023-08-15T20:36:03.093Z,162,8
32,34,2023-08-15T20:36:03.093Z,366,6
9,8,2023-08-15T20:36:13.093Z,461,13
27,31,2023-08-15T20:36:13.093Z,313,5
35,29,2023-08-15T20:36:13.093Z,145,10
7,1,2023-08-15T20:36:23.093Z,837,1
27,31,2023-08-15T20:36:23.093Z,110,5
34,33,2023-08-15T20:36:23.093Z,971,7
7,1,2023-08-15T20:36:33.093Z,982,1
27,31,2023-08-15T20:36:33.093Z,273,5
33,25,2023-08-15T20:36:33.093Z,214,6
24,35,2023-08-15T20:36:43.093Z,518,4
30,32,2023-08-15T20:36:43.093Z,198,12
0,6,2023-08-15T20:36:53.093Z,257,1
26,27,2023-08-15T20:36:53.093Z,524,11
33,28,2023-08-15T20:36:53.093Z,873,6
9,8,2023-08-15T20:37:03.093Z,49,13
17,22,2023-08-15T20:37:03.093Z,733,9
33,25,2023-08-15T20:37:03.093Z,914,6
12,7,2023-08-15T20:37:13.093Z,265,8
31,32,2023-08-15T20:37:13.093Z,273,12
15,19,2023-08-15T20:35:43.093Z,923,3
32,21,2023-08-15T20:36:43.093Z,580,6
20,35,2023-08-15T20:36:53.093Z,474,4
27,31,2023-08-15T20:36:53.093Z,715,5
8,5,2023-08-15T20:37:03.093Z,796,2
12,7,2023-08-15T20:37:03.093Z,662,8
27,31,2023-08-15T20:37:03.093Z,889,5
2,3,2023-08-15T20:37:13.093Z,26,1
29,27,2023-08-15T20:37:13.093Z,268,11
7,1,2023-08-15T20:35:43.093Z,471,1
21,23,2023-08-15T20:35:43.093Z,571,9
27,31,2023-08-15T20:35:43.093Z,123,5
31,32,2023-08-15T20:35:43.093Z,154,12
34,33,2023-08-15T20:35:43.093Z,706,7
8,5,2023-08-15T20:35:53.093Z,182,2
12,7,2023-08-15T20:35:53.093Z,982,8
23,15,2023-08-15T20:35:53.093Z,571,14
27,34,2023-08-15T20:35:53.093Z,457,5
32,34,2023-08-15T20:35:53.093Z,87,6
1,0,2023-08-15T20:36:03.093Z,287,7
7,1,2023-08-15T20:36:03.093Z,993,1
27,31,2023-08-15T20:36:03.093Z,804,5
31,32,2023-08-15T20:36:03.093Z,452,12
35,30,2023-08-15T20:36:03.093Z,870,10
5,20,2023-08-15T20:36:13.093Z,551,3
13,8,2023-08-15T20:36:13.093Z,26,13
26,27,2023-08-15T20:36:13.093Z,871,11
29,27,2023-08-15T20:36:13.093Z,805,11
34,0,2023-08-15T20:36:13.093Z,894,7
0,3,2023-08-15T20:36:23.093Z,49,1
5,17,2023-08-15T20:36:23.093Z,182,3
16,17,2023-08-15T20:36:23.093Z,733,3
26,27,2023-08-15T20:36:23.093Z,842,11
29,27,2023-08-15T20:36:23.093Z,351,11
33,28,2023-08-15T20:36:23.093Z,548,6
35,30,2023-08-15T20:36:23.093Z,198,10
5,17,2023-08-15T20:36:33.093Z,301,3
8,11,2023-08-15T20:36:33.093Z,461,2
25,24,2023-08-15T20:36:33.093Z,518,14
30,30,2023-08-15T20:36:33.093Z,198,12
32,21,2023-08-15T20:36:33.093Z,454,6
0,3,2023-08-15T20:36:43.093Z,287,1
16,12,2023-08-15T20:36:43.093Z,662,3
27,31,2023-08-15T20:36:43.093Z,747,5
31,32,2023-08-15T20:36:43.093Z,313,12
33,25,2023-08-15T20:36:43.093Z,651,6
8,2,2023-08-15T20:36:53.093Z,26,2
21,16,2023-08-15T20:36:53.093Z,281,9
29,27,2023-08-15T20:36:53.093Z,525,11
31,32,2023-08-15T20:36:53.093Z,110,12
32,28,2023-08-15T20:36:53.093Z,352,6
0,6,2023-08-15T20:37:03.093Z,894,1
5,13,2023-08-15T20:37:03.093Z,613,3
14,4,2023-08-15T20:37:03.093Z,74,3
16,20,2023-08-15T20:37:03.093Z,725,3
32,28,2023-08-15T20:37:03.093Z,154,6
5,13,2023-08-15T20:37:13.093Z,796,3
8,11,2023-08-15T20:37:13.093Z,49,2
21,22,2023-08-15T20:37:13.093Z,454,9
28,29,2023-08-15T20:37:13.093Z,548,10
32,34,2023-08-15T20:37:13.093Z,762,6
6,10,2023-08-15T20:37:23.093Z,257,8
7,3,2023-08-15T20:37:23.093Z,461,1
11,10,2023-08-15T20:37:23.093Z,49,8
19,18,2023-08-15T20:37:23.093Z,442,7
21,16,2023-08-15T20:37:23.093Z,580,9
28,30,2023-08-15T20:37:23.093Z,352,10
29,27,2023-08-15T20:37:23.093Z,464,11
31,32,2023-08-15T20:37:23.093Z,747,12
32,25,2023-08-15T20:37:23.093Z,452,6
34,18,2023-08-15T20:37:23.093Z,865,7
3,5,2023-08-15T20:37:33.093Z,26,2
4,5,2023-08-15T20:37:33.093Z,74,2
7,1,2023-08-15T20:37:33.093Z,662,1
8,2,2023-08-15T20:37:33.093Z,504,2
10,2,2023-08-15T20:37:33.093Z,257,2
13,14,2023-08-15T20:37:33.093Z,613,13
16,19,2023-08-15T20:37:33.093Z,359,3
25,15,2023-08-15T20:37:33.093Z,214,14
27,34,2023-08-15T20:37:33.093Z,926,5
32,34,2023-08-15T20:37:33.093Z,123,6
3,5,2023-08-15T20:37:43.093Z,461,2
5,19,2023-08-15T20:37:43.093Z,26,3
6,10,2023-08-15T20:37:43.093Z,894,8
12,7,2023-08-15T20:37:43.093Z,522,8
13,14,2023-08-15T20:37:43.093Z,796,13
17,16,2023-08-15T20:37:43.093Z,301,9
18,20,2023-08-15T20:37:43.093Z,442,3
25,24,2023-08-15T20:37:43.093Z,651,14
30,32,2023-08-15T20:37:43.093Z,870,12
1,0,2023-08-15T20:37:53.093Z,159,7
2,1,2023-08-15T20:37:53.093Z,504,1
5,19,2023-08-15T20:37:53.093Z,74,3
6,7,2023-08-15T20:37:53.093Z,816,8
7,1,2023-08-15T20:37:53.093Z,265,1
8,5,2023-08-15T20:37:53.093Z,619,2
10,5,2023-08-15T20:37:53.093Z,49,2
14,17,2023-08-15T20:37:53.093Z,613,3
16,20,2023-08-15T20:37:53.093Z,281,3
18,4,2023-08-15T20:37:53.093Z,865,3
19,0,2023-08-15T20:37:53.093Z,157,7
24,26,2023-08-15T20:37:53.093Z,651,4
27,34,2023-08-15T20:37:53.093Z,507,5
31,32,2023-08-15T20:37:53.093Z,889,12
32,25,2023-08-15T20:37:53.093Z,198,6
34,18,2023-08-15T20:37:53.093Z,114,7
1,0,2023-08-15T20:38:03.093Z,362,7
2,3,2023-08-15T20:38:03.093Z,257,1
4,5,2023-08-15T20:38:03.093Z,865,2
7,1,2023-08-15T20:38:03.093Z,522,1
10,9,2023-08-15T20:38:03.093Z,894,2
22,34,2023-08-15T20:38:03.093Z,733,6
25,15,2023-08-15T20:38:03.093Z,914,14
26,27,2023-08-15T20:38:03.093Z,614,11
27,31,2023-08-15T20:38:03.093Z,155,5
28,29,2023-08-15T20:38:03.093Z,873,10
29,27,2023-08-15T20:38:03.093Z,23,11
32,21,2023-08-15T20:38:03.093Z,313,6
34,18,2023-08-15T20:38:03.093Z,779,7
3,11,2023-08-15T20:38:13.093Z,257,2
5,12,2023-08-15T20:38:13.093Z,619,3
9,8,2023-08-15T20:38:13.093Z,894,13
17,22,2023-08-15T20:38:13.093Z,613,9
27,31,2023-08-15T20:38:13.093Z,69,5
28,29,2023-08-15T20:38:13.093Z,685,10
29,27,2023-08-15T20:38:13.093Z,519,11
32,21,2023-08-15T20:38:13.093Z,110,6
33,21,2023-08-15T20:38:13.093Z,706,6
0,6,2023-08-15T20:38:23.093Z,159,1
5,17,2023-08-15T20:38:23.093Z,49,3
7,1,2023-08-15T20:38:23.093Z,816,1
8,5,2023-08-15T20:38:23.093Z,894,2
14,19,2023-08-15T20:38:23.093Z,796,3
15,13,2023-08-15T20:38:23.093Z,45,3
16,12,2023-08-15T20:38:23.093Z,301,3
27,34,2023-08-15T20:38:23.093Z,413,5
28,30,2023-08-15T20:38:23.093Z,154,10
32,21,2023-08-15T20:38:23.093Z,273,6
1,33,2023-08-15T20:38:33.093Z,682,7
5,20,2023-08-15T20:38:33.093Z,865,3
6,10,2023-08-15T20:38:33.093Z,159,8
12,7,2023-08-15T20:38:33.093Z,619,8
18,17,2023-08-15T20:38:33.093Z,114,3
21,16,2023-08-15T20:38:33.093Z,313,9
22,34,2023-08-15T20:38:33.093Z,454,6
25,15,2023-08-15T20:38:33.093Z,452,14
27,34,2023-08-15T20:38:33.093Z,385,5
29,27,2023-08-15T20:38:33.093Z,439,11
31,32,2023-08-15T20:38:33.093Z,155,12
32,28,2023-08-15T20:38:33.093Z,747,6
5,4,2023-08-15T20:38:43.093Z,894,3
7,1,2023-08-15T20:38:43.093Z,619,1
15,17,2023-08-15T20:38:43.093Z,438,3
18,17,2023-08-15T20:38:43.093Z,779,3
21,23,2023-08-15T20:38:43.093Z,110,9
22,34,2023-08-15T20:38:43.093Z,613,6
25,15,2023-08-15T20:38:43.093Z,198,14
27,31,2023-08-15T20:38:43.093Z,487,5
32,21,2023-08-15T20:38:43.093Z,870,6
0,3,2023-08-15T20:38:53.093Z,157,1
1,0,2023-08-15T20:38:53.093Z,432,7
10,11,2023-08-15T20:38:53.093Z,159,2
12,10,2023-08-15T20:38:53.093Z,301,8
15,12,2023-08-15T20:38:53.093Z,676,3
21,22,2023-08-15T20:38:53.093Z,706,9
26,27,2023-08-15T20:38:53.093Z,785,11
27,31,2023-08-15T20:38:53.093Z,144,5
29,27,2023-08-15T20:38:53.093Z,640,11
32,21,2023-08-15T20:38:53.093Z,889,6
34,18,2023-08-15T20:38:53.093Z,236,7
0,6,2023-08-15T20:39:03.093Z,362,1
10,9,2023-08-15T20:39:03.093Z,301,2
11,7,2023-08-15T20:39:03.093Z,159,8
20,35,2023-08-15T20:39:03.093Z,551,4
21,22,2023-08-15T20:39:03.093Z,273,9
23,15,2023-08-15T20:39:03.093Z,633,14
26,27,2023-08-15T20:39:03.093Z,909,11
29,27,2023-08-15T20:39:03.093Z,568,11
32,28,2023-08-15T20:39:03.093Z,155,6
33,25,2023-08-15T20:39:03.093Z,971,6
34,33,2023-08-15T20:39:03.093Z,484,7
0,3,2023-08-15T20:39:13.093Z,432,1
7,3,2023-08-15T20:39:13.093Z,159,1
9,14,2023-08-15T20:39:13.093Z,301,13
15,13,2023-08-15T20:39:13.093Z,571,3
16,4,2023-08-15T20:39:13.093Z,313,3
18,4,2023-08-15T20:39:13.093Z,236,3
20,26,2023-08-15T20:39:13.093Z,725,4
21,22,2023-08-15T20:39:13.093Z,870,9
27,31,2023-08-15T20:39:13.093Z,333,5
33,25,2023-08-15T20:39:13.093Z,682,6
34,18,2023-08-15T20:39:13.093Z,386,7
2,1,2023-08-15T20:39:23.093Z,717,1
4,2,2023-08-15T20:39:23.093Z,313,2
6,7,2023-08-15T20:39:23.093Z,362,8
11,7,2023-08-15T20:39:23.093Z,238,8
12,7,2023-08-15T20:39:23.093Z,676,8
15,17,2023-08-15T20:39:23.093Z,494,3
21,23,2023-08-15T20:39:23.093Z,889,9
31,32,2023-08-15T20:39:23.093Z,487,12
34,33,2023-08-15T20:39:23.093Z,109,7
4,11,2023-08-15T20:39:33.093Z,236,2
15,12,2023-08-15T20:39:33.093Z,638,3
17,22,2023-08-15T20:39:33.093Z,114,9
18,4,2023-08-15T20:39:33.093Z,386,3
23,15,2023-08-15T20:39:33.093Z,889,14
25,15,2023-08-15T20:39:33.093Z,971,14
26,27,2023-08-15T20:39:33.093Z,847,11
29,27,2023-08-15T20:39:33.093Z,215,11
31,32,2023-08-15T20:39:33.093Z,144,12
34,33,2023-08-15T20:39:33.093Z,391,7
35,29,2023-08-15T20:39:33.093Z,551,10
15,4,2023-08-15T20:39:43.093Z,214,3
17,16,2023-08-15T20:39:43.093Z,438,9
25,15,2023-08-15T20:39:43.093Z,682,14
27,34,2023-08-15T20:39:43.093Z,274,5
29,27,2023-08-15T20:39:43.093Z,824,11
32,34,2023-08-15T20:39:43.093Z,487,6
34,0,2023-08-15T20:39:43.093Z,973,7
4,5,2023-08-15T20:39:53.093Z,386,2
7,6,2023-08-15T20:39:53.093Z,238,1
11,7,2023-08-15T20:39:53.093Z,236,8
12,10,2023-08-15T20:39:53.093Z,638,8
14,20,2023-08-15T20:39:53.093Z,301,3
17,22,2023-08-15T20:39:53.093Z,779,9
22,25,2023-08-15T20:39:53.093Z,273,6
32,28,2023-08-15T20:39:53.093Z,144,6
1,18,2023-08-15T20:40:03.093Z,291,7
5,12,2023-08-15T20:40:03.093Z,386,3
7,6,2023-08-15T20:40:03.093Z,676,1
10,5,2023-08-15T20:40:03.093Z,638,2
15,17,2023-08-15T20:40:03.093Z,914,3
16,12,2023-08-15T20:40:03.093Z,438,3
17,16,2023-08-15T20:40:03.093Z,494,9
19,18,2023-08-15T20:40:03.093Z,335,7
22,34,2023-08-15T20:40:03.093Z,870,6
23,15,2023-08-15T20:40:03.093Z,1,14
25,15,2023-08-15T20:40:03.093Z,273,14
27,34,2023-08-15T20:40:03.093Z,808,5
4,9,2023-08-15T20:40:13.093Z,214,2
7,6,2023-08-15T20:40:13.093Z,236,1
15,13,2023-08-15T20:40:13.093Z,452,3
22,25,2023-08-15T20:40:13.093Z,114,6
27,34,2023-08-15T20:40:13.093Z,826,5
29,27,2023-08-15T20:40:13.093Z,526,11
33,25,2023-08-15T20:40:13.093Z,484,6
1,33,2023-08-15T20:40:23.093Z,982,7
5,19,2023-08-15T20:40:23.093Z,638,3
9,14,2023-08-15T20:40:23.093Z,214,13
13,14,2023-08-15T20:40:23.093Z,45,13
15,17,2023-08-15T20:40:23.093Z,198,3
17,22,2023-08-15T20:40:23.093Z,914,9
27,34,2023-08-15T20:40:23.093Z,357,5
33,25,2023-08-15T20:40:23.093Z,109,6
34,18,2023-08-15T20:40:23.093Z,904,7
1,18,2023-08-15T20:40:33.093Z,954,7
3,11,2023-08-15T20:40:33.093Z,157,2
6,10,2023-08-15T20:40:33.093Z,238,8
12,7,2023-08-15T20:40:33.093Z,386,8
13,8,2023-08-15T20:40:33.093Z,571,13
15,13,2023-08-15T20:40:33.093Z,633,3
18,17,2023-08-15T20:40:33.093Z,291,3
20,26,2023-08-15T20:40:33.093Z,442,4
25,24,2023-08-15T20:40:33.093Z,114,14
26,27,2023-08-15T20:40:33.093Z,769,11
27,31,2023-08-15T20:40:33.093Z,186,5
29,27,2023-08-15T20:40:33.093Z,145,11
33,28,2023-08-15T20:40:33.093Z,391,6
34,33,2023-08-15T20:40:33.093Z,117,7
34,33,2023-08-15T20:48:03.093Z,573,7
17,16,2023-08-15T20:48:13.093Z,845,9
26,27,2023-08-15T20:48:13.093Z,349,11
3,11,2023-08-15T20:48:23.093Z,380,2
32,34,2023-08-15T20:48:23.093Z,992,6
23,15,2023-08-15T20:48:33.093Z,570,14
34,0,2023-08-15T20:48:33.093Z,501,7
27,31,2023-08-15T20:48:43.093Z,606,5
10,9,2023-08-15T20:48:53.093Z,380,2
22,34,2023-08-15T20:48:53.093Z,144,6
27,31,2023-08-15T20:49:03.093Z,641,5
8,5,2023-08-15T20:47:33.093Z,471,2
7,3,2023-08-15T20:48:13.093Z,185,1
19,18,2023-08-15T20:48:13.093Z,550,7
28,30,2023-08-15T20:48:13.093Z,630,10
12,7,2023-08-15T20:48:23.093Z,364,8
33,25,2023-08-15T20:48:23.093Z,253,6
11,10,2023-08-15T20:48:33.093Z,380,8
32,34,2023-08-15T20:48:33.093Z,789,6
18,12,2023-08-15T20:48:43.093Z,550,3
33,28,2023-08-15T20:48:43.093Z,573,6
12,7,2023-08-15T20:48:53.093Z,471,8
33,21,2023-08-15T20:48:53.093Z,48,6
1,33,2023-08-15T20:47:33.093Z,494,7
5,17,2023-08-15T20:47:33.093Z,845,3
10,5,2023-08-15T20:47:33.093Z,426,2
9,14,2023-08-15T20:48:13.093Z,830,13
9,14,2023-08-15T20:41:13.093Z,676,13
4,11,2023-08-15T20:42:03.093Z,682,2
20,26,2023-08-15T20:42:03.093Z,287,4
34,33,2023-08-15T20:42:03.093Z,343,7
17,22,2023-08-15T20:42:13.093Z,452,9
35,29,2023-08-15T20:42:13.093Z,358,10
9,8,2023-08-15T20:42:23.093Z,471,13
23,15,2023-08-15T20:42:23.093Z,186,14
29,27,2023-08-15T20:42:23.093Z,358,11
13,14,2023-08-15T20:40:53.093Z,633,13
29,27,2023-08-15T20:40:53.093Z,873,11
34,33,2023-08-15T20:40:53.093Z,916,7
6,10,2023-08-15T20:41:03.093Z,386,8
10,9,2023-08-15T20:41:03.093Z,236,2
18,4,2023-08-15T20:41:03.093Z,954,3
31,32,2023-08-15T20:41:03.093Z,349,12
3,5,2023-08-15T20:41:13.093Z,973,2
13,14,2023-08-15T20:41:13.093Z,494,13
15,4,2023-08-15T20:41:13.093Z,682,3
18,13,2023-08-15T20:41:13.093Z,816,3
26,27,2023-08-15T20:41:13.093Z,113,11
32,25,2023-08-15T20:41:13.093Z,349,6
35,30,2023-08-15T20:41:13.093Z,114,10
5,20,2023-08-15T20:41:23.093Z,287,3
14,17,2023-08-15T20:41:23.093Z,633,3
16,13,2023-08-15T20:41:23.093Z,198,3
18,4,2023-08-15T20:41:23.093Z,471,3
27,31,2023-08-15T20:41:23.093Z,223,5
31,32,2023-08-15T20:41:23.093Z,186,12
9,14,2023-08-15T20:41:33.093Z,386,13
19,18,2023-08-15T20:41:33.093Z,308,7
25,15,2023-08-15T20:41:33.093Z,349,14
27,34,2023-08-15T20:41:33.093Z,780,5
29,27,2023-08-15T20:41:33.093Z,685,11
34,0,2023-08-15T20:41:33.093Z,263,7
14,20,2023-08-15T20:41:43.093Z,676,3
22,28,2023-08-15T20:41:43.093Z,904,6
26,27,2023-08-15T20:41:43.093Z,420,11
29,27,2023-08-15T20:41:43.093Z,551,11
7,6,2023-08-15T20:41:53.093Z,157,1
17,22,2023-08-15T20:41:53.093Z,633,9
32,21,2023-08-15T20:41:53.093Z,186,6
7,6,2023-08-15T20:42:03.093Z,438,1
27,34,2023-08-15T20:42:03.093Z,603,5
32,21,2023-08-15T20:42:03.093Z,223,6
4,9,2023-08-15T20:42:13.093Z,471,2
14,20,2023-08-15T20:42:13.093Z,386,3
21,23,2023-08-15T20:42:13.093Z,186,9
26,27,2023-08-15T20:42:13.093Z,369,11
27,34,2023-08-15T20:42:13.093Z,760,5
32,28,2023-08-15T20:42:13.093Z,109,6
11,7,2023-08-15T20:42:23.093Z,682,8
28,29,2023-08-15T20:42:23.093Z,109,10
14,12,2023-08-15T20:41:53.093Z,494,3
18,4,2023-08-15T20:41:53.093Z,308,3
20,35,2023-08-15T20:41:53.093Z,45,4
35,30,2023-08-15T20:41:53.093Z,109,10
14,13,2023-08-15T20:42:03.093Z,236,3
30,32,2023-08-15T20:42:03.093Z,109,12
7,6,2023-08-15T20:42:13.093Z,432,1
22,21,2023-08-15T20:42:13.093Z,633,6
7,6,2023-08-15T20:42:23.093Z,920,1
20,35,2023-08-15T20:42:23.093Z,676,4
27,34,2023-08-15T20:42:23.093Z,559,5
33,21,2023-08-15T20:42:23.093Z,916,6
12,7,2023-08-15T20:42:33.093Z,494,8
26,27,2023-08-15T20:42:33.093Z,102,11
29,27,2023-08-15T20:42:33.093Z,109,11
12,7,2023-08-15T20:42:43.093Z,583,8
34,33,2023-08-15T20:42:43.093Z,831,7
13,8,2023-08-15T20:42:53.093Z,214,13
3,9,2023-08-15T20:43:03.093Z,682,2
13,8,2023-08-15T20:43:03.093Z,971,13
6,10,2023-08-15T20:43:13.093Z,920,8
13,8,2023-08-15T20:43:13.093Z,816,13
10,5,2023-08-15T20:43:23.093Z,432,2
10,5,2023-08-15T20:43:33.093Z,631,2
19,33,2023-08-15T20:42:33.093Z,796,7
4,9,2023-08-15T20:42:43.093Z,349,2
22,34,2023-08-15T20:42:43.093Z,914,6
7,1,2023-08-15T20:42:53.093Z,494,1
21,16,2023-08-15T20:42:53.093Z,916,9
7,1,2023-08-15T20:43:03.093Z,583,1
33,21,2023-08-15T20:43:03.093Z,343,6
9,14,2023-08-15T20:43:13.093Z,682,13
2,1,2023-08-15T20:43:23.093Z,571,1
27,31,2023-08-15T20:43:23.093Z,855,5
14,20,2023-08-15T20:43:33.093Z,349,3
31,32,2023-08-15T20:43:33.093Z,132,12
34,18,2023-08-15T20:43:33.093Z,609,7
3,9,2023-08-15T20:43:43.093Z,971,2
15,4,2023-08-15T20:42:33.093Z,349,3
21,16,2023-08-15T20:42:33.093Z,633,9
27,34,2023-08-15T20:42:33.093Z,970,5
32,34,2023-08-15T20:42:33.093Z,506,6
7,3,2023-08-15T20:42:43.093Z,682,1
26,27,2023-08-15T20:42:43.093Z,581,11
9,14,2023-08-15T20:42:53.093Z,349,13
18,17,2023-08-15T20:42:53.093Z,425,3
6,10,2023-08-15T20:43:03.093Z,432,8
15,17,2023-08-15T20:43:03.093Z,982,3
8,2,2023-08-15T20:43:13.093Z,971,2
27,31,2023-08-15T20:43:13.093Z,132,5
26,27,2023-08-15T20:43:23.093Z,6,11
2,3,2023-08-15T20:43:33.093Z,971,1
26,27,2023-08-15T20:43:33.093Z,898,11
0,3,2023-08-15T20:43:43.093Z,719,1
14,12,2023-08-15T20:43:43.093Z,682,3
31,32,2023-08-15T20:43:43.093Z,855,12
35,29,2023-08-15T20:43:43.093Z,676,10
2,3,2023-08-15T20:43:53.093Z,438,1
14,20,2023-08-15T20:43:53.093Z,1,3
1,18,2023-08-15T20:44:03.093Z,265,7
12,10,2023-08-15T20:44:03.093Z,682,8
21,23,2023-08-15T20:44:03.093Z,343,9
17,22,2023-08-15T20:43:53.093Z,425,9
32,21,2023-08-15T20:43:53.093Z,855,6
10,2,2023-08-15T20:44:03.093Z,390,2
18,20,2023-08-15T20:44:03.093Z,609,3
34,0,2023-08-15T20:44:03.093Z,459,7
19,33,2023-08-15T20:42:43.093Z,636,7
6,10,2023-08-15T20:42:53.093Z,438,8
27,34,2023-08-15T20:42:53.093Z,139,5
8,5,2023-08-15T20:43:03.093Z,214,2
0,6,2023-08-15T20:43:13.093Z,721,1
10,2,2023-08-15T20:43:13.093Z,438,2
8,5,2023-08-15T20:43:23.093Z,816,2
0,6,2023-08-15T20:43:33.093Z,263,1
13,14,2023-08-15T20:43:33.093Z,1,13
35,29,2023-08-15T20:43:33.093Z,45,10
13,14,2023-08-15T20:43:43.093Z,198,13
29,27,2023-08-15T20:43:43.093Z,45,11
32,25,2023-08-15T20:43:43.093Z,132,6
1,33,2023-08-15T20:43:53.093Z,472,7
10,5,2023-08-15T20:43:53.093Z,920,2
20,26,2023-08-15T20:43:53.093Z,349,4
9,14,2023-08-15T20:44:03.093Z,971,13
13,8,2023-08-15T20:44:03.093Z,236,13
27,31,2023-08-15T20:44:03.093Z,13,5
27,34,2023-08-15T20:43:53.093Z,79,5
3,9,2023-08-15T20:44:03.093Z,719,2
14,20,2023-08-15T20:44:03.093Z,198,3
19,33,2023-08-15T20:44:03.093Z,979,7
9,8,2023-08-15T20:44:13.093Z,719,13
21,22,2023-08-15T20:44:13.093Z,855,9
26,27,2023-08-15T20:44:13.093Z,698,11
29,27,2023-08-15T20:44:13.093Z,676,11
18,4,2023-08-15T20:44:23.093Z,265,3
20,35,2023-08-15T20:44:23.093Z,1,4
5,20,2023-08-15T20:44:33.093Z,214,3
14,12,2023-08-15T20:44:33.093Z,971,3
20,35,2023-08-15T20:44:33.093Z,198,4
27,34,2023-08-15T20:44:33.093Z,888,5
34,18,2023-08-15T20:44:33.093Z,997,7
0,6,2023-08-15T20:44:43.093Z,459,1
14,13,2023-08-15T20:44:43.093Z,592,3
3,5,2023-08-15T20:44:13.093Z,438,2
2,3,2023-08-15T20:44:23.093Z,390,1
6,7,2023-08-15T20:44:23.093Z,263,8
10,5,2023-08-15T20:44:23.093Z,162,2
25,15,2023-08-15T20:44:23.093Z,132,14
27,31,2023-08-15T20:44:23.093Z,578,5
34,33,2023-08-15T20:44:23.093Z,694,7
3,5,2023-08-15T20:44:33.093Z,390,2
4,5,2023-08-15T20:44:33.093Z,265,2
35,29,2023-08-15T20:44:33.093Z,1,10
5,4,2023-08-15T20:44:43.093Z,816,3
17,16,2023-08-15T20:44:43.093Z,49,9
18,13,2023-08-15T20:44:43.093Z,997,3
26,27,2023-08-15T20:44:43.093Z,61,11
27,34,2023-08-15T20:44:43.093Z,650,5
29,27,2023-08-15T20:44:43.093Z,1,11
34,33,2023-08-15T20:44:43.093Z,630,7
35,29,2023-08-15T20:44:43.093Z,198,10
4,2,2023-08-15T20:44:53.093Z,816,2
5,4,2023-08-15T20:44:53.093Z,432,3
8,5,2023-08-15T20:44:53.093Z,236,2
10,2,2023-08-15T20:44:53.093Z,430,2
20,35,2023-08-15T20:44:53.093Z,609,4
27,31,2023-08-15T20:44:53.093Z,34,5
4,9,2023-08-15T20:45:03.093Z,432,2
27,31,2023-08-15T20:45:03.093Z,787,5
34,18,2023-08-15T20:45:03.093Z,913,7
27,31,2023-08-15T20:45:13.093Z,488,5
28,29,2023-08-15T20:45:13.093Z,796,10
32,34,2023-08-15T20:45:13.093Z,13,6
35,30,2023-08-15T20:45:13.093Z,609,10
1,0,2023-08-15T20:45:23.093Z,977,7
2,6,2023-08-15T20:45:23.093Z,430,1
22,28,2023-08-15T20:45:23.093Z,425,6
30,32,2023-08-15T20:45:23.093Z,609,12
32,25,2023-08-15T20:45:23.093Z,578,6
34,33,2023-08-15T20:45:23.093Z,809,7
1,18,2023-08-15T20:45:33.093Z,528,7
5,19,2023-08-15T20:45:33.093Z,162,3
15,19,2023-08-15T20:45:33.093Z,132,3
18,20,2023-08-15T20:45:33.093Z,913,3
26,27,2023-08-15T20:45:33.093Z,725,11
27,34,2023-08-15T20:45:33.093Z,591,5
28,30,2023-08-15T20:45:33.093Z,425,10
29,27,2023-08-15T20:45:33.093Z,198,11
34,33,2023-08-15T20:45:33.093Z,455,7
13,8,2023-08-15T20:45:43.093Z,592,13
23,15,2023-08-15T20:45:43.093Z,343,14
30,32,2023-08-15T20:45:43.093Z,425,12
32,25,2023-08-15T20:45:43.093Z,609,6
26,27,2023-08-15T20:44:53.093Z,812,11
31,32,2023-08-15T20:44:53.093Z,13,12
33,28,2023-08-15T20:44:53.093Z,796,6
34,0,2023-08-15T20:44:53.093Z,830,7
5,13,2023-08-15T20:45:03.093Z,631,3
20,35,2023-08-15T20:45:03.093Z,727,4
31,32,2023-08-15T20:45:03.093Z,578,12
33,28,2023-08-15T20:45:03.093Z,636,6
2,3,2023-08-15T20:45:13.093Z,816,1
5,20,2023-08-15T20:45:13.093Z,920,3
8,5,2023-08-15T20:45:13.093Z,719,2
33,21,2023-08-15T20:45:13.093Z,831,6
3,11,2023-08-15T20:45:23.093Z,816,2
5,19,2023-08-15T20:45:23.093Z,438,3
26,27,2023-08-15T20:45:23.093Z,884,11
27,31,2023-08-15T20:45:23.093Z,549,5
28,29,2023-08-15T20:45:23.093Z,636,10
35,30,2023-08-15T20:45:23.093Z,727,10
11,7,2023-08-15T20:45:33.093Z,816,8
22,25,2023-08-15T20:45:33.093Z,855,6
30,32,2023-08-15T20:45:33.093Z,727,12
33,21,2023-08-15T20:45:33.093Z,472,6
0,6,2023-08-15T20:45:43.093Z,830,1
3,5,2023-08-15T20:45:43.093Z,159,2
5,4,2023-08-15T20:45:43.093Z,390,3
20,35,2023-08-15T20:45:43.093Z,214,4
21,16,2023-08-15T20:45:43.093Z,831,9
25,15,2023-08-15T20:45:43.093Z,578,14
27,34,2023-08-15T20:45:43.093Z,774,5
29,27,2023-08-15T20:45:43.093Z,796,11
33,21,2023-08-15T20:45:43.093Z,979,6
5,12,2023-08-15T20:45:53.093Z,265,3
8,2,2023-08-15T20:45:53.093Z,592,2
13,8,2023-08-15T20:45:53.093Z,997,13
18,17,2023-08-15T20:45:53.093Z,528,3
20,35,2023-08-15T20:45:53.093Z,920,4
21,16,2023-08-15T20:45:53.093Z,428,9
25,15,2023-08-15T20:45:53.093Z,855,14
26,27,2023-08-15T20:45:53.093Z,442,11
27,31,2023-08-15T20:45:53.093Z,10,5
29,27,2023-08-15T20:45:53.093Z,636,11
31,32,2023-08-15T20:45:53.093Z,34,12
32,21,2023-08-15T20:45:53.093Z,727,6
0,6,2023-08-15T20:46:03.093Z,977,1
5,17,2023-08-15T20:46:03.093Z,236,3
7,6,2023-08-15T20:46:03.093Z,816,1
8,11,2023-08-15T20:46:03.093Z,997,2
13,8,2023-08-15T20:46:03.093Z,631,13
25,24,2023-08-15T20:46:03.093Z,609,14
31,32,2023-08-15T20:46:03.093Z,787,12
32,25,2023-08-15T20:46:03.093Z,425,6
34,18,2023-08-15T20:46:03.093Z,758,7
2,1,2023-08-15T20:46:13.093Z,592,1
5,17,2023-08-15T20:46:13.093Z,719,3
6,7,2023-08-15T20:46:13.093Z,459,8
7,6,2023-08-15T20:46:13.093Z,845,1
8,9,2023-08-15T20:46:13.093Z,631,2
11,10,2023-08-15T20:46:13.093Z,997,8
17,16,2023-08-15T20:46:13.093Z,528,9
27,34,2023-08-15T20:46:13.093Z,674,5
34,18,2023-08-15T20:46:13.093Z,843,7
5,12,2023-08-15T20:46:23.093Z,159,3
6,7,2023-08-15T20:46:23.093Z,430,8
9,14,2023-08-15T20:46:23.093Z,631,13
10,2,2023-08-15T20:46:23.093Z,997,2
20,26,2023-08-15T20:46:23.093Z,913,4
26,27,2023-08-15T20:46:23.093Z,281,11
29,27,2023-08-15T20:46:23.093Z,133,11
33,25,2023-08-15T20:46:23.093Z,694,6
35,29,2023-08-15T20:46:23.093Z,214,10
2,6,2023-08-15T20:46:33.093Z,997,1
4,9,2023-08-15T20:46:33.093Z,390,2
6,7,2023-08-15T20:46:33.093Z,830,8
18,20,2023-08-15T20:46:33.093Z,758,3
20,35,2023-08-15T20:46:33.093Z,386,4
25,24,2023-08-15T20:46:33.093Z,425,14
26,27,2023-08-15T20:46:33.093Z,865,11
27,31,2023-08-15T20:46:33.093Z,88,5
28,30,2023-08-15T20:46:33.093Z,144,10
29,27,2023-08-15T20:46:33.093Z,214,11
32,34,2023-08-15T20:46:33.093Z,34,6
33,21,2023-08-15T20:46:33.093Z,630,6
34,0,2023-08-15T20:46:33.093Z,426,7
35,29,2023-08-15T20:46:33.093Z,836,10
1,0,2023-08-15T20:46:43.093Z,67,7
6,10,2023-08-15T20:46:43.093Z,977,8
7,3,2023-08-15T20:46:43.093Z,459,1
9,14,2023-08-15T20:46:43.093Z,390,13
12,7,2023-08-15T20:46:43.093Z,159,8
14,12,2023-08-15T20:46:43.093Z,631,3
17,22,2023-08-15T20:46:43.093Z,719,9
27,31,2023-08-15T20:46:43.093Z,209,5
34,33,2023-08-15T20:46:43.093Z,253,7
35,29,2023-08-15T20:46:43.093Z,920,10
12,7,2023-08-15T20:46:53.093Z,631,8
21,16,2023-08-15T20:46:53.093Z,472,9
25,15,2023-08-15T20:46:53.093Z,694,14
27,31,2023-08-15T20:46:53.093Z,992,5
31,32,2023-08-15T20:46:53.093Z,488,12
32,21,2023-08-15T20:46:53.093Z,787,6
35,30,2023-08-15T20:46:53.093Z,386,10
0,6,2023-08-15T20:47:03.093Z,426,1
3,9,2023-08-15T20:47:03.093Z,459,2
6,10,2023-08-15T20:47:03.093Z,845,8
7,3,2023-08-15T20:47:03.093Z,430,1
12,7,2023-08-15T20:47:03.093Z,185,8
14,19,2023-08-15T20:47:03.093Z,390,3
18,17,2023-08-15T20:47:03.093Z,843,3
21,16,2023-08-15T20:47:03.093Z,979,9
24,35,2023-08-15T20:47:03.093Z,425,4
27,34,2023-08-15T20:47:03.093Z,600,5
30,32,2023-08-15T20:47:03.093Z,144,12
31,32,2023-08-15T20:47:03.093Z,549,12
32,25,2023-08-15T20:47:03.093Z,488,6
0,6,2023-08-15T20:47:13.093Z,67,1
6,7,2023-08-15T20:47:13.093Z,997,8
10,5,2023-08-15T20:47:13.093Z,845,2
21,16,2023-08-15T20:47:13.093Z,727,9
27,34,2023-08-15T20:47:13.093Z,78,5
28,30,2023-08-15T20:47:13.093Z,267,10
30,32,2023-08-15T20:47:13.093Z,386,12
32,21,2023-08-15T20:47:13.093Z,144,6
34,18,2023-08-15T20:47:13.093Z,463,7
3,5,2023-08-15T20:47:23.093Z,430,2
6,10,2023-08-15T20:47:23.093Z,426,8
18,17,2023-08-15T20:47:23.093Z,463,3
20,26,2023-08-15T20:47:23.093Z,758,4
25,15,2023-08-15T20:47:23.093Z,488,14
27,34,2023-08-15T20:47:23.093Z,103,5
29,27,2023-08-15T20:47:23.093Z,836,11
31,32,2023-08-15T20:47:23.093Z,88,12
32,21,2023-08-15T20:47:23.093Z,549,6
34,0,2023-08-15T20:47:23.093Z,380,7
4,2,2023-08-15T20:49:13.093Z,343,2
8,2,2023-08-15T20:49:13.093Z,67,2
15,13,2023-08-15T20:49:13.093Z,694,3
21,23,2023-08-15T20:49:13.093Z,48,9
27,34,2023-08-15T20:49:13.093Z,168,5
31,32,2023-08-15T20:49:13.093Z,606,12
34,33,2023-08-15T20:49:13.093Z,376,7
32,34,2023-08-15T20:49:13.093Z,621,6
9,14,2023-08-15T20:49:23.093Z,380,13
23,15,2023-08-15T20:49:23.093Z,48,14
33,21,2023-08-15T20:49:33.093Z,807,6
14,19,2023-08-15T20:49:43.093Z,185,3
24,26,2023-08-15T20:49:13.093Z,455,4
2,1,2023-08-15T20:49:13.093Z,298,1
7,6,2023-08-15T20:49:13.093Z,410,1
9,14,2023-08-15T20:49:13.093Z,185,13
22,34,2023-08-15T20:49:13.093Z,386,6
25,24,2023-08-15T20:49:13.093Z,253,14
29,27,2023-08-15T20:49:13.093Z,494,11
4,2,2023-08-15T20:49:23.093Z,578,2
24,35,2023-08-15T20:49:23.093Z,253,4
27,34,2023-08-15T20:49:23.093Z,307,5
33,21,2023-08-15T20:49:23.093Z,19,6
3,9,2023-08-15T20:49:33.093Z,471,2
25,15,2023-08-15T20:49:43.093Z,423,14
2,3,2023-08-15T20:49:53.093Z,67,1
17,22,2023-08-15T20:49:13.093Z,430,9
3,5,2023-08-15T20:49:23.093Z,997,2
22,34,2023-08-15T20:49:23.093Z,88,6
25,15,2023-08-15T20:49:23.093Z,326,14
12,10,2023-08-15T20:49:33.093Z,550,8
32,25,2023-08-15T20:49:33.093Z,606,6
35,30,2023-08-15T20:49:33.093Z,387,10
10,5,2023-08-15T20:49:53.093Z,410,2
2,1,2023-08-15T20:50:03.093Z,578,1
3,9,2023-08-15T20:50:03.093Z,67,2
4,5,2023-08-15T20:50:03.093Z,855,2
20,35,2023-08-15T20:50:03.093Z,997,4
9,14,2023-08-15T20:50:13.093Z,67,13
5,20,2023-08-15T20:50:23.093Z,410,3
14,19,2023-08-15T20:50:33.093Z,471,3
15,4,2023-08-15T20:49:33.093Z,861,3
25,15,2023-08-15T20:49:33.093Z,549,14
6,7,2023-08-15T20:49:53.093Z,157,8
30,32,2023-08-15T20:49:53.093Z,387,12
9,14,2023-08-15T20:50:03.093Z,927,13
15,17,2023-08-15T20:50:03.093Z,889,3
22,34,2023-08-15T20:50:03.093Z,266,6
3,5,2023-08-15T20:50:13.093Z,501,2
23,15,2023-08-15T20:50:13.093Z,19,14
28,29,2023-08-15T20:50:13.093Z,430,10
27,31,2023-08-15T20:50:23.093Z,852,5
31,32,2023-08-15T20:50:33.093Z,641,12
3,2,2023-08-15T20:50:43.093Z,48,2
14,17,2023-08-15T20:50:43.093Z,927,3
34,33,2023-08-15T20:49:23.093Z,2,7
6,7,2023-08-15T20:49:33.093Z,501,8
10,2,2023-08-15T20:49:33.093Z,744,2
5,20,2023-08-15T20:49:43.093Z,997,3
6,10,2023-08-15T20:49:43.093Z,410,8
22,28,2023-08-15T20:49:53.093Z,430,6
21,23,2023-08-15T20:50:03.093Z,19,9
21,16,2023-08-15T20:50:13.093Z,807,9
27,34,2023-08-15T20:50:13.093Z,510,5
21,22,2023-08-15T20:48:13.093Z,549,9
32,34,2023-08-15T20:48:13.093Z,267,6
26,27,2023-08-15T20:48:23.093Z,913,11
21,16,2023-08-15T20:48:33.093Z,148,9
33,28,2023-08-15T20:48:33.093Z,494,6
21,22,2023-08-15T20:48:43.093Z,88,9
34,33,2023-08-15T20:48:43.093Z,19,7
18,4,2023-08-15T20:48:53.093Z,272,3
0,6,2023-08-15T20:49:03.093Z,501,1
13,8,2023-08-15T20:49:03.093Z,67,13
25,24,2023-08-15T20:49:03.093Z,455,14
6,10,2023-08-15T20:47:33.093Z,67,8
7,3,2023-08-15T20:47:33.093Z,830,1
17,16,2023-08-15T20:47:33.093Z,843,9
25,15,2023-08-15T20:47:33.093Z,861,14
29,27,2023-08-15T20:47:33.093Z,920,11
35,29,2023-08-15T20:47:33.093Z,425,10
21,22,2023-08-15T20:47:43.093Z,787,9
32,21,2023-08-15T20:47:43.093Z,88,6
19,18,2023-08-15T20:47:53.093Z,688,7
25,15,2023-08-15T20:47:53.093Z,969,14
29,27,2023-08-15T20:47:53.093Z,391,11
34,18,2023-08-15T20:47:53.093Z,410,7
18,13,2023-08-15T20:48:03.093Z,688,3
33,25,2023-08-15T20:48:03.093Z,809,6
33,25,2023-08-15T20:48:13.093Z,455,6
18,12,2023-08-15T20:48:23.093Z,410,3
1,33,2023-08-15T20:48:33.093Z,48,7
22,28,2023-08-15T20:47:33.093Z,719,6
27,31,2023-08-15T20:47:33.093Z,789,5
32,21,2023-08-15T20:47:33.093Z,386,6
10,5,2023-08-15T20:47:43.093Z,67,2
27,31,2023-08-15T20:47:43.093Z,121,5
7,1,2023-08-15T20:47:53.093Z,631,1
22,28,2023-08-15T20:47:53.093Z,630,6
27,34,2023-08-15T20:47:53.093Z,170,5
17,16,2023-08-15T20:48:03.093Z,463,9
31,32,2023-08-15T20:48:03.093Z,789,12
22,34,2023-08-15T20:48:13.093Z,787,6
27,31,2023-08-15T20:48:13.093Z,790,5
7,3,2023-08-15T20:48:23.093Z,997,1
30,32,2023-08-15T20:48:23.093Z,630,12
14,17,2023-08-15T20:48:33.093Z,830,3
1,18,2023-08-15T20:48:43.093Z,272,7
5,13,2023-08-15T20:48:43.093Z,67,3
25,24,2023-08-15T20:48:43.093Z,809,14
7,1,2023-08-15T20:48:53.093Z,364,1
24,26,2023-08-15T20:48:53.093Z,809,4
27,34,2023-08-15T20:48:53.093Z,152,5
34,33,2023-08-15T20:48:53.093Z,807,7
21,22,2023-08-15T20:47:33.093Z,630,9
26,27,2023-08-15T20:47:33.093Z,697,11
30,32,2023-08-15T20:47:33.093Z,267,12
7,1,2023-08-15T20:47:43.093Z,159,1
22,21,2023-08-15T20:47:43.093Z,148,6
3,9,2023-08-15T20:47:53.093Z,830,2
21,22,2023-08-15T20:47:53.093Z,144,9
26,27,2023-08-15T20:47:53.093Z,287,11
31,32,2023-08-15T20:47:53.093Z,992,12
0,3,2023-08-15T20:48:03.093Z,380,1
27,34,2023-08-15T20:48:03.093Z,293,5
5,17,2023-08-15T20:48:13.093Z,430,3
5,12,2023-08-15T20:48:23.093Z,471,3
21,22,2023-08-15T20:48:23.093Z,386,9
5,12,2023-08-15T20:48:33.093Z,426,3
20,35,2023-08-15T20:48:33.093Z,387,4
2,1,2023-08-15T20:48:43.093Z,119,1
15,4,2023-08-15T20:48:43.093Z,343,3
3,9,2023-08-15T20:48:53.093Z,185,2
15,4,2023-08-15T20:48:53.093Z,578,3
7,3,2023-08-15T20:49:03.093Z,471,1
12,7,2023-08-15T20:49:03.093Z,410,8
22,25,2023-08-15T20:49:03.093Z,549,6
31,32,2023-08-15T20:49:03.093Z,790,12
15,4,2023-08-15T20:49:03.093Z,855,3
28,29,2023-08-15T20:49:03.093Z,494,10
14,4,2023-08-15T20:50:53.093Z,67,3
8,5,2023-08-15T20:51:03.093Z,570,2
28,30,2023-08-15T20:51:03.093Z,2,10
32,34,2023-08-15T20:51:13.093Z,556,6
6,10,2023-08-15T20:51:33.093Z,124,8
18,13,2023-08-15T20:50:23.093Z,181,3
27,34,2023-08-15T20:50:33.093Z,163,5
16,12,2023-08-15T20:50:43.093Z,291,3
20,26,2023-08-15T20:50:43.093Z,410,4
32,34,2023-08-15T20:49:23.093Z,790,6
1,18,2023-08-15T20:49:33.093Z,543,7
2,1,2023-08-15T20:49:33.093Z,343,1
22,34,2023-08-15T20:49:33.093Z,452,6
10,11,2023-08-15T20:49:43.093Z,550,2
15,13,2023-08-15T20:49:43.093Z,969,3
22,25,2023-08-15T20:49:43.093Z,998,6
7,3,2023-08-15T20:49:53.093Z,501,1
9,14,2023-08-15T20:49:53.093Z,471,13
15,13,2023-08-15T20:49:53.093Z,570,3
17,16,2023-08-15T20:49:53.093Z,830,9
25,15,2023-08-15T20:49:53.093Z,606,14
2,1,2023-08-15T20:50:13.093Z,744,1
4,5,2023-08-15T20:50:23.093Z,861,2
19,18,2023-08-15T20:50:23.093Z,329,7
18,12,2023-08-15T20:50:43.093Z,329,3
34,18,2023-08-15T20:50:03.093Z,181,7
10,5,2023-08-15T20:50:13.093Z,489,2
18,12,2023-08-15T20:50:13.093Z,543,3
29,27,2023-08-15T20:50:33.093Z,430,11
31,32,2023-08-15T20:50:43.093Z,556,12
27,31,2023-08-15T20:50:03.093Z,556,5
32,34,2023-08-15T20:50:03.093Z,387,6
3,2,2023-08-15T20:50:23.093Z,211,2
15,17,2023-08-15T20:50:23.093Z,326,3
15,4,2023-08-15T20:50:43.093Z,423,3
27,34,2023-08-15T20:50:43.093Z,165,5
33,21,2023-08-15T20:50:43.093Z,376,6
25,15,2023-08-15T20:50:03.093Z,998,14
15,12,2023-08-15T20:50:13.093Z,48,3
7,1,2023-08-15T20:50:23.093Z,157,1
13,14,2023-08-15T20:50:23.093Z,694,13
15,13,2023-08-15T20:50:33.093Z,549,3
13,14,2023-08-15T20:50:43.093Z,969,13
12,7,2023-08-15T20:50:23.093Z,48,8
7,3,2023-08-15T20:50:33.093Z,48,1
1,0,2023-08-15T20:50:43.093Z,124,7
0,3,2023-08-15T20:52:33.093Z,383,1
12,7,2023-08-15T20:52:33.093Z,49,8
13,14,2023-08-15T20:52:33.093Z,608,13
6,10,2023-08-15T20:52:33.093Z,314,8
9,14,2023-08-15T20:52:33.093Z,489,13
16,13,2023-08-15T20:52:33.093Z,979,3
22,34,2023-08-15T20:52:33.093Z,927,6
23,15,2023-08-15T20:52:33.093Z,2,14
24,35,2023-08-15T20:52:33.093Z,694,4
27,34,2023-08-15T20:52:33.093Z,150,5
28,30,2023-08-15T20:52:33.093Z,663,10
6,7,2023-08-15T20:52:43.093Z,206,8
9,14,2023-08-15T20:52:43.093Z,819,13
10,11,2023-08-15T20:52:43.093Z,314,2
12,10,2023-08-15T20:52:43.093Z,549,8
17,22,2023-08-15T20:52:43.093Z,861,9
7,6,2023-08-15T20:52:53.093Z,49,1
12,7,2023-08-15T20:52:53.093Z,423,8
15,12,2023-08-15T20:52:53.093Z,376,3
20,35,2023-08-15T20:52:53.093Z,185,4
35,30,2023-08-15T20:52:53.093Z,694,10
6,10,2023-08-15T20:53:03.093Z,855,8
9,8,2023-08-15T20:53:03.093Z,549,13
15,4,2023-08-15T20:53:03.093Z,2,3
18,17,2023-08-15T20:53:03.093Z,264,3
27,34,2023-08-15T20:53:03.093Z,939,5
1,0,2023-08-15T20:53:13.093Z,717,7
7,1,2023-08-15T20:53:13.093Z,423,1
10,2,2023-08-15T20:53:13.093Z,855,2
14,4,2023-08-15T20:53:13.093Z,489,3
23,15,2023-08-15T20:53:13.093Z,956,14
1,18,2023-08-15T20:53:23.093Z,583,7
13,8,2023-08-15T20:53:23.093Z,606,13
17,23,2023-08-15T20:53:23.093Z,472,9
32,34,2023-08-15T20:53:23.093Z,509,6
4,2,2023-08-15T20:53:33.093Z,489,2
8,5,2023-08-15T20:53:33.093Z,606,2
17,23,2023-08-15T20:53:33.093Z,264,9
27,31,2023-08-15T20:52:43.093Z,9,5
32,21,2023-08-15T20:51:33.093Z,155,6
18,17,2023-08-15T20:51:43.093Z,533,3
9,8,2023-08-15T20:51:53.093Z,543,13
11,7,2023-08-15T20:52:03.093Z,59,8
10,9,2023-08-15T20:52:13.093Z,819,2
16,17,2023-08-15T20:52:23.093Z,472,3
15,4,2023-08-15T20:50:53.093Z,606,3
13,14,2023-08-15T20:51:03.093Z,181,13
15,17,2023-08-15T20:51:13.093Z,998,3
12,10,2023-08-15T20:51:23.093Z,543,8
10,9,2023-08-15T20:51:33.093Z,543,2
34,33,2023-08-15T20:51:33.093Z,919,7
17,16,2023-08-15T20:51:43.093Z,326,9
8,9,2023-08-15T20:51:53.093Z,489,2
27,31,2023-08-15T20:50:53.093Z,956,5
14,19,2023-08-15T20:51:13.093Z,969,3
5,13,2023-08-15T20:51:23.093Z,489,3
34,33,2023-08-15T20:51:23.093Z,663,7
29,27,2023-08-15T20:51:33.093Z,742,11
16,20,2023-08-15T20:51:43.093Z,831,3
5,12,2023-08-15T20:51:53.093Z,570,3
27,34,2023-08-15T20:51:53.093Z,332,5
27,31,2023-08-15T20:52:03.093Z,509,5
27,34,2023-08-15T20:52:13.093Z,754,5
5,12,2023-08-15T20:50:53.093Z,855,3
1,0,2023-08-15T20:51:03.093Z,314,7
30,32,2023-08-15T20:51:03.093Z,155,12
34,0,2023-08-15T20:51:13.093Z,877,7
5,17,2023-08-15T20:51:33.093Z,861,3
22,25,2023-08-15T20:51:33.093Z,376,6
10,11,2023-08-15T20:51:43.093Z,124,2
34,33,2023-08-15T20:51:43.093Z,885,7
2,1,2023-08-15T20:50:53.093Z,211,1
33,28,2023-08-15T20:50:53.093Z,2,6
16,20,2023-08-15T20:51:03.093Z,633,3
21,22,2023-08-15T20:51:13.093Z,376,9
16,12,2023-08-15T20:51:23.093Z,49,3
14,12,2023-08-15T20:51:33.093Z,549,3
0,6,2023-08-15T20:51:43.093Z,314,1
2,1,2023-08-15T20:51:53.093Z,313,1
21,16,2023-08-15T20:51:53.093Z,155,9
17,22,2023-08-15T20:52:03.093Z,195,9
17,23,2023-08-15T20:52:13.093Z,694,9
21,23,2023-08-15T20:52:23.093Z,2,9
28,30,2023-08-15T20:50:53.093Z,155,10
19,0,2023-08-15T20:51:03.093Z,206,7
27,34,2023-08-15T20:51:13.093Z,405,5
27,34,2023-08-15T20:51:23.093Z,980,5
17,16,2023-08-15T20:51:33.093Z,889,9
4,9,2023-08-15T20:51:43.093Z,606,2
27,34,2023-08-15T20:51:43.093Z,490,5
0,6,2023-08-15T20:52:03.093Z,877,1
9,14,2023-08-15T20:52:13.093Z,606,13
7,1,2023-08-15T20:52:23.093Z,59,1
16,17,2023-08-15T20:50:53.093Z,195,3
14,17,2023-08-15T20:51:03.093Z,694,3
19,18,2023-08-15T20:51:13.093Z,533,7
14,4,2023-08-15T20:51:23.093Z,181,3
17,22,2023-08-15T20:51:53.093Z,927,9
34,0,2023-08-15T20:52:03.093Z,383,7
34,18,2023-08-15T20:52:13.093Z,264,7
13,8,2023-08-15T20:50:53.093Z,570,13
4,5,2023-08-15T20:51:03.093Z,423,2
13,14,2023-08-15T20:51:13.093Z,549,13
0,6,2023-08-15T20:51:23.093Z,124,1
16,17,2023-08-15T20:51:33.093Z,815,3
27,31,2023-08-15T20:51:33.093Z,246,5
5,12,2023-08-15T20:51:43.093Z,423,3
32,21,2023-08-15T20:51:43.093Z,2,6
4,5,2023-08-15T20:51:53.093Z,181,2
19,18,2023-08-15T20:51:53.093Z,185,7
19,33,2023-08-15T20:52:03.093Z,359,7
7,6,2023-08-15T20:52:13.093Z,855,1
33,28,2023-08-15T20:52:13.093Z,663,6
23,24,2023-08-15T20:52:23.093Z,694,14
11,7,2023-08-15T20:51:53.093Z,124,8
16,19,2023-08-15T20:52:03.093Z,428,3
16,12,2023-08-15T20:52:13.093Z,528,3
17,16,2023-08-15T20:52:23.093Z,998,9
31,32,2023-08-15T20:50:53.093Z,852,12
27,34,2023-08-15T20:51:03.093Z,646,5
30,32,2023-08-15T20:51:13.093Z,2,12
32,34,2023-08-15T20:51:23.093Z,852,6
20,26,2023-08-15T20:51:33.093Z,633,4
31,32,2023-08-15T20:51:33.093Z,956,12
13,8,2023-08-15T20:51:43.093Z,489,13
0,6,2023-08-15T20:51:53.093Z,206,1
12,7,2023-08-15T20:51:53.093Z,855,8
25,15,2023-08-15T20:51:53.093Z,376,14
32,21,2023-08-15T20:52:03.093Z,956,6
18,20,2023-08-15T20:52:13.093Z,185,3
5,17,2023-08-15T20:52:23.093Z,181,3
15,13,2023-08-15T21:32:43.093Z,570,3
5,17,2023-08-15T21:32:53.093Z,717,3
18,13,2023-08-15T21:32:53.093Z,297,3
13,14,2023-08-15T21:33:13.093Z,570,13
7,1,2023-08-15T21:33:23.093Z,582,1
10,2,2023-08-15T21:33:33.093Z,627,2
12,7,2023-08-15T21:33:33.093Z,500,8
29,27,2023-08-15T21:33:33.093Z,438,11
4,5,2023-08-15T21:33:53.093Z,979,2
34,33,2023-08-15T21:33:53.093Z,433,7
27,31,2023-08-15T21:34:03.093Z,462,5
34,18,2023-08-15T21:34:03.093Z,801,7
5,12,2023-08-15T21:34:13.093Z,979,3
27,31,2023-08-15T21:34:13.093Z,647,5
15,20,2023-08-15T21:32:53.093Z,45,3
12,7,2023-08-15T21:33:03.093Z,582,8
3,2,2023-08-15T21:33:23.093Z,314,2
12,7,2023-08-15T21:33:23.093Z,133,8
14,20,2023-08-15T21:33:33.093Z,570,3
34,0,2023-08-15T21:33:43.093Z,299,7
7,6,2023-08-15T21:32:43.093Z,627,1
13,14,2023-08-15T21:33:23.093Z,297,13
2,1,2023-08-15T21:33:33.093Z,314,1
2,1,2023-08-15T21:33:43.093Z,627,1
7,6,2023-08-15T21:33:43.093Z,133,1
29,27,2023-08-15T21:33:43.093Z,581,11
7,1,2023-08-15T21:34:13.093Z,827,1
18,20,2023-08-15T21:34:13.093Z,801,3
12,7,2023-08-15T21:32:43.093Z,260,8
7,3,2023-08-15T21:33:03.093Z,314,1
7,1,2023-08-15T21:33:13.093Z,260,1
6,10,2023-08-15T21:33:23.093Z,627,8
7,1,2023-08-15T21:33:33.093Z,354,1
12,7,2023-08-15T21:33:43.093Z,827,8
7,6,2023-08-15T21:33:53.093Z,500,1
9,8,2023-08-15T21:36:03.093Z,313,13
12,7,2023-08-15T21:36:13.093Z,185,8
7,1,2023-08-15T21:36:23.093Z,494,1
7,6,2023-08-15T21:36:33.093Z,185,1
5,13,2023-08-15T21:36:43.093Z,284,3
7,1,2023-08-15T21:36:53.093Z,979,1
11,10,2023-08-15T21:37:03.093Z,299,8
20,26,2023-08-15T21:37:13.093Z,563,4
20,26,2023-08-15T21:37:23.093Z,855,4
10,5,2023-08-15T21:37:33.093Z,185,2
7,1,2023-08-15T21:36:03.093Z,973,1
8,2,2023-08-15T21:36:13.093Z,313,2
31,32,2023-08-15T21:36:13.093Z,472,12
6,7,2023-08-15T21:36:33.093Z,806,8
14,20,2023-08-15T21:36:43.093Z,855,3
16,13,2023-08-15T21:36:53.093Z,254,3
6,10,2023-08-15T21:37:03.093Z,111,8
3,5,2023-08-15T21:36:03.093Z,608,2
5,17,2023-08-15T21:36:13.093Z,420,3
1,18,2023-08-15T21:36:23.093Z,544,7
2,6,2023-08-15T21:36:33.093Z,111,1
22,25,2023-08-15T21:36:33.093Z,28,6
4,9,2023-08-15T21:36:53.093Z,608,2
7,1,2023-08-15T21:37:03.093Z,806,1
7,3,2023-08-15T21:37:13.093Z,264,1
9,14,2023-08-15T21:37:23.093Z,111,13
34,18,2023-08-15T21:37:23.093Z,250,7
0,3,2023-08-15T21:36:03.093Z,111,1
4,5,2023-08-15T21:36:13.093Z,284,2
6,10,2023-08-15T21:36:23.093Z,380,8
21,16,2023-08-15T21:36:23.093Z,254,9
0,6,2023-08-15T21:36:33.093Z,861,1
3,11,2023-08-15T21:36:43.093Z,299,2
10,5,2023-08-15T21:37:03.093Z,861,2
27,34,2023-08-15T21:37:03.093Z,916,5
10,9,2023-08-15T20:52:53.093Z,549,2
13,8,2023-08-15T20:52:53.093Z,979,13
17,22,2023-08-15T20:52:53.093Z,815,9
31,32,2023-08-15T20:52:53.093Z,246,12
1,0,2023-08-15T20:53:03.093Z,119,7
7,3,2023-08-15T20:53:03.093Z,206,1
14,13,2023-08-15T20:53:03.093Z,606,3
16,19,2023-08-15T20:53:03.093Z,727,3
21,23,2023-08-15T20:53:03.093Z,956,9
31,32,2023-08-15T20:53:03.093Z,509,12
6,10,2023-08-15T20:53:13.093Z,49,8
8,5,2023-08-15T20:53:13.093Z,979,2
11,7,2023-08-15T20:53:13.093Z,314,8
16,20,2023-08-15T20:53:13.093Z,843,3
27,34,2023-08-15T20:53:13.093Z,722,5
10,2,2023-08-15T20:53:23.093Z,49,2
14,17,2023-08-15T20:53:23.093Z,608,3
23,24,2023-08-15T20:53:23.093Z,181,14
34,0,2023-08-15T20:53:23.093Z,136,7
5,17,2023-08-15T20:53:33.093Z,979,3
12,7,2023-08-15T20:53:33.093Z,528,8
18,12,2023-08-15T20:53:33.093Z,583,3
28,30,2023-08-15T20:53:33.093Z,251,10
3,9,2023-08-15T20:53:43.093Z,314,2
12,10,2023-08-15T20:53:43.093Z,376,8
12,7,2023-08-15T20:53:13.093Z,570,8
30,32,2023-08-15T20:53:13.093Z,663,12
32,21,2023-08-15T20:53:13.093Z,246,6
8,2,2023-08-15T20:53:23.093Z,549,2
30,32,2023-08-15T20:53:23.093Z,694,12
7,3,2023-08-15T20:53:33.093Z,314,1
24,35,2023-08-15T20:53:33.093Z,181,4
7,1,2023-08-15T20:53:43.093Z,570,1
27,31,2023-08-15T20:53:43.093Z,794,5
32,21,2023-08-15T20:53:43.093Z,9,6
34,0,2023-08-15T20:53:43.093Z,478,7
9,14,2023-08-15T20:53:53.093Z,314,13
27,31,2023-08-15T20:53:53.093Z,8,5
2,1,2023-08-15T20:54:03.093Z,49,1
15,19,2023-08-15T20:54:03.093Z,399,3
31,32,2023-08-15T20:54:03.093Z,794,12
10,5,2023-08-15T20:53:53.093Z,376,2
16,12,2023-08-15T20:53:53.093Z,830,3
32,28,2023-08-15T20:53:53.093Z,694,6
13,8,2023-08-15T20:54:03.093Z,819,13
28,29,2023-08-15T20:54:03.093Z,694,10
33,25,2023-08-15T20:54:03.093Z,359,6
32,21,2023-08-15T20:53:33.093Z,663,6
5,12,2023-08-15T20:53:43.093Z,606,3
14,13,2023-08-15T20:53:43.093Z,819,3
17,23,2023-08-15T20:53:13.093Z,181,9
31,32,2023-08-15T20:53:13.093Z,9,12
4,9,2023-08-15T20:53:23.093Z,2,2
16,12,2023-08-15T20:53:23.093Z,463,3
2,1,2023-08-15T20:53:33.093Z,855,1
16,20,2023-08-15T20:53:33.093Z,845,3
34,33,2023-08-15T20:53:33.093Z,344,7
16,17,2023-08-15T20:53:43.093Z,148,3
28,29,2023-08-15T20:53:43.093Z,904,10
33,21,2023-08-15T20:53:43.093Z,919,6
35,30,2023-08-15T20:53:43.093Z,185,10
17,22,2023-08-15T20:53:53.093Z,608,9
29,27,2023-08-15T20:53:53.093Z,904,11
7,6,2023-08-15T20:54:03.093Z,528,1
19,18,2023-08-15T20:54:03.093Z,15,7
34,0,2023-08-15T20:54:03.093Z,607,7
12,10,2023-08-15T20:53:53.093Z,463,8
23,15,2023-08-15T20:53:53.093Z,264,14
33,28,2023-08-15T20:53:53.093Z,885,6
16,17,2023-08-15T20:54:03.093Z,807,3
30,32,2023-08-15T20:54:03.093Z,251,12
0,6,2023-08-15T20:54:13.093Z,119,1
8,5,2023-08-15T20:54:13.093Z,819,2
13,14,2023-08-15T20:54:13.093Z,688,13
16,20,2023-08-15T20:54:13.093Z,889,3
20,26,2023-08-15T20:54:13.093Z,843,4
25,24,2023-08-15T20:54:13.093Z,359,14
27,31,2023-08-15T20:54:13.093Z,138,5
1,18,2023-08-15T20:54:23.093Z,744,7
2,1,2023-08-15T20:54:23.093Z,489,1
12,7,2023-08-15T20:54:23.093Z,606,8
14,12,2023-08-15T20:54:23.093Z,314,3
16,4,2023-08-15T20:54:23.093Z,326,3
17,23,2023-08-15T20:54:23.093Z,979,9
20,26,2023-08-15T20:54:23.093Z,845,4
22,34,2023-08-15T20:54:23.093Z,724,6
2,6,2023-08-15T20:54:13.093Z,108,1
9,14,2023-08-15T20:54:13.093Z,432,13
10,9,2023-08-15T20:54:13.093Z,463,2
22,34,2023-08-15T20:54:13.093Z,195,6
30,32,2023-08-15T20:54:13.093Z,185,12
31,32,2023-08-15T20:54:13.093Z,8,12
34,18,2023-08-15T20:54:13.093Z,647,7
35,30,2023-08-15T20:54:13.093Z,978,10
0,6,2023-08-15T20:54:23.093Z,717,1
7,6,2023-08-15T20:54:23.093Z,284,1
9,14,2023-08-15T20:54:23.093Z,463,13
30,32,2023-08-15T20:54:23.093Z,154,12
32,34,2023-08-15T20:54:23.093Z,251,6
1,18,2023-08-15T20:54:33.093Z,631,7
6,10,2023-08-15T20:54:33.093Z,119,8
0,3,2023-08-15T20:54:43.093Z,478,1
14,4,2023-08-15T20:54:43.093Z,688,3
6,10,2023-08-15T20:54:53.093Z,717,8
15,4,2023-08-15T20:54:53.093Z,264,3
18,13,2023-08-15T20:54:53.093Z,744,3
0,3,2023-08-15T20:55:03.093Z,607,1
6,10,2023-08-15T20:55:03.093Z,284,8
10,2,2023-08-15T20:55:03.093Z,717,2
13,14,2023-08-15T20:55:03.093Z,376,13
14,20,2023-08-15T20:55:03.093Z,463,3
22,34,2023-08-15T20:55:03.093Z,815,6
12,10,2023-08-15T20:55:13.093Z,155,8
27,31,2023-08-15T20:54:23.093Z,922,5
29,27,2023-08-15T20:54:23.093Z,694,11
33,21,2023-08-15T20:54:23.093Z,344,6
0,6,2023-08-15T20:54:33.093Z,136,1
5,13,2023-08-15T20:54:33.093Z,376,3
16,12,2023-08-15T20:54:33.093Z,155,3
18,12,2023-08-15T20:54:33.093Z,15,3
21,22,2023-08-15T20:54:33.093Z,246,9
35,29,2023-08-15T20:54:33.093Z,181,10
5,17,2023-08-15T20:54:43.093Z,819,3
6,7,2023-08-15T20:54:43.093Z,108,8
21,16,2023-08-15T20:54:43.093Z,663,9
31,32,2023-08-15T20:54:43.093Z,138,12
3,9,2023-08-15T20:54:53.093Z,478,2
24,35,2023-08-15T20:54:53.093Z,979,4
27,34,2023-08-15T20:54:53.093Z,53,5
9,8,2023-08-15T20:55:03.093Z,478,13
20,35,2023-08-15T20:55:03.093Z,889,4
7,3,2023-08-15T20:55:13.093Z,606,1
18,17,2023-08-15T20:55:13.093Z,396,3
22,25,2023-08-15T20:55:13.093Z,608,6
32,34,2023-08-15T20:55:13.093Z,8,6
4,9,2023-08-15T20:55:23.093Z,647,2
12,10,2023-08-15T20:55:23.093Z,15,8
20,35,2023-08-15T20:55:23.093Z,582,4
25,15,2023-08-15T20:55:23.093Z,185,14
32,34,2023-08-15T20:55:23.093Z,154,6
5,17,2023-08-15T20:55:33.093Z,284,3
11,10,2023-08-15T20:55:33.093Z,606,8
20,35,2023-08-15T20:55:33.093Z,998,4
29,27,2023-08-15T20:55:33.093Z,889,11
34,18,2023-08-15T20:55:33.093Z,143,7
7,3,2023-08-15T20:55:43.093Z,119,1
20,35,2023-08-15T20:55:43.093Z,326,4
34,33,2023-08-15T20:55:43.093Z,764,7
27,31,2023-08-15T20:55:53.093Z,853,5
17,23,2023-08-15T20:54:33.093Z,148,9
30,32,2023-08-15T20:54:33.093Z,978,12
13,8,2023-08-15T20:55:13.093Z,432,13
21,16,2023-08-15T20:55:13.093Z,344,9
25,15,2023-08-15T20:55:13.093Z,794,14
3,11,2023-08-15T20:55:23.093Z,606,2
7,1,2023-08-15T20:55:23.093Z,108,1
13,8,2023-08-15T20:55:23.093Z,744,13
22,34,2023-08-15T20:55:23.093Z,246,6
27,31,2023-08-15T20:55:23.093Z,921,5
2,3,2023-08-15T20:55:33.093Z,688,1
9,8,2023-08-15T20:55:33.093Z,647,13
12,7,2023-08-15T20:55:33.093Z,631,8
25,15,2023-08-15T20:55:33.093Z,608,14
32,25,2023-08-15T20:55:33.093Z,978,6
2,1,2023-08-15T20:55:43.093Z,155,1
14,17,2023-08-15T20:55:43.093Z,376,3
26,27,2023-08-15T20:55:43.093Z,809,11
20,35,2023-08-15T20:55:53.093Z,463,4
14,13,2023-08-15T20:54:33.093Z,432,3
27,34,2023-08-15T20:54:33.093Z,934,5
32,25,2023-08-15T20:54:33.093Z,794,6
4,5,2023-08-15T20:54:43.093Z,326,2
17,22,2023-08-15T20:54:43.093Z,807,9
23,24,2023-08-15T20:54:43.093Z,979,14
32,25,2023-08-15T20:54:43.093Z,185,6
5,20,2023-08-15T20:54:53.093Z,326,3
21,16,2023-08-15T20:54:53.093Z,9,9
23,15,2023-08-15T20:54:53.093Z,148,14
16,20,2023-08-15T20:55:03.093Z,771,3
18,12,2023-08-15T20:55:03.093Z,631,3
27,31,2023-08-15T20:55:03.093Z,857,5
4,2,2023-08-15T20:55:13.093Z,688,2
15,20,2023-08-15T20:55:13.093Z,148,3
26,27,2023-08-15T20:55:13.093Z,731,11
34,0,2023-08-15T20:55:13.093Z,936,7
6,10,2023-08-15T20:55:23.093Z,136,8
21,16,2023-08-15T20:55:23.093Z,861,9
26,27,2023-08-15T20:55:23.093Z,758,11
35,29,2023-08-15T20:55:23.093Z,889,10
10,9,2023-08-15T20:55:33.093Z,136,2
27,31,2023-08-15T20:55:33.093Z,765,5
8,5,2023-08-15T20:55:43.093Z,432,2
10,9,2023-08-15T20:55:43.093Z,15,2
32,34,2023-08-15T20:55:43.093Z,138,6
7,6,2023-08-15T20:55:53.093Z,631,1
16,20,2023-08-15T20:54:43.093Z,998,3
18,4,2023-08-15T20:54:43.093Z,647,3
29,27,2023-08-15T20:54:43.093Z,181,11
34,18,2023-08-15T20:54:43.093Z,396,7
10,11,2023-08-15T20:54:53.093Z,119,2
22,21,2023-08-15T20:54:53.093Z,861,6
11,7,2023-08-15T20:55:03.093Z,119,8
17,16,2023-08-15T20:55:03.093Z,819,9
21,23,2023-08-15T20:55:03.093Z,919,9
3,5,2023-08-15T20:55:13.093Z,607,2
10,5,2023-08-15T20:55:13.093Z,284,2
23,24,2023-08-15T20:55:13.093Z,919,14
27,34,2023-08-15T20:55:13.093Z,347,5
35,30,2023-08-15T20:55:13.093Z,979,10
10,2,2023-08-15T20:55:23.093Z,155,2
24,35,2023-08-15T20:55:23.093Z,919,4
30,32,2023-08-15T20:55:23.093Z,979,12
4,5,2023-08-15T20:55:33.093Z,264,2
16,4,2023-08-15T20:55:33.093Z,9,3
0,3,2023-08-15T20:55:43.093Z,936,1
9,8,2023-08-15T20:55:43.093Z,136,13
27,34,2023-08-15T20:55:43.093Z,259,5
3,11,2023-08-15T20:55:53.093Z,688,2
16,19,2023-08-15T20:55:53.093Z,819,3
9,14,2023-08-15T20:55:53.093Z,15,13
26,27,2023-08-15T20:55:53.093Z,455,11
32,25,2023-08-15T20:55:53.093Z,979,6
34,33,2023-08-15T20:55:53.093Z,661,7
16,20,2023-08-15T20:56:03.093Z,344,3
18,17,2023-08-15T20:56:03.093Z,143,3
7,1,2023-08-15T20:56:13.093Z,688,1
8,5,2023-08-15T20:56:13.093Z,478,2
20,35,2023-08-15T20:56:13.093Z,148,4
25,15,2023-08-15T20:56:13.093Z,978,14
27,34,2023-08-15T20:56:13.093Z,683,5
2,1,2023-08-15T20:56:23.093Z,606,1
8,5,2023-08-15T20:56:23.093Z,647,2
35,29,2023-08-15T20:55:53.093Z,582,10
3,2,2023-08-15T20:56:03.093Z,936,2
5,12,2023-08-15T20:56:03.093Z,264,3
6,10,2023-08-15T20:56:03.093Z,631,8
8,9,2023-08-15T20:56:03.093Z,744,2
10,2,2023-08-15T20:56:03.093Z,606,2
11,7,2023-08-15T20:56:03.093Z,688,8
20,26,2023-08-15T20:56:03.093Z,771,4
27,31,2023-08-15T20:56:03.093Z,563,5
29,27,2023-08-15T20:56:03.093Z,582,11
2,6,2023-08-15T20:56:13.093Z,936,1
3,2,2023-08-15T20:56:13.093Z,119,2
5,4,2023-08-15T20:56:13.093Z,432,3
9,14,2023-08-15T20:56:13.093Z,744,13
26,27,2023-08-15T20:56:13.093Z,827,11
35,30,2023-08-15T20:56:13.093Z,998,10
6,10,2023-08-15T20:56:23.093Z,936,8
19,18,2023-08-15T20:56:23.093Z,428,7
21,22,2023-08-15T20:56:23.093Z,114,9
26,27,2023-08-15T20:56:23.093Z,840,11
31,32,2023-08-15T20:56:23.093Z,921,12
35,29,2023-08-15T20:56:23.093Z,326,10
5,12,2023-08-15T20:56:33.093Z,478,3
15,12,2023-08-15T20:56:33.093Z,185,3
18,13,2023-08-15T20:56:33.093Z,428,3
29,27,2023-08-15T20:56:33.093Z,326,11
32,34,2023-08-15T20:56:33.093Z,998,6
8,5,2023-08-15T20:56:43.093Z,136,2
25,24,2023-08-15T20:56:43.093Z,764,14
32,34,2023-08-15T20:56:43.093Z,921,6
4,11,2023-08-15T20:56:53.093Z,15,2
15,12,2023-08-15T20:56:53.093Z,608,3
27,31,2023-08-15T20:56:53.093Z,322,5
2,6,2023-08-15T20:57:03.093Z,432,1
15,13,2023-08-15T20:57:03.093Z,978,3
26,27,2023-08-15T20:57:03.093Z,180,11
31,32,2023-08-15T20:57:03.093Z,853,12
15,19,2023-08-15T20:56:23.093Z,794,3
20,35,2023-08-15T20:56:23.093Z,344,4
25,15,2023-08-15T20:56:23.093Z,979,14
30,32,2023-08-15T20:56:23.093Z,998,12
33,25,2023-08-15T20:56:23.093Z,764,6
4,2,2023-08-15T20:56:33.093Z,432,2
14,4,2023-08-15T20:56:33.093Z,15,3
16,12,2023-08-15T20:56:33.093Z,861,3
27,34,2023-08-15T20:56:33.093Z,879,5
31,32,2023-08-15T20:56:33.093Z,765,12
34,33,2023-08-15T20:56:33.093Z,112,7
24,26,2023-08-15T20:56:43.093Z,609,4
27,34,2023-08-15T20:56:43.093Z,14,5
34,33,2023-08-15T20:56:43.093Z,365,7
11,7,2023-08-15T20:56:53.093Z,841,8
24,26,2023-08-15T20:56:53.093Z,764,4
35,29,2023-08-15T20:56:53.093Z,463,10
13,14,2023-08-15T20:57:03.093Z,428,13
19,18,2023-08-15T20:57:03.093Z,231,7
29,27,2023-08-15T20:57:03.093Z,463,11
13,8,2023-08-15T20:57:13.093Z,978,13
19,18,2023-08-15T20:57:13.093Z,775,7
26,27,2023-08-15T20:57:13.093Z,633,11
1,18,2023-08-15T20:57:23.093Z,364,7
10,2,2023-08-15T20:57:23.093Z,478,2
27,34,2023-08-15T20:57:23.093Z,193,5
4,2,2023-08-15T20:57:33.093Z,744,2
31,32,2023-08-15T20:57:33.093Z,322,12
10,11,2023-08-15T20:56:53.093Z,936,2
32,34,2023-08-15T20:56:53.093Z,765,6
17,23,2023-08-15T20:57:03.093Z,284,9
34,33,2023-08-15T20:57:03.093Z,990,7
5,13,2023-08-15T20:57:13.093Z,136,3
14,4,2023-08-15T20:57:13.093Z,744,3
34,33,2023-08-15T20:57:13.093Z,210,7
17,23,2023-08-15T20:57:23.093Z,143,9
32,21,2023-08-15T20:57:23.093Z,853,6
2,1,2023-08-15T20:57:33.093Z,478,1
26,27,2023-08-15T20:57:33.093Z,843,11
30,32,2023-08-15T20:57:33.093Z,352,12
12,10,2023-08-15T20:57:13.093Z,478,8
17,16,2023-08-15T20:57:13.093Z,376,9
23,15,2023-08-15T20:57:13.093Z,284,14
35,29,2023-08-15T20:57:13.093Z,148,10
8,5,2023-08-15T20:57:23.093Z,978,2
26,27,2023-08-15T20:57:23.093Z,406,11
33,21,2023-08-15T20:57:23.093Z,661,6
5,17,2023-08-15T20:57:33.093Z,978,3
33,25,2023-08-15T20:57:33.093Z,112,6
19,18,2023-08-15T20:56:53.093Z,819,7
11,7,2023-08-15T20:57:03.093Z,15,8
27,34,2023-08-15T20:57:03.093Z,644,5
1,33,2023-08-15T20:57:13.093Z,146,7
11,7,2023-08-15T20:57:13.093Z,936,8
22,34,2023-08-15T20:57:13.093Z,114,6
6,7,2023-08-15T20:57:23.093Z,432,8
29,27,2023-08-15T20:57:23.093Z,148,11
35,29,2023-08-15T20:57:23.093Z,344,10
23,24,2023-08-15T20:57:33.093Z,143,14
27,31,2023-08-15T20:57:33.093Z,409,5
34,18,2023-08-15T20:57:33.093Z,492,7
2,6,2023-08-15T20:57:43.093Z,744,1
13,14,2023-08-15T20:57:43.093Z,136,13
14,20,2023-08-15T20:57:43.093Z,428,3
15,4,2023-08-15T20:57:43.093Z,979,3
24,35,2023-08-15T20:57:43.093Z,143,4
26,27,2023-08-15T20:57:43.093Z,845,11
29,27,2023-08-15T20:57:43.093Z,344,11
1,33,2023-08-15T20:57:53.093Z,423,7
2,1,2023-08-15T20:57:53.093Z,717,1
22,21,2023-08-15T20:58:03.093Z,236,6
34,0,2023-08-15T20:58:03.093Z,346,7
6,10,2023-08-15T20:58:13.093Z,841,8
10,5,2023-08-15T20:58:23.093Z,841,2
25,24,2023-08-15T20:58:23.093Z,990,14
27,31,2023-08-15T20:58:33.093Z,667,5
33,25,2023-08-15T20:58:33.093Z,399,6
25,15,2023-08-15T20:58:43.093Z,399,14
0,3,2023-08-15T20:58:53.093Z,346,1
15,17,2023-08-15T20:58:53.093Z,112,3
31,32,2023-08-15T20:58:53.093Z,667,12
15,12,2023-08-15T20:59:03.093Z,545,3
21,16,2023-08-15T20:59:03.093Z,365,9
5,20,2023-08-15T20:59:13.093Z,231,3
21,23,2023-08-15T20:59:13.093Z,322,9
27,34,2023-08-15T20:57:53.093Z,220,5
6,10,2023-08-15T20:58:03.093Z,744,8
31,32,2023-08-15T20:58:03.093Z,409,12
35,30,2023-08-15T20:58:03.093Z,143,10
7,1,2023-08-15T20:58:13.093Z,432,1
20,26,2023-08-15T20:58:13.093Z,428,4
18,20,2023-08-15T20:58:23.093Z,775,3
27,34,2023-08-15T20:58:23.093Z,360,5
24,35,2023-08-15T20:58:33.093Z,990,4
7,6,2023-08-15T20:57:43.093Z,841,1
16,20,2023-08-15T20:57:43.093Z,376,3
17,22,2023-08-15T20:57:43.093Z,236,9
18,13,2023-08-15T20:57:43.093Z,819,3
32,34,2023-08-15T20:57:43.093Z,352,6
33,21,2023-08-15T20:57:43.093Z,365,6
25,15,2023-08-15T20:57:53.093Z,112,14
26,27,2023-08-15T20:57:53.093Z,771,11
32,21,2023-08-15T20:57:53.093Z,322,6
17,22,2023-08-15T20:58:03.093Z,978,9
26,27,2023-08-15T20:58:03.093Z,609,11
18,4,2023-08-15T20:58:13.093Z,231,3
19,33,2023-08-15T20:58:13.093Z,399,7
26,27,2023-08-15T20:58:13.093Z,410,11
32,28,2023-08-15T20:58:13.093Z,409,6
14,17,2023-08-15T20:58:23.093Z,136,3
19,33,2023-08-15T20:58:33.093Z,479,7
32,21,2023-08-15T20:58:33.093Z,641,6
18,13,2023-08-15T20:58:43.093Z,364,3
27,34,2023-08-15T20:58:43.093Z,822,5
4,5,2023-08-15T20:58:53.093Z,231,2
17,22,2023-08-15T20:58:53.093Z,136,9
34,0,2023-08-15T20:58:53.093Z,306,7
18,4,2023-08-15T20:59:03.093Z,492,3
2,3,2023-08-15T20:59:13.093Z,819,1
18,13,2023-08-15T20:59:13.093Z,354,3
27,31,2023-08-15T20:59:13.093Z,451,5
33,25,2023-08-15T20:57:53.093Z,990,6
13,14,2023-08-15T20:58:03.093Z,819,13
33,21,2023-08-15T20:58:03.093Z,146,6
1,18,2023-08-15T20:58:13.093Z,354,7
17,22,2023-08-15T20:58:13.093Z,982,9
33,21,2023-08-15T20:58:13.093Z,210,6
19,0,2023-08-15T20:58:23.093Z,976,7
33,21,2023-08-15T20:58:23.093Z,423,6
26,27,2023-08-15T20:58:33.093Z,428,11
14,4,2023-08-15T20:58:43.093Z,819,3
21,23,2023-08-15T20:58:43.093Z,853,9
34,18,2023-08-15T20:58:43.093Z,912,7
23,15,2023-08-15T20:58:53.093Z,853,14
4,2,2023-08-15T20:59:03.093Z,819,2
1,0,2023-08-15T20:59:13.093Z,806,7
15,19,2023-08-15T20:58:43.093Z,284,3
22,34,2023-08-15T20:58:43.093Z,978,6
5,13,2023-08-15T20:58:53.093Z,841,3
0,6,2023-08-15T20:59:03.093Z,976,1
27,34,2023-08-15T20:59:03.093Z,402,5
20,35,2023-08-15T20:59:13.093Z,376,4
1,18,2023-08-15T20:59:23.093Z,260,7
18,4,2023-08-15T20:59:23.093Z,912,3
23,24,2023-08-15T20:59:23.093Z,322,14
0,3,2023-08-15T20:59:33.093Z,306,1
17,23,2023-08-15T20:59:33.093Z,112,9
11,10,2023-08-15T20:59:43.093Z,819,8
23,24,2023-08-15T20:59:43.093Z,112,14
11,7,2023-08-15T20:59:53.093Z,306,8
34,18,2023-08-15T20:59:53.093Z,763,7
26,27,2023-08-15T21:00:03.093Z,775,11
0,6,2023-08-15T21:00:13.093Z,520,1
18,20,2023-08-15T21:00:13.093Z,763,3
2,6,2023-08-15T21:00:23.093Z,806,1
16,4,2023-08-15T21:00:23.093Z,146,3
1,18,2023-08-15T21:00:33.093Z,838,7
11,7,2023-08-15T21:00:33.093Z,912,8
30,32,2023-08-15T21:00:33.093Z,423,12
5,13,2023-08-15T21:00:43.093Z,236,3
31,32,2023-08-15T21:00:43.093Z,353,12
4,9,2023-08-15T21:00:53.093Z,364,2
18,20,2023-08-15T21:00:53.093Z,838,3
32,25,2023-08-15T21:00:53.093Z,635,6
16,4,2023-08-15T20:59:23.093Z,365,3
22,34,2023-08-15T20:59:23.093Z,982,6
35,30,2023-08-15T20:59:23.093Z,990,10
15,13,2023-08-15T20:59:33.093Z,853,3
3,11,2023-08-15T20:59:43.093Z,306,2
21,16,2023-08-15T20:59:43.093Z,146,9
0,3,2023-08-15T20:59:53.093Z,806,1
6,10,2023-08-15T20:59:23.093Z,976,8
21,16,2023-08-15T20:59:23.093Z,236,9
32,34,2023-08-15T20:59:23.093Z,667,6
10,5,2023-08-15T20:59:33.093Z,976,2
34,33,2023-08-15T20:59:33.093Z,404,7
16,4,2023-08-15T20:59:43.093Z,236,3
34,0,2023-08-15T20:59:43.093Z,520,7
27,31,2023-08-15T20:59:53.093Z,635,5
4,9,2023-08-15T21:00:03.093Z,492,2
31,32,2023-08-15T21:00:03.093Z,418,12
5,12,2023-08-15T21:00:13.093Z,976,3
22,28,2023-08-15T21:00:13.093Z,423,6
7,6,2023-08-15T21:00:23.093Z,306,1
28,30,2023-08-15T21:00:23.093Z,423,10
4,5,2023-08-15T21:00:33.093Z,236,2
14,4,2023-08-15T21:00:33.093Z,364,3
34,33,2023-08-15T21:00:33.093Z,892,7
14,17,2023-08-15T21:00:43.093Z,5,3
2,1,2023-08-15T21:00:53.093Z,841,1
7,6,2023-08-15T21:00:53.093Z,912,1
27,34,2023-08-15T21:00:53.093Z,900,5
3,5,2023-08-15T20:59:23.093Z,346,2
20,26,2023-08-15T20:59:23.093Z,775,4
27,34,2023-08-15T20:59:23.093Z,104,5
3,11,2023-08-15T20:59:33.093Z,819,2
24,26,2023-08-15T20:59:33.093Z,322,4
13,14,2023-08-15T20:59:43.093Z,364,13
27,31,2023-08-15T20:59:43.093Z,418,5
18,12,2023-08-15T20:59:53.093Z,260,3
31,32,2023-08-15T20:59:53.093Z,451,12
21,22,2023-08-15T21:00:03.093Z,423,9
34,33,2023-08-15T21:00:03.093Z,453,7
9,14,2023-08-15T21:00:13.093Z,492,13
31,32,2023-08-15T21:00:13.093Z,635,12
13,8,2023-08-15T21:00:23.093Z,841,13
34,33,2023-08-15T21:00:23.093Z,579,7
8,2,2023-08-15T21:00:33.093Z,841,2
27,31,2023-08-15T21:00:33.093Z,800,5
4,11,2023-08-15T21:00:43.093Z,146,2
27,31,2023-08-15T21:00:43.093Z,96,5
3,11,2023-08-15T21:00:53.093Z,365,2
11,7,2023-08-15T21:00:53.093Z,146,8
31,32,2023-08-15T21:00:53.093Z,800,12
3,2,2023-08-15T21:00:03.093Z,806,2
27,34,2023-08-15T21:00:03.093Z,97,5
4,2,2023-08-15T21:00:13.093Z,365,2
21,22,2023-08-15T21:00:13.093Z,641,9
4,11,2023-08-15T21:00:23.093Z,912,2
27,31,2023-08-15T21:00:23.093Z,353,5
2,3,2023-08-15T21:00:33.093Z,365,1
13,14,2023-08-15T21:00:33.093Z,354,13
32,34,2023-08-15T21:00:33.093Z,451,6
13,8,2023-08-15T21:00:43.093Z,853,13
32,34,2023-08-15T21:00:43.093Z,418,6
6,10,2023-08-15T21:00:53.093Z,520,8
20,35,2023-08-15T21:00:53.093Z,763,4
34,33,2023-08-15T21:00:53.093Z,254,7
15,17,2023-08-15T21:01:03.093Z,186,3
5,19,2023-08-15T21:01:13.093Z,853,3
7,6,2023-08-15T21:01:13.093Z,365,1
9,14,2023-08-15T21:01:13.093Z,520,13
25,24,2023-08-15T21:01:13.093Z,635,14
30,32,2023-08-15T21:01:13.093Z,763,12
31,32,2023-08-15T21:01:13.093Z,121,12
8,5,2023-08-15T21:01:03.093Z,853,2
10,9,2023-08-15T21:01:03.093Z,520,2
27,34,2023-08-15T21:01:03.093Z,296,5
34,0,2023-08-15T21:01:03.093Z,859,7
32,25,2023-08-15T21:01:13.093Z,353,6
32,25,2023-08-15T21:01:23.093Z,800,6
33,21,2023-08-15T21:01:43.093Z,453,6
19,0,2023-08-15T21:01:53.093Z,395,7
31,32,2023-08-15T21:01:53.093Z,100,12
1,18,2023-08-15T21:02:03.093Z,504,7
10,5,2023-08-15T21:01:23.093Z,306,2
13,8,2023-08-15T21:01:23.093Z,960,13
14,20,2023-08-15T21:01:23.093Z,492,3
24,26,2023-08-15T21:01:23.093Z,635,4
31,32,2023-08-15T21:01:23.093Z,552,12
34,18,2023-08-15T21:01:23.093Z,668,7
5,12,2023-08-15T21:01:33.093Z,364,3
22,34,2023-08-15T21:01:33.093Z,641,6
5,20,2023-08-15T21:01:43.093Z,306,3
17,22,2023-08-15T21:01:43.093Z,186,9
32,25,2023-08-15T21:01:43.093Z,121,6
8,2,2023-08-15T21:01:53.093Z,960,2
14,20,2023-08-15T21:01:53.093Z,236,3
33,28,2023-08-15T21:01:53.093Z,579,6
21,22,2023-08-15T21:02:03.093Z,479,9
34,33,2023-08-15T21:02:03.093Z,825,7
5,20,2023-08-15T21:02:13.093Z,365,3
25,15,2023-08-15T21:02:13.093Z,800,14
34,0,2023-08-15T21:02:13.093Z,491,7
3,5,2023-08-15T21:02:23.093Z,383,2
8,5,2023-08-15T21:02:23.093Z,912,2
22,34,2023-08-15T21:02:23.093Z,361,6
17,23,2023-08-15T21:02:33.093Z,668,9
5,13,2023-08-15T21:01:03.093Z,960,3
11,7,2023-08-15T21:01:03.093Z,365,8
32,25,2023-08-15T21:01:03.093Z,423,6
6,10,2023-08-15T21:01:13.093Z,306,8
13,14,2023-08-15T21:01:13.093Z,236,13
6,10,2023-08-15T21:01:23.093Z,912,8
21,22,2023-08-15T21:01:23.093Z,361,9
33,21,2023-08-15T21:01:23.093Z,479,6
10,9,2023-08-15T21:01:33.093Z,912,2
33,28,2023-08-15T21:01:33.093Z,404,6
9,8,2023-08-15T21:01:43.093Z,912,13
18,17,2023-08-15T21:01:43.093Z,668,3
27,34,2023-08-15T21:01:43.093Z,173,5
3,11,2023-08-15T21:01:53.093Z,859,2
32,25,2023-08-15T21:01:53.093Z,552,6
33,28,2023-08-15T21:02:03.093Z,892,6
22,34,2023-08-15T21:02:13.093Z,5,6
5,12,2023-08-15T21:02:23.093Z,354,3
27,34,2023-08-15T21:02:23.093Z,828,5
8,5,2023-08-15T21:02:33.093Z,938,2
2,1,2023-08-15T21:02:03.093Z,960,1
32,25,2023-08-15T21:02:03.093Z,100,6
1,0,2023-08-15T21:02:13.093Z,212,7
21,16,2023-08-15T21:02:13.093Z,453,9
27,34,2023-08-15T21:02:13.093Z,247,5
0,6,2023-08-15T21:02:23.093Z,395,1
4,5,2023-08-15T21:02:23.093Z,894,2
10,9,2023-08-15T21:02:23.093Z,859,2
25,15,2023-08-15T21:02:23.093Z,121,14
27,34,2023-08-15T21:02:33.093Z,252,5
9,8,2023-08-15T21:01:03.093Z,364,13
17,22,2023-08-15T21:01:03.093Z,5,9
35,30,2023-08-15T21:01:03.093Z,763,10
8,5,2023-08-15T21:01:13.093Z,364,2
27,31,2023-08-15T21:01:13.093Z,552,5
20,35,2023-08-15T21:01:23.093Z,838,4
27,31,2023-08-15T21:01:23.093Z,100,5
6,10,2023-08-15T21:01:33.093Z,365,8
14,4,2023-08-15T21:01:33.093Z,354,3
0,3,2023-08-15T21:01:43.093Z,859,1
10,5,2023-08-15T21:01:43.093Z,365,2
25,15,2023-08-15T21:01:43.093Z,353,14
28,29,2023-08-15T21:01:43.093Z,404,10
27,34,2023-08-15T21:01:53.093Z,729,5
11,10,2023-08-15T21:02:03.093Z,859,8
4,5,2023-08-15T21:02:13.093Z,354,2
33,25,2023-08-15T21:02:13.093Z,254,6
20,35,2023-08-15T21:02:23.093Z,492,4
34,33,2023-08-15T21:02:23.093Z,35,7
34,0,2023-08-15T21:02:33.093Z,813,7
3,2,2023-08-15T21:02:43.093Z,206,2
4,5,2023-08-15T21:02:43.093Z,468,2
5,17,2023-08-15T21:02:43.093Z,383,3
9,8,2023-08-15T21:02:43.093Z,859,13
16,4,2023-08-15T21:02:43.093Z,453,3
18,12,2023-08-15T21:02:43.093Z,504,3
20,26,2023-08-15T21:02:43.093Z,236,4
22,34,2023-08-15T21:02:43.093Z,186,6
23,24,2023-08-15T21:02:43.093Z,668,14
25,15,2023-08-15T21:02:43.093Z,100,14
33,28,2023-08-15T21:02:43.093Z,825,6
5,17,2023-08-15T21:02:53.093Z,894,3
13,14,2023-08-15T21:02:53.093Z,200,13
15,13,2023-08-15T21:02:53.093Z,353,3
20,26,2023-08-15T21:02:53.093Z,365,4
24,35,2023-08-15T21:02:53.093Z,668,4
25,24,2023-08-15T21:02:53.093Z,254,14
28,30,2023-08-15T21:02:53.093Z,825,10
35,30,2023-08-15T21:02:53.093Z,492,10
1,0,2023-08-15T21:03:03.093Z,217,7
2,1,2023-08-15T21:03:03.093Z,206,1
5,20,2023-08-15T21:03:03.093Z,912,3
15,17,2023-08-15T21:03:03.093Z,800,3
26,27,2023-08-15T21:03:03.093Z,236,11
30,32,2023-08-15T21:03:03.093Z,825,12
1,33,2023-08-15T21:03:13.093Z,155,7
4,9,2023-08-15T21:03:13.093Z,453,2
5,13,2023-08-15T21:03:13.093Z,938,3
8,5,2023-08-15T21:03:13.093Z,859,2
14,12,2023-08-15T21:03:13.093Z,200,3
15,20,2023-08-15T21:03:13.093Z,121,3
17,16,2023-08-15T21:03:13.093Z,383,9
24,35,2023-08-15T21:03:13.093Z,254,4
26,27,2023-08-15T21:03:13.093Z,365,11
34,33,2023-08-15T21:03:13.093Z,204,7
4,2,2023-08-15T21:03:23.093Z,9,2
5,13,2023-08-15T21:03:23.093Z,468,3
9,8,2023-08-15T21:03:23.093Z,453,13
15,4,2023-08-15T21:03:23.093Z,100,3
22,34,2023-08-15T21:03:23.093Z,205,6
32,34,2023-08-15T21:03:23.093Z,630,6
34,18,2023-08-15T21:03:23.093Z,224,7
2,6,2023-08-15T21:03:33.093Z,9,1
8,2,2023-08-15T21:03:33.093Z,453,2
16,13,2023-08-15T21:03:33.093Z,383,3
20,35,2023-08-15T21:03:33.093Z,912,4
22,28,2023-08-15T21:03:33.093Z,479,6
32,21,2023-08-15T21:03:33.093Z,825,6
34,0,2023-08-15T21:03:33.093Z,558,7
2,6,2023-08-15T21:03:43.093Z,453,1
5,17,2023-08-15T21:03:43.093Z,859,3
6,7,2023-08-15T21:03:43.093Z,9,8
13,14,2023-08-15T21:03:43.093Z,938,13
20,26,2023-08-15T21:03:43.093Z,121,4
27,34,2023-08-15T21:03:43.093Z,18,5
34,33,2023-08-15T21:03:43.093Z,728,7
4,11,2023-08-15T21:03:53.093Z,100,2
6,10,2023-08-15T21:03:53.093Z,453,8
17,22,2023-08-15T21:03:53.093Z,894,9
18,20,2023-08-15T21:03:53.093Z,224,3
21,16,2023-08-15T21:03:53.093Z,825,9
26,27,2023-08-15T21:03:53.093Z,121,11
27,34,2023-08-15T21:03:53.093Z,350,5
33,21,2023-08-15T21:03:53.093Z,35,6
34,33,2023-08-15T21:03:53.093Z,230,7
35,29,2023-08-15T21:03:53.093Z,254,10
1,18,2023-08-15T21:04:03.093Z,662,7
7,3,2023-08-15T21:04:03.093Z,9,1
10,5,2023-08-15T21:04:03.093Z,453,2
11,7,2023-08-15T21:04:03.093Z,100,8
28,30,2023-08-15T21:04:03.093Z,479,10
29,27,2023-08-15T21:04:03.093Z,254,11
33,28,2023-08-15T21:04:03.093Z,155,6
34,18,2023-08-15T21:04:03.093Z,115,7
0,6,2023-08-15T21:04:13.093Z,212,1
9,8,2023-08-15T21:04:13.093Z,2,13
22,28,2023-08-15T21:04:13.093Z,894,6
28,29,2023-08-15T21:04:13.093Z,573,10
30,32,2023-08-15T21:04:13.093Z,479,12
34,18,2023-08-15T21:04:13.093Z,786,7
35,30,2023-08-15T21:04:13.093Z,335,10
0,6,2023-08-15T21:04:23.093Z,491,1
3,5,2023-08-15T21:04:23.093Z,9,2
7,6,2023-08-15T21:04:23.093Z,100,1
8,5,2023-08-15T21:04:23.093Z,2,2
18,13,2023-08-15T21:04:23.093Z,662,3
21,16,2023-08-15T21:04:23.093Z,35,9
22,21,2023-08-15T21:04:23.093Z,136,6
27,34,2023-08-15T21:04:23.093Z,92,5
29,27,2023-08-15T21:04:23.093Z,573,11
32,25,2023-08-15T21:04:23.093Z,479,6
34,0,2023-08-15T21:04:23.093Z,129,7
0,6,2023-08-15T21:04:33.093Z,813,1
1,0,2023-08-15T21:04:33.093Z,589,7
14,17,2023-08-15T21:04:33.093Z,938,3
16,13,2023-08-15T21:04:33.093Z,825,3
18,20,2023-08-15T21:04:33.093Z,115,3
19,18,2023-08-15T21:04:33.093Z,162,7
27,31,2023-08-15T21:04:33.093Z,427,5
28,30,2023-08-15T21:04:33.093Z,894,10
0,6,2023-08-15T21:04:43.093Z,217,1
1,18,2023-08-15T21:04:43.093Z,32,7
5,13,2023-08-15T21:04:43.093Z,453,3
6,10,2023-08-15T21:04:43.093Z,212,8
16,4,2023-08-15T21:04:43.093Z,35,3
21,16,2023-08-15T21:04:43.093Z,136,9
27,31,2023-08-15T21:04:43.093Z,554,5
33,21,2023-08-15T21:04:43.093Z,204,6
0,3,2023-08-15T21:04:53.093Z,558,1
5,20,2023-08-15T21:04:53.093Z,9,3
6,10,2023-08-15T21:04:53.093Z,491,8
10,5,2023-08-15T21:04:53.093Z,212,2
13,14,2023-08-15T21:04:53.093Z,468,13
17,23,2023-08-15T21:04:53.093Z,859,9
18,20,2023-08-15T21:04:53.093Z,786,3
20,35,2023-08-15T21:04:53.093Z,115,4
27,31,2023-08-15T21:04:53.093Z,529,5
30,32,2023-08-15T21:04:53.093Z,117,12
34,33,2023-08-15T21:04:53.093Z,989,7
0,6,2023-08-15T21:05:03.093Z,129,1
1,18,2023-08-15T21:05:03.093Z,717,7
5,20,2023-08-15T21:05:03.093Z,2,3
6,10,2023-08-15T21:05:03.093Z,100,8
10,11,2023-08-15T21:05:03.093Z,491,2
13,14,2023-08-15T21:05:03.093Z,383,13
17,23,2023-08-15T21:05:03.093Z,938,9
23,24,2023-08-15T21:05:03.093Z,859,14
27,31,2023-08-15T21:05:03.093Z,303,5
30,32,2023-08-15T21:05:03.093Z,335,12
31,32,2023-08-15T21:05:03.093Z,427,12
32,21,2023-08-15T21:05:03.093Z,117,6
33,21,2023-08-15T21:05:03.093Z,728,6
35,30,2023-08-15T21:05:03.093Z,115,10
0,3,2023-08-15T21:05:13.093Z,589,1
3,9,2023-08-15T21:05:13.093Z,558,2
4,5,2023-08-15T21:05:13.093Z,35,2
6,7,2023-08-15T21:05:13.093Z,813,8
10,9,2023-08-15T21:05:13.093Z,100,2
11,7,2023-08-15T21:05:13.093Z,491,8
18,12,2023-08-15T21:05:13.093Z,162,3
23,15,2023-08-15T21:05:13.093Z,938,14
24,35,2023-08-15T21:05:13.093Z,859,4
27,34,2023-08-15T21:05:13.093Z,732,5
30,32,2023-08-15T21:05:13.093Z,894,12
31,32,2023-08-15T21:05:13.093Z,554,12
33,21,2023-08-15T21:05:13.093Z,230,6
34,33,2023-08-15T21:05:13.093Z,248,7
5,17,2023-08-15T21:05:23.093Z,212,3
6,10,2023-08-15T21:05:23.093Z,217,8
18,4,2023-08-15T21:05:23.093Z,32,3
21,16,2023-08-15T21:05:23.093Z,204,9
27,34,2023-08-15T21:05:23.093Z,434,5
32,34,2023-08-15T21:05:23.093Z,335,6
3,11,2023-08-15T21:05:33.093Z,589,2
5,12,2023-08-15T21:05:33.093Z,35,3
9,14,2023-08-15T21:05:33.093Z,558,13
13,8,2023-08-15T21:05:33.093Z,825,13
16,13,2023-08-15T21:05:33.093Z,136,3
20,35,2023-08-15T21:05:33.093Z,9,4
21,16,2023-08-15T21:05:33.093Z,117,9
33,21,2023-08-15T21:05:33.093Z,989,6
6,7,2023-08-15T21:05:43.093Z,528,8
7,3,2023-08-15T21:05:43.093Z,813,1
8,11,2023-08-15T21:05:43.093Z,825,2
9,14,2023-08-15T21:05:43.093Z,100,13
11,10,2023-08-15T21:05:43.093Z,589,8
13,14,2023-08-15T21:05:43.093Z,453,13
16,20,2023-08-15T21:05:43.093Z,204,3
20,35,2023-08-15T21:05:43.093Z,786,4
21,22,2023-08-15T21:05:43.093Z,728,9
27,31,2023-08-15T21:05:43.093Z,3,5
31,32,2023-08-15T21:05:43.093Z,529,12
3,11,2023-08-15T21:05:53.093Z,813,2
4,5,2023-08-15T21:05:53.093Z,32,2
6,7,2023-08-15T21:05:53.093Z,129,8
10,5,2023-08-15T21:05:53.093Z,589,2
13,14,2023-08-15T21:05:53.093Z,136,13
16,20,2023-08-15T21:05:53.093Z,117,3
18,17,2023-08-15T21:05:53.093Z,717,3
20,35,2023-08-15T21:05:53.093Z,2,4
21,16,2023-08-15T21:05:53.093Z,230,9
27,34,2023-08-15T21:05:53.093Z,871,5
31,32,2023-08-15T21:05:53.093Z,303,12
35,29,2023-08-15T21:05:53.093Z,9,10
7,1,2023-08-15T21:06:03.093Z,528,1
11,7,2023-08-15T21:06:03.093Z,825,8
14,20,2023-08-15T21:06:03.093Z,468,3
25,15,2023-08-15T21:06:03.093Z,479,14
27,34,2023-08-15T21:06:03.093Z,805,5
29,27,2023-08-15T21:06:03.093Z,9,11
35,30,2023-08-15T21:06:03.093Z,786,10
5,12,2023-08-15T21:06:13.093Z,589,3
11,10,2023-08-15T21:06:13.093Z,813,8
16,4,2023-08-15T21:06:13.093Z,230,3
17,16,2023-08-15T21:06:13.093Z,212,9
23,24,2023-08-15T21:06:13.093Z,989,14
30,32,2023-08-15T21:06:13.093Z,786,12
32,21,2023-08-15T21:06:13.093Z,554,6
7,3,2023-08-15T21:06:23.093Z,129,1
14,20,2023-08-15T21:06:23.093Z,520,3
5,12,2023-08-15T21:06:03.093Z,32,3
20,35,2023-08-15T21:06:03.093Z,204,4
21,23,2023-08-15T21:06:03.093Z,989,9
32,34,2023-08-15T21:06:03.093Z,894,6
31,32,2023-08-15T21:06:13.093Z,3,12
35,29,2023-08-15T21:06:13.093Z,2,10
10,10,2023-08-15T21:06:23.093Z,813,2
22,28,2023-08-15T21:06:23.093Z,728,6
29,27,2023-08-15T21:06:23.093Z,2,11
3,9,2023-08-15T21:06:33.093Z,129,2
5,13,2023-08-15T21:06:33.093Z,647,3
10,5,2023-08-15T21:06:33.093Z,813,2
15,4,2023-08-15T21:06:33.093Z,938,3
20,35,2023-08-15T21:06:33.093Z,117,4
28,29,2023-08-15T21:06:33.093Z,728,10
3,9,2023-08-15T21:06:43.093Z,825,2
20,26,2023-08-15T21:06:43.093Z,468,4
2,1,2023-08-15T21:06:53.093Z,938,1
20,26,2023-08-15T21:06:53.093Z,520,4
0,6,2023-08-15T21:07:03.093Z,542,1
29,27,2023-08-15T21:07:03.093Z,117,11
6,10,2023-08-15T21:07:13.093Z,542,8
10,9,2023-08-15T21:07:23.093Z,542,2
9,14,2023-08-15T21:07:33.093Z,542,13
4,2,2023-08-15T21:06:43.093Z,938,2
14,4,2023-08-15T21:06:43.093Z,558,3
27,34,2023-08-15T21:06:43.093Z,524,5
0,3,2023-08-15T21:06:53.093Z,355,1
32,25,2023-08-15T21:06:53.093Z,3,6
3,9,2023-08-15T21:07:03.093Z,355,2
20,26,2023-08-15T21:07:03.093Z,383,4
9,14,2023-08-15T21:07:13.093Z,355,13
27,31,2023-08-15T21:07:13.093Z,464,5
12,10,2023-08-15T21:07:23.093Z,545,8
27,31,2023-08-15T21:07:23.093Z,614,5
10,2,2023-08-15T21:07:33.093Z,545,2
26,27,2023-08-15T21:07:33.093Z,520,11
17,22,2023-08-15T21:06:23.093Z,717,9
27,31,2023-08-15T21:06:23.093Z,351,5
32,25,2023-08-15T21:06:23.093Z,529,6
4,5,2023-08-15T21:06:33.093Z,230,2
7,3,2023-08-15T21:06:33.093Z,825,1
14,20,2023-08-15T21:06:33.093Z,383,3
19,0,2023-08-15T21:06:33.093Z,355,7
24,35,2023-08-15T21:06:33.093Z,989,4
32,25,2023-08-15T21:06:33.093Z,303,6
9,14,2023-08-15T21:06:43.093Z,129,13
34,0,2023-08-15T21:06:43.093Z,542,7
13,14,2023-08-15T21:06:53.093Z,647,13
27,34,2023-08-15T21:06:53.093Z,525,5
14,17,2023-08-15T21:07:03.093Z,453,3
5,20,2023-08-15T21:07:13.093Z,813,3
14,12,2023-08-15T21:07:13.093Z,136,3
26,27,2023-08-15T21:07:23.093Z,468,11
21,22,2023-08-15T21:07:33.093Z,554,9
12,7,2023-08-15T21:06:43.093Z,861,8
22,25,2023-08-15T21:06:43.093Z,717,6
35,29,2023-08-15T21:06:43.093Z,117,10
14,12,2023-08-15T21:06:53.093Z,100,3
35,30,2023-08-15T21:06:53.093Z,989,10
7,1,2023-08-15T21:07:03.093Z,861,1
27,34,2023-08-15T21:07:03.093Z,268,5
12,7,2023-08-15T21:07:13.093Z,608,8
7,1,2023-08-15T21:07:23.093Z,608,1
14,20,2023-08-15T21:07:23.093Z,129,3
33,25,2023-08-15T21:07:23.093Z,248,6
14,17,2023-08-15T21:07:33.093Z,647,3
27,34,2023-08-15T21:07:33.093Z,23,5
2,1,2023-08-15T21:07:43.093Z,545,1
12,7,2023-08-15T21:07:43.093Z,971,8
26,27,2023-08-15T21:07:43.093Z,383,11
34,33,2023-08-15T21:07:43.093Z,462,7
13,8,2023-08-15T21:07:53.093Z,294,13
16,12,2023-08-15T21:07:53.093Z,212,3
34,33,2023-08-15T21:07:53.093Z,337,7
17,23,2023-08-15T21:08:03.093Z,453,9
25,15,2023-08-15T21:07:53.093Z,717,14
27,34,2023-08-15T21:07:53.093Z,439,5
27,34,2023-08-15T21:08:03.093Z,785,5
7,1,2023-08-15T21:08:13.093Z,971,1
32,21,2023-08-15T21:08:03.093Z,763,6
12,7,2023-08-15T21:08:13.093Z,583,8
25,15,2023-08-15T21:07:43.093Z,303,14
31,32,2023-08-15T21:07:43.093Z,464,12
12,7,2023-08-15T21:07:53.093Z,976,8
14,17,2023-08-15T21:07:53.093Z,355,3
32,21,2023-08-15T21:07:53.093Z,464,6
25,24,2023-08-15T21:08:03.093Z,3,14
12,7,2023-08-15T21:08:03.093Z,426,8
16,17,2023-08-15T21:08:03.093Z,663,3
31,32,2023-08-15T21:08:03.093Z,614,12
7,3,2023-08-15T21:08:23.093Z,976,1
27,31,2023-08-15T21:08:23.093Z,640,5
12,10,2023-08-15T21:08:33.093Z,354,8
26,27,2023-08-15T21:08:33.093Z,813,11
11,7,2023-08-15T21:08:43.093Z,294,8
31,32,2023-08-15T21:08:43.093Z,640,12
11,7,2023-08-15T21:08:53.093Z,954,8
34,33,2023-08-15T21:08:53.093Z,975,7
18,17,2023-08-15T21:09:03.093Z,512,3
35,30,2023-08-15T21:09:03.093Z,204,10
9,8,2023-08-15T21:09:13.093Z,504,13
22,34,2023-08-15T21:09:13.093Z,763,6
14,20,2023-08-15T21:08:13.093Z,542,3
32,34,2023-08-15T21:08:13.093Z,614,6
23,24,2023-08-15T21:08:23.093Z,453,14
25,15,2023-08-15T21:08:13.093Z,248,14
21,16,2023-08-15T21:08:23.093Z,464,9
7,1,2023-08-15T21:08:33.093Z,426,1
21,22,2023-08-15T21:08:33.093Z,763,9
34,33,2023-08-15T21:08:33.093Z,917,7
15,13,2023-08-15T21:08:43.093Z,479,3
6,10,2023-08-15T21:08:53.093Z,583,8
15,12,2023-08-15T21:08:53.093Z,303,3
11,7,2023-08-15T21:09:03.093Z,354,8
27,34,2023-08-15T21:09:03.093Z,847,5
5,13,2023-08-15T21:09:13.093Z,346,3
15,12,2023-08-15T21:09:13.093Z,717,3
27,34,2023-08-15T21:09:13.093Z,215,5
17,16,2023-08-15T21:08:13.093Z,647,9
20,26,2023-08-15T21:08:23.093Z,813,4
8,11,2023-08-15T21:08:33.093Z,294,2
24,26,2023-08-15T21:08:33.093Z,453,4
7,6,2023-08-15T21:08:43.093Z,583,1
33,28,2023-08-15T21:09:13.093Z,337,6
27,34,2023-08-15T21:08:43.093Z,568,5
10,11,2023-08-15T21:08:53.093Z,354,2
16,4,2023-08-15T21:08:53.093Z,464,3
12,10,2023-08-15T21:09:03.093Z,162,8
33,28,2023-08-15T21:09:03.093Z,462,6
8,2,2023-08-15T21:09:13.093Z,929,2
18,17,2023-08-15T21:09:13.093Z,443,3
28,29,2023-08-15T21:09:13.093Z,462,10
34,18,2023-08-15T21:08:23.093Z,512,7
16,20,2023-08-15T21:08:33.093Z,647,3
27,31,2023-08-15T21:08:33.093Z,909,5
12,10,2023-08-15T21:08:43.093Z,504,8
34,18,2023-08-15T21:08:43.093Z,443,7
12,7,2023-08-15T21:08:53.093Z,200,8
10,9,2023-08-15T21:09:03.093Z,504,2
20,35,2023-08-15T21:09:03.093Z,129,4
4,2,2023-08-15T21:09:13.093Z,464,2
12,7,2023-08-15T21:09:13.093Z,35,8
26,27,2023-08-15T21:09:13.093Z,453,11
35,30,2023-08-15T21:09:13.093Z,129,10
2,6,2023-08-15T21:09:23.093Z,464,1
10,9,2023-08-15T21:09:23.093Z,583,2
33,21,2023-08-15T21:09:23.093Z,917,6
20,26,2023-08-15T21:09:33.093Z,542,4
21,23,2023-08-15T21:09:43.093Z,917,9
12,7,2023-08-15T21:09:53.093Z,136,8
29,27,2023-08-15T21:09:23.093Z,462,11
6,7,2023-08-15T21:09:33.093Z,464,8
13,14,2023-08-15T21:09:33.093Z,479,13
32,34,2023-08-15T21:09:33.093Z,204,6
27,34,2023-08-15T21:09:43.093Z,526,5
23,15,2023-08-15T21:09:53.093Z,917,14
28,30,2023-08-15T21:09:53.093Z,232,10
30,32,2023-08-15T21:09:53.093Z,376,12
33,28,2023-08-15T21:09:53.093Z,975,6
6,7,2023-08-15T21:10:03.093Z,929,8
7,1,2023-08-15T21:10:03.093Z,200,1
12,7,2023-08-15T21:10:03.093Z,212,8
17,22,2023-08-15T21:10:03.093Z,512,9
12,10,2023-08-15T21:10:13.093Z,303,8
15,13,2023-08-15T21:10:13.093Z,917,3
27,31,2023-08-15T21:09:23.093Z,824,5
2,6,2023-08-15T21:09:33.093Z,929,1
9,14,2023-08-15T21:09:33.093Z,583,13
17,22,2023-08-15T21:09:33.093Z,663,9
35,30,2023-08-15T21:09:33.093Z,376,10
34,33,2023-08-15T21:09:43.093Z,572,7
27,34,2023-08-15T21:10:13.093Z,769,5
30,32,2023-08-15T21:10:13.093Z,232,12
10,2,2023-08-15T21:10:23.093Z,303,2
14,17,2023-08-15T21:10:23.093Z,479,3
27,31,2023-08-15T21:10:23.093Z,145,5
34,33,2023-08-15T21:10:23.093Z,750,7
10,2,2023-08-15T21:10:33.093Z,962,2
27,31,2023-08-15T21:10:33.093Z,548,5
10,11,2023-08-15T21:10:43.093Z,717,2
3,5,2023-08-15T21:10:53.093Z,303,2
14,19,2023-08-15T21:10:53.093Z,353,3
30,32,2023-08-15T21:10:23.093Z,975,12
2,3,2023-08-15T21:10:33.093Z,303,1
14,17,2023-08-15T21:10:33.093Z,346,3
30,32,2023-08-15T21:10:33.093Z,572,12
32,25,2023-08-15T21:10:43.093Z,232,6
7,3,2023-08-15T21:10:53.093Z,929,1
32,25,2023-08-15T21:10:53.093Z,975,6
13,14,2023-08-15T21:10:03.093Z,346,13
33,28,2023-08-15T21:10:03.093Z,572,6
14,17,2023-08-15T21:10:13.093Z,583,3
7,1,2023-08-15T21:09:23.093Z,294,1
30,32,2023-08-15T21:09:23.093Z,204,12
7,1,2023-08-15T21:09:33.093Z,954,1
30,32,2023-08-15T21:09:33.093Z,129,12
20,35,2023-08-15T21:09:43.093Z,647,4
8,5,2023-08-15T21:09:53.093Z,504,2
28,30,2023-08-15T21:10:13.093Z,975,10
34,33,2023-08-15T21:10:13.093Z,598,7
12,10,2023-08-15T21:10:23.093Z,717,8
23,15,2023-08-15T21:10:23.093Z,472,14
32,34,2023-08-15T21:10:23.093Z,376,6
7,3,2023-08-15T21:10:33.093Z,464,1
17,16,2023-08-15T21:10:33.093Z,583,9
7,1,2023-08-15T21:10:43.093Z,136,1
33,25,2023-08-15T21:10:43.093Z,598,6
11,7,2023-08-15T21:10:53.093Z,717,8
28,30,2023-08-15T21:10:23.093Z,572,10
35,29,2023-08-15T21:10:23.093Z,647,10
13,14,2023-08-15T21:10:33.093Z,353,13
29,27,2023-08-15T21:10:33.093Z,647,11
27,31,2023-08-15T21:10:43.093Z,873,5
5,12,2023-08-15T21:10:53.093Z,504,3
16,20,2023-08-15T21:10:53.093Z,583,3
2,6,2023-08-15T21:11:03.093Z,962,1
3,9,2023-08-15T21:11:03.093Z,464,2
5,17,2023-08-15T21:11:03.093Z,303,3
22,25,2023-08-15T21:11:03.093Z,663,6
32,25,2023-08-15T21:11:03.093Z,572,6
7,3,2023-08-15T21:11:13.093Z,717,1
9,8,2023-08-15T21:11:13.093Z,464,13
22,21,2023-08-15T21:11:13.093Z,512,6
31,32,2023-08-15T21:11:13.093Z,145,12
33,21,2023-08-15T21:11:13.093Z,750,6
6,7,2023-08-15T21:11:23.093Z,962,8
8,11,2023-08-15T21:11:23.093Z,464,2
17,16,2023-08-15T21:11:23.093Z,346,9
25,15,2023-08-15T21:11:23.093Z,232,14
28,29,2023-08-15T21:11:23.093Z,0,10
32,34,2023-08-15T21:11:23.093Z,145,6
34,18,2023-08-15T21:11:23.093Z,98,7
3,5,2023-08-15T21:11:33.093Z,929,2
6,7,2023-08-15T21:11:33.093Z,816,8
11,10,2023-08-15T21:11:33.093Z,464,8
20,35,2023-08-15T21:11:33.093Z,583,4
25,15,2023-08-15T21:11:33.093Z,598,14
27,34,2023-08-15T21:11:33.093Z,113,5
34,0,2023-08-15T21:11:33.093Z,691,7
0,3,2023-08-15T21:11:43.093Z,691,1
3,2,2023-08-15T21:11:43.093Z,717,2
7,1,2023-08-15T21:11:43.093Z,962,1
18,20,2023-08-15T21:11:43.093Z,98,3
21,23,2023-08-15T21:11:43.093Z,512,9
27,31,2023-08-15T21:11:43.093Z,278,5
29,27,2023-08-15T21:11:43.093Z,0,11
34,18,2023-08-15T21:11:43.093Z,216,7
35,29,2023-08-15T21:11:43.093Z,583,10
3,5,2023-08-15T21:11:53.093Z,691,2
7,3,2023-08-15T21:11:53.093Z,816,1
10,5,2023-08-15T21:11:53.093Z,464,2
23,24,2023-08-15T21:11:53.093Z,512,14
27,34,2023-08-15T21:11:53.093Z,685,5
29,27,2023-08-15T21:11:53.093Z,583,11
3,5,2023-08-15T21:12:03.093Z,816,2
12,7,2023-08-15T21:12:03.093Z,504,8
18,17,2023-08-15T21:12:03.093Z,216,3
24,35,2023-08-15T21:12:03.093Z,512,4
25,24,2023-08-15T21:12:03.093Z,663,14
16,12,2023-08-15T21:12:13.093Z,346,3
21,23,2023-08-15T21:12:13.093Z,750,9
17,23,2023-08-15T21:12:23.093Z,216,9
25,24,2023-08-15T21:12:23.093Z,572,14
35,29,2023-08-15T21:12:23.093Z,512,10
5,17,2023-08-15T21:12:33.093Z,929,3
23,24,2023-08-15T21:12:33.093Z,750,14
24,26,2023-08-15T21:12:33.093Z,663,4
27,31,2023-08-15T21:12:33.093Z,420,5
29,27,2023-08-15T21:12:33.093Z,512,11
34,0,2023-08-15T21:12:33.093Z,770,7
24,26,2023-08-15T21:12:43.093Z,572,4
31,32,2023-08-15T21:12:43.093Z,548,12
5,17,2023-08-15T21:12:53.093Z,691,3
24,35,2023-08-15T21:12:53.093Z,750,4
26,27,2023-08-15T21:12:53.093Z,663,11
32,25,2023-08-15T21:12:53.093Z,548,6
34,18,2023-08-15T21:12:53.093Z,218,7
0,6,2023-08-15T21:13:03.093Z,770,1
5,17,2023-08-15T21:13:03.093Z,464,3
27,34,2023-08-15T21:13:03.093Z,551,5
31,32,2023-08-15T21:13:03.093Z,873,12
34,0,2023-08-15T21:13:03.093Z,222,7
5,17,2023-08-15T21:13:13.093Z,816,3
15,20,2023-08-15T21:13:13.093Z,472,3
20,35,2023-08-15T21:13:13.093Z,224,4
27,31,2023-08-15T21:13:13.093Z,279,5
31,32,2023-08-15T21:13:13.093Z,278,12
35,30,2023-08-15T21:13:13.093Z,750,10
0,6,2023-08-15T21:13:23.093Z,222,1
6,7,2023-08-15T21:13:23.093Z,770,8
7,1,2023-08-15T21:13:23.093Z,504,1
15,4,2023-08-15T21:13:23.093Z,232,3
18,13,2023-08-15T21:13:23.093Z,218,3
25,15,2023-08-15T21:13:23.093Z,548,14
27,34,2023-08-15T21:13:23.093Z,369,5
31,32,2023-08-15T21:13:23.093Z,420,12
32,25,2023-08-15T21:13:23.093Z,873,6
6,10,2023-08-15T21:13:33.093Z,585,8
15,20,2023-08-15T21:13:33.093Z,598,3
27,34,2023-08-15T21:13:33.093Z,358,5
35,30,2023-08-15T21:13:33.093Z,224,10
10,2,2023-08-15T21:13:43.093Z,585,2
12,7,2023-08-15T21:13:43.093Z,346,8
27,31,2023-08-15T21:13:43.093Z,102,5
34,33,2023-08-15T21:13:43.093Z,866,7
4,5,2023-08-15T21:13:53.093Z,232,2
6,7,2023-08-15T21:13:53.093Z,222,8
30,32,2023-08-15T21:13:53.093Z,224,12
2,3,2023-08-15T21:14:03.093Z,585,1
7,3,2023-08-15T21:14:03.093Z,770,1
13,8,2023-08-15T21:14:03.093Z,218,13
27,31,2023-08-15T21:14:03.093Z,581,5
31,32,2023-08-15T21:14:03.093Z,279,12
32,25,2023-08-15T21:14:03.093Z,278,6
3,9,2023-08-15T21:14:13.093Z,585,2
5,12,2023-08-15T21:14:13.093Z,232,3
7,1,2023-08-15T21:14:13.093Z,936,1
17,16,2023-08-15T21:14:13.093Z,929,9
27,31,2023-08-15T21:14:13.093Z,6,5
6,7,2023-08-15T21:14:23.093Z,806,8
8,5,2023-08-15T21:14:23.093Z,218,2
32,25,2023-08-15T21:14:23.093Z,420,6
7,3,2023-08-15T21:14:33.093Z,222,1
10,2,2023-08-15T21:14:33.093Z,735,2
19,18,2023-08-15T21:14:33.093Z,923,7
30,32,2023-08-15T21:14:33.093Z,990,12
0,3,2023-08-15T21:14:43.093Z,239,1
5,17,2023-08-15T21:14:43.093Z,218,3
11,10,2023-08-15T21:14:43.093Z,770,8
17,22,2023-08-15T21:14:43.093Z,816,9
25,15,2023-08-15T21:14:43.093Z,278,14
32,21,2023-08-15T21:14:43.093Z,224,6
14,20,2023-08-15T21:14:53.093Z,585,3
25,15,2023-08-15T21:14:53.093Z,420,14
27,34,2023-08-15T21:14:53.093Z,698,5
3,11,2023-08-15T21:14:23.093Z,770,2
7,1,2023-08-15T21:14:23.093Z,346,1
17,23,2023-08-15T21:14:23.093Z,691,9
34,0,2023-08-15T21:14:23.093Z,239,7
9,14,2023-08-15T21:14:33.093Z,585,13
17,22,2023-08-15T21:14:33.093Z,464,9
27,31,2023-08-15T21:14:33.093Z,898,5
31,32,2023-08-15T21:14:33.093Z,581,12
2,6,2023-08-15T21:14:43.093Z,735,1
7,1,2023-08-15T21:14:43.093Z,806,1
16,13,2023-08-15T21:14:43.093Z,929,3
19,33,2023-08-15T21:14:43.093Z,727,7
27,31,2023-08-15T21:14:43.093Z,45,5
3,11,2023-08-15T21:14:53.093Z,222,2
22,28,2023-08-15T21:14:53.093Z,464,6
26,27,2023-08-15T21:14:53.093Z,572,11
32,21,2023-08-15T21:14:53.093Z,279,6
3,5,2023-08-15T21:15:03.093Z,239,2
10,5,2023-08-15T21:15:03.093Z,770,2
12,10,2023-08-15T21:15:03.093Z,232,8
18,4,2023-08-15T21:15:03.093Z,923,3
22,21,2023-08-15T21:15:03.093Z,816,6
27,31,2023-08-15T21:15:03.093Z,676,5
28,30,2023-08-15T21:15:03.093Z,464,10
31,32,2023-08-15T21:15:03.093Z,6,12
32,25,2023-08-15T21:15:03.093Z,990,6
6,7,2023-08-15T21:15:13.093Z,735,8
10,2,2023-08-15T21:15:13.093Z,232,2
13,14,2023-08-15T21:15:13.093Z,929,13
27,34,2023-08-15T21:15:13.093Z,61,5
31,32,2023-08-15T21:15:13.093Z,898,12
32,21,2023-08-15T21:15:13.093Z,581,6
34,18,2023-08-15T21:15:13.093Z,393,7
4,5,2023-08-15T21:15:23.093Z,923,2
5,4,2023-08-15T21:15:23.093Z,239,3
16,13,2023-08-15T21:15:23.093Z,916,3
18,20,2023-08-15T21:15:23.093Z,393,3
4,9,2023-08-15T21:15:33.093Z,239,2
5,13,2023-08-15T21:15:33.093Z,770,3
14,19,2023-08-15T21:15:33.093Z,929,3
16,19,2023-08-15T21:15:33.093Z,485,3
20,26,2023-08-15T21:15:33.093Z,472,4
21,22,2023-08-15T21:15:33.093Z,224,9
25,15,2023-08-15T21:15:33.093Z,990,14
27,34,2023-08-15T21:15:33.093Z,1,5
32,21,2023-08-15T21:15:33.093Z,6,6
34,33,2023-08-15T21:15:33.093Z,752,7
2,1,2023-08-15T21:15:43.093Z,232,1
9,8,2023-08-15T21:15:43.093Z,239,13
13,14,2023-08-15T21:15:43.093Z,916,13
15,17,2023-08-15T21:15:43.093Z,278,3
20,26,2023-08-15T21:15:43.093Z,598,4
32,34,2023-08-15T21:15:43.093Z,898,6
5,17,2023-08-15T21:15:53.093Z,923,3
7,1,2023-08-15T21:15:53.093Z,735,1
8,11,2023-08-15T21:15:53.093Z,239,2
15,17,2023-08-15T21:15:53.093Z,420,3
20,26,2023-08-15T21:15:53.093Z,585,4
21,16,2023-08-15T21:15:53.093Z,279,9
27,34,2023-08-15T21:15:53.093Z,884,5
13,8,2023-08-15T21:16:03.093Z,770,13
14,17,2023-08-15T21:16:03.093Z,916,3
21,23,2023-08-15T21:16:03.093Z,816,9
27,31,2023-08-15T21:16:03.093Z,535,5
15,20,2023-08-15T21:16:13.093Z,990,3
20,35,2023-08-15T21:16:13.093Z,393,4
21,16,2023-08-15T21:16:13.093Z,581,9
23,15,2023-08-15T21:16:13.093Z,816,14
27,31,2023-08-15T21:16:13.093Z,725,5
1,0,2023-08-15T21:16:23.093Z,59,7
17,22,2023-08-15T21:16:23.093Z,278,9
22,34,2023-08-15T21:16:23.093Z,224,6
26,27,2023-08-15T21:16:23.093Z,472,11
27,34,2023-08-15T21:16:23.093Z,198,5
35,29,2023-08-15T21:16:23.093Z,393,10
1,0,2023-08-15T21:16:33.093Z,334,7
21,16,2023-08-15T21:16:33.093Z,6,9
27,31,2023-08-15T21:16:33.093Z,796,5
32,21,2023-08-15T21:16:33.093Z,797,6
20,35,2023-08-15T21:16:43.093Z,990,4
26,27,2023-08-15T21:16:43.093Z,585,11
27,31,2023-08-15T21:16:43.093Z,442,5
16,4,2023-08-15T21:16:53.093Z,279,3
1,18,2023-08-15T21:17:03.093Z,618,7
16,17,2023-08-15T21:17:03.093Z,581,3
22,34,2023-08-15T21:17:03.093Z,278,6
27,31,2023-08-15T21:17:03.093Z,636,5
34,33,2023-08-15T21:17:03.093Z,76,7
35,29,2023-08-15T21:17:03.093Z,990,10
4,5,2023-08-15T21:17:13.093Z,279,2
15,4,2023-08-15T21:17:13.093Z,816,3
16,12,2023-08-15T21:17:13.093Z,6,3
17,23,2023-08-15T21:17:13.093Z,923,9
18,12,2023-08-15T21:17:13.093Z,618,3
27,34,2023-08-15T21:17:13.093Z,281,5
34,33,2023-08-15T21:17:13.093Z,656,7
0,6,2023-08-15T21:17:23.093Z,59,1
1,33,2023-08-15T21:17:23.093Z,688,7
17,22,2023-08-15T21:17:23.093Z,420,9
21,16,2023-08-15T21:17:23.093Z,797,9
27,31,2023-08-15T21:17:23.093Z,133,5
29,27,2023-08-15T21:17:23.093Z,990,11
31,32,2023-08-15T21:17:23.093Z,45,12
0,6,2023-08-15T21:17:33.093Z,334,1
4,2,2023-08-15T21:17:33.093Z,816,2
5,17,2023-08-15T21:17:33.093Z,279,3
12,7,2023-08-15T21:17:33.093Z,6,8
15,12,2023-08-15T21:17:33.093Z,19,3
17,22,2023-08-15T21:17:33.093Z,916,9
27,34,2023-08-15T21:17:33.093Z,537,5
31,32,2023-08-15T21:17:33.093Z,676,12
32,25,2023-08-15T21:17:33.093Z,45,6
1,18,2023-08-15T21:17:43.093Z,478,7
5,19,2023-08-15T21:17:43.093Z,607,3
17,23,2023-08-15T21:17:43.093Z,581,9
31,32,2023-08-15T21:17:43.093Z,535,12
7,1,2023-08-15T21:18:03.093Z,6,1
23,24,2023-08-15T21:18:03.093Z,581,14
31,32,2023-08-15T21:18:03.093Z,725,12
6,7,2023-08-15T21:17:53.093Z,334,8
22,21,2023-08-15T21:18:13.093Z,916,6
12,10,2023-08-15T21:18:23.093Z,19,8
31,32,2023-08-15T21:18:23.093Z,796,12
1,18,2023-08-15T21:18:43.093Z,578,7
32,25,2023-08-15T21:18:43.093Z,796,6
16,12,2023-08-15T21:19:03.093Z,797,3
6,7,2023-08-15T21:17:43.093Z,59,8
32,34,2023-08-15T21:17:43.093Z,676,6
18,13,2023-08-15T21:18:03.093Z,478,3
32,21,2023-08-15T21:18:03.093Z,535,6
7,3,2023-08-15T21:18:13.093Z,59,1
32,34,2023-08-15T21:18:13.093Z,725,6
13,14,2023-08-15T21:18:23.093Z,478,13
27,34,2023-08-15T21:18:33.093Z,697,5
35,30,2023-08-15T21:18:33.093Z,306,10
31,32,2023-08-15T21:18:43.093Z,636,12
14,12,2023-08-15T21:18:53.093Z,478,3
34,33,2023-08-15T21:18:53.093Z,564,7
27,34,2023-08-15T21:19:03.093Z,920,5
33,28,2023-08-15T21:19:03.093Z,866,6
5,17,2023-08-15T21:19:13.093Z,19,3
17,22,2023-08-15T21:19:13.093Z,279,9
33,25,2023-08-15T21:19:13.093Z,727,6
32,34,2023-08-15T21:19:13.093Z,306,6
10,5,2023-08-15T21:18:43.093Z,19,2
21,16,2023-08-15T21:18:43.093Z,535,9
18,4,2023-08-15T21:18:53.093Z,578,3
2,1,2023-08-15T21:17:43.093Z,816,1
27,31,2023-08-15T21:17:43.093Z,865,5
20,35,2023-08-15T21:17:53.093Z,306,4
27,31,2023-08-15T21:18:03.093Z,214,5
1,33,2023-08-15T21:18:13.093Z,570,7
24,35,2023-08-15T21:18:13.093Z,581,4
3,11,2023-08-15T21:18:23.093Z,59,2
27,31,2023-08-15T21:18:23.093Z,836,5
31,32,2023-08-15T21:18:33.093Z,442,12
30,32,2023-08-15T21:18:43.093Z,306,12
35,29,2023-08-15T21:18:43.093Z,581,10
32,21,2023-08-15T21:18:53.093Z,442,6
1,0,2023-08-15T21:19:03.093Z,632,7
31,32,2023-08-15T21:19:03.093Z,133,12
34,33,2023-08-15T21:19:03.093Z,653,7
12,7,2023-08-15T21:19:13.093Z,478,8
27,31,2023-08-15T21:19:13.093Z,287,5
34,18,2023-08-15T21:19:13.093Z,753,7
5,4,2023-08-15T21:19:23.093Z,501,3
33,21,2023-08-15T21:19:23.093Z,752,6
35,29,2023-08-15T21:19:23.093Z,668,10
5,19,2023-08-15T21:19:33.093Z,230,3
21,23,2023-08-15T21:19:33.093Z,916,9
29,27,2023-08-15T21:19:33.093Z,668,11
1,33,2023-08-15T21:19:43.093Z,855,7
18,13,2023-08-15T21:19:43.093Z,753,3
23,15,2023-08-15T21:19:43.093Z,916,14
28,30,2023-08-15T21:19:43.093Z,866,10
10,5,2023-08-15T21:19:53.093Z,797,2
27,31,2023-08-15T21:19:53.093Z,494,5
7,6,2023-08-15T21:20:03.093Z,618,1
17,16,2023-08-15T21:20:03.093Z,355,9
27,34,2023-08-15T21:20:03.093Z,430,5
32,21,2023-08-15T21:20:03.093Z,133,6
3,5,2023-08-15T21:20:13.093Z,478,2
7,1,2023-08-15T21:20:13.093Z,291,1
15,13,2023-08-15T21:20:13.093Z,796,3
28,30,2023-08-15T21:20:13.093Z,688,10
33,21,2023-08-15T21:20:13.093Z,570,6
27,34,2023-08-15T21:20:23.093Z,742,5
32,21,2023-08-15T21:20:23.093Z,836,6
5,19,2023-08-15T21:20:33.093Z,797,3
11,7,2023-08-15T21:20:33.093Z,753,8
1,18,2023-08-15T21:19:23.093Z,960,7
4,11,2023-08-15T21:19:23.093Z,578,2
12,10,2023-08-15T21:19:23.093Z,797,8
17,16,2023-08-15T21:19:23.093Z,182,9
27,34,2023-08-15T21:19:23.093Z,391,5
31,32,2023-08-15T21:19:23.093Z,214,12
32,25,2023-08-15T21:19:23.093Z,636,6
34,18,2023-08-15T21:19:23.093Z,128,7
11,10,2023-08-15T21:19:33.093Z,578,8
12,7,2023-08-15T21:19:33.093Z,618,8
25,15,2023-08-15T21:19:33.093Z,796,14
26,27,2023-08-15T21:19:33.093Z,764,11
27,34,2023-08-15T21:19:33.093Z,349,5
31,32,2023-08-15T21:19:33.093Z,836,12
33,25,2023-08-15T21:19:33.093Z,76,6
0,3,2023-08-15T21:19:43.093Z,632,1
7,3,2023-08-15T21:19:43.093Z,478,1
21,23,2023-08-15T21:19:43.093Z,442,9
22,34,2023-08-15T21:19:43.093Z,279,6
27,31,2023-08-15T21:19:43.093Z,913,5
33,28,2023-08-15T21:19:43.093Z,656,6
17,22,2023-08-15T21:19:53.093Z,19,9
3,9,2023-08-15T21:20:03.093Z,632,2
12,7,2023-08-15T21:20:03.093Z,291,8
25,15,2023-08-15T21:20:03.093Z,636,14
31,32,2023-08-15T21:20:03.093Z,287,12
1,33,2023-08-15T21:20:13.093Z,135,7
4,9,2023-08-15T21:20:13.093Z,501,2
8,11,2023-08-15T21:20:13.093Z,753,2
25,24,2023-08-15T21:20:13.093Z,76,14
31,32,2023-08-15T21:20:13.093Z,913,12
15,20,2023-08-15T21:20:23.093Z,916,3
30,32,2023-08-15T21:20:23.093Z,688,12
3,5,2023-08-15T21:20:33.093Z,627,2
9,14,2023-08-15T21:20:33.093Z,501,13
16,13,2023-08-15T21:20:33.093Z,182,3
2,1,2023-08-15T21:20:43.093Z,618,1
27,31,2023-08-15T21:20:43.093Z,694,5
1,18,2023-08-15T21:20:53.093Z,431,7
21,16,2023-08-15T21:20:53.093Z,210,9
32,34,2023-08-15T21:20:53.093Z,287,6
25,24,2023-08-15T21:19:53.093Z,727,14
10,9,2023-08-15T21:20:03.093Z,578,2
16,19,2023-08-15T21:20:03.093Z,535,3
30,32,2023-08-15T21:20:03.093Z,866,12
6,10,2023-08-15T21:20:13.093Z,618,8
17,22,2023-08-15T21:20:13.093Z,443,9
9,14,2023-08-15T21:20:23.093Z,578,13
18,4,2023-08-15T21:20:23.093Z,960,3
34,33,2023-08-15T21:20:23.093Z,850,7
22,21,2023-08-15T21:20:33.093Z,19,6
13,8,2023-08-15T21:20:33.093Z,796,13
32,21,2023-08-15T21:20:33.093Z,666,6
18,20,2023-08-15T21:20:43.093Z,128,3
32,25,2023-08-15T21:20:43.093Z,866,6
15,4,2023-08-15T21:20:53.093Z,636,3
31,32,2023-08-15T21:20:53.093Z,505,12
35,29,2023-08-15T21:20:53.093Z,76,10
34,33,2023-08-15T21:19:53.093Z,612,7
13,8,2023-08-15T21:20:03.093Z,753,13
24,26,2023-08-15T21:20:03.093Z,727,4
33,28,2023-08-15T21:20:03.093Z,688,6
9,14,2023-08-15T21:20:13.093Z,632,13
27,34,2023-08-15T21:20:13.093Z,184,5
10,2,2023-08-15T21:20:23.093Z,618,2
24,35,2023-08-15T21:20:23.093Z,76,4
1,33,2023-08-15T21:20:33.093Z,522,7
26,27,2023-08-15T21:20:33.093Z,727,11
27,31,2023-08-15T21:20:33.093Z,904,5
16,19,2023-08-15T21:20:43.093Z,355,3
31,32,2023-08-15T21:20:43.093Z,494,12
6,10,2023-08-15T21:20:53.093Z,877,8
14,12,2023-08-15T21:20:53.093Z,578,3
22,34,2023-08-15T21:20:53.093Z,443,6
27,31,2023-08-15T21:20:53.093Z,181,5
34,0,2023-08-15T21:20:53.093Z,799,7
4,2,2023-08-15T21:21:03.093Z,960,2
7,3,2023-08-15T21:21:03.093Z,753,1
27,34,2023-08-15T21:21:03.093Z,731,5
32,21,2023-08-15T21:21:03.093Z,913,6
1,33,2023-08-15T21:21:03.093Z,136,7
5,4,2023-08-15T21:21:03.093Z,478,3
10,9,2023-08-15T21:21:03.093Z,877,2
33,21,2023-08-15T21:21:03.093Z,564,6
18,17,2023-08-15T21:21:13.093Z,431,3
32,21,2023-08-15T21:21:13.093Z,688,6
1,18,2023-08-15T21:21:23.093Z,94,7
27,34,2023-08-15T21:21:23.093Z,889,5
30,32,2023-08-15T21:21:23.093Z,464,12
13,14,2023-08-15T21:21:03.093Z,182,13
20,26,2023-08-15T21:21:03.093Z,916,4
14,20,2023-08-15T21:21:13.093Z,182,3
14,20,2023-08-15T21:21:03.093Z,501,3
21,16,2023-08-15T21:21:03.093Z,133,9
29,27,2023-08-15T21:21:03.093Z,76,11
21,16,2023-08-15T21:21:13.093Z,570,9
27,31,2023-08-15T21:21:13.093Z,758,5
31,32,2023-08-15T21:21:13.093Z,904,12
2,3,2023-08-15T21:21:23.093Z,960,1
3,9,2023-08-15T21:21:23.093Z,753,2
4,5,2023-08-15T21:21:23.093Z,67,2
5,17,2023-08-15T21:21:23.093Z,627,3
9,14,2023-08-15T21:21:23.093Z,877,13
19,18,2023-08-15T21:21:23.093Z,969,7
21,16,2023-08-15T21:21:23.093Z,836,9
33,25,2023-08-15T21:21:23.093Z,653,6
3,11,2023-08-15T21:21:33.093Z,960,2
9,14,2023-08-15T21:21:33.093Z,753,13
20,35,2023-08-15T21:21:33.093Z,128,4
26,27,2023-08-15T21:21:33.093Z,916,11
31,32,2023-08-15T21:21:33.093Z,181,12
33,25,2023-08-15T21:21:33.093Z,855,6
11,7,2023-08-15T21:21:43.093Z,196,8
16,4,2023-08-15T21:21:43.093Z,210,3
17,22,2023-08-15T21:21:43.093Z,431,9
18,4,2023-08-15T21:21:43.093Z,94,3
27,31,2023-08-15T21:21:43.093Z,455,5
32,34,2023-08-15T21:21:43.093Z,505,6
35,30,2023-08-15T21:21:43.093Z,128,10
4,2,2023-08-15T21:21:53.093Z,478,2
11,10,2023-08-15T21:21:53.093Z,960,8
21,23,2023-08-15T21:21:53.093Z,913,9
28,29,2023-08-15T21:21:53.093Z,612,10
32,34,2023-08-15T21:21:53.093Z,904,6
7,1,2023-08-15T21:22:03.093Z,196,1
21,22,2023-08-15T21:22:03.093Z,564,9
33,25,2023-08-15T21:22:03.093Z,135,6
4,5,2023-08-15T21:22:13.093Z,210,2
7,6,2023-08-15T21:22:13.093Z,146,1
16,4,2023-08-15T21:22:13.093Z,836,3
20,26,2023-08-15T21:22:13.093Z,501,4
0,6,2023-08-15T21:22:23.093Z,806,1
5,17,2023-08-15T21:22:23.093Z,210,3
10,9,2023-08-15T21:22:23.093Z,478,2
16,19,2023-08-15T21:22:23.093Z,19,3
19,33,2023-08-15T21:22:23.093Z,438,7
31,32,2023-08-15T21:22:23.093Z,809,12
34,33,2023-08-15T21:22:23.093Z,734,7
34,33,2023-08-15T21:21:23.093Z,773,7
1,0,2023-08-15T21:21:33.093Z,806,7
4,11,2023-08-15T21:21:33.093Z,636,2
21,16,2023-08-15T21:21:33.093Z,19,9
27,31,2023-08-15T21:21:33.093Z,809,5
32,21,2023-08-15T21:21:33.093Z,786,6
21,16,2023-08-15T21:21:43.093Z,666,9
31,32,2023-08-15T21:21:43.093Z,758,12
33,28,2023-08-15T21:21:43.093Z,612,6
1,18,2023-08-15T21:21:53.093Z,55,7
5,13,2023-08-15T21:21:53.093Z,67,3
16,17,2023-08-15T21:21:53.093Z,133,3
25,15,2023-08-15T21:21:53.093Z,866,14
30,32,2023-08-15T21:21:53.093Z,128,12
2,6,2023-08-15T21:22:03.093Z,478,1
10,9,2023-08-15T21:22:03.093Z,960,2
22,25,2023-08-15T21:22:03.093Z,431,6
0,6,2023-08-15T21:22:13.093Z,799,1
6,10,2023-08-15T21:22:13.093Z,478,8
14,4,2023-08-15T21:22:13.093Z,877,3
18,13,2023-08-15T21:22:13.093Z,969,3
34,33,2023-08-15T21:22:13.093Z,107,7
4,2,2023-08-15T21:22:23.093Z,94,2
8,5,2023-08-15T21:22:23.093Z,960,2
12,10,2023-08-15T21:22:23.093Z,570,8
18,12,2023-08-15T21:22:23.093Z,55,3
20,26,2023-08-15T21:22:23.093Z,182,4
32,21,2023-08-15T21:22:23.093Z,758,6
2,3,2023-08-15T21:22:33.093Z,94,1
35,30,2023-08-15T21:22:33.093Z,855,10
16,12,2023-08-15T21:22:03.093Z,570,3
23,15,2023-08-15T21:22:03.093Z,913,14
27,31,2023-08-15T21:22:03.093Z,582,5
32,34,2023-08-15T21:22:03.093Z,464,6
9,8,2023-08-15T21:22:13.093Z,960,13
21,16,2023-08-15T21:22:13.093Z,688,9
27,31,2023-08-15T21:22:13.093Z,827,5
24,35,2023-08-15T21:22:23.093Z,855,4
5,20,2023-08-15T21:22:33.093Z,770,3
10,5,2023-08-15T21:22:33.093Z,217,2
17,22,2023-08-15T21:22:33.093Z,133,9
27,34,2023-08-15T21:22:33.093Z,840,5
11,10,2023-08-15T21:22:03.093Z,636,8
17,16,2023-08-15T21:22:03.093Z,627,9
25,15,2023-08-15T21:22:03.093Z,653,14
29,27,2023-08-15T21:22:03.093Z,612,11
8,5,2023-08-15T21:22:13.093Z,770,2
10,5,2023-08-15T21:22:13.093Z,636,2
25,24,2023-08-15T21:22:13.093Z,855,14
21,22,2023-08-15T21:22:23.093Z,786,9
25,15,2023-08-15T21:22:23.093Z,431,14
9,8,2023-08-15T21:22:33.093Z,478,13
16,4,2023-08-15T21:22:33.093Z,666,3
26,27,2023-08-15T21:22:33.093Z,501,11
31,32,2023-08-15T21:22:33.093Z,455,12
6,7,2023-08-15T21:22:43.093Z,799,8
27,31,2023-08-15T21:22:43.093Z,326,5
31,32,2023-08-15T21:22:43.093Z,582,12
33,21,2023-08-15T21:22:43.093Z,850,6
6,10,2023-08-15T21:22:53.093Z,146,8
4,11,2023-08-15T21:22:43.093Z,877,2
22,34,2023-08-15T21:22:43.093Z,786,6
11,7,2023-08-15T21:22:53.093Z,877,8
21,16,2023-08-15T21:22:53.093Z,758,9
33,21,2023-08-15T21:22:53.093Z,522,6
5,4,2023-08-15T21:23:03.093Z,217,3
32,21,2023-08-15T21:23:03.093Z,455,6
22,34,2023-08-15T21:23:13.093Z,210,6
31,32,2023-08-15T21:23:13.093Z,827,12
7,3,2023-08-15T21:23:23.093Z,799,1
15,17,2023-08-15T21:23:23.093Z,913,3
20,26,2023-08-15T21:23:23.093Z,770,4
21,23,2023-08-15T21:23:23.093Z,455,9
34,18,2023-08-15T21:23:23.093Z,810,7
14,19,2023-08-15T21:23:33.093Z,146,3
25,15,2023-08-15T21:23:33.093Z,133,14
33,25,2023-08-15T21:23:33.093Z,773,6
9,14,2023-08-15T21:23:43.093Z,217,13
27,31,2023-08-15T21:23:43.093Z,843,5
25,15,2023-08-15T21:23:53.093Z,582,14
34,33,2023-08-15T21:23:53.093Z,948,7
20,26,2023-08-15T21:24:03.093Z,431,4
30,32,2023-08-15T21:24:03.093Z,856,12
6,7,2023-08-15T21:24:13.093Z,478,8
10,9,2023-08-15T21:24:13.093Z,666,2
1,18,2023-08-15T21:22:43.093Z,211,7
16,12,2023-08-15T21:22:43.093Z,627,3
30,32,2023-08-15T21:22:43.093Z,855,12
4,2,2023-08-15T21:22:53.093Z,836,2
16,13,2023-08-15T21:22:53.093Z,688,3
32,28,2023-08-15T21:22:53.093Z,809,6
27,34,2023-08-15T21:22:53.093Z,180,5
17,22,2023-08-15T21:23:03.093Z,210,9
28,29,2023-08-15T21:23:03.093Z,809,10
9,14,2023-08-15T21:23:13.093Z,146,13
18,13,2023-08-15T21:23:13.093Z,211,3
25,15,2023-08-15T21:23:13.093Z,135,14
33,25,2023-08-15T21:23:13.093Z,136,6
27,34,2023-08-15T21:23:23.093Z,406,5
7,1,2023-08-15T21:23:33.093Z,877,1
23,15,2023-08-15T21:23:33.093Z,455,14
31,32,2023-08-15T21:23:33.093Z,563,12
3,5,2023-08-15T21:23:43.093Z,799,2
18,4,2023-08-15T21:23:43.093Z,810,3
2,6,2023-08-15T21:23:53.093Z,478,1
33,21,2023-08-15T21:23:53.093Z,107,6
13,8,2023-08-15T21:24:03.093Z,211,13
21,22,2023-08-15T21:24:03.093Z,102,9
32,21,2023-08-15T21:24:03.093Z,827,6
8,9,2023-08-15T21:24:13.093Z,211,2
27,34,2023-08-15T21:24:13.093Z,771,5
5,12,2023-08-15T21:22:43.093Z,636,3
26,27,2023-08-15T21:22:43.093Z,182,11
32,25,2023-08-15T21:22:43.093Z,128,6
10,2,2023-08-15T21:22:53.093Z,570,2
22,25,2023-08-15T21:22:53.093Z,133,6
4,2,2023-08-15T21:23:03.093Z,666,2
10,9,2023-08-15T21:23:03.093Z,146,2
31,32,2023-08-15T21:23:03.093Z,102,12
15,17,2023-08-15T21:23:13.093Z,866,3
23,24,2023-08-15T21:23:13.093Z,850,14
32,21,2023-08-15T21:23:13.093Z,855,6
13,8,2023-08-15T21:23:23.093Z,67,13
31,32,2023-08-15T21:23:23.093Z,326,12
3,5,2023-08-15T21:23:33.093Z,570,2
21,23,2023-08-15T21:23:03.093Z,850,9
2,1,2023-08-15T21:23:13.093Z,836,1
21,16,2023-08-15T21:23:13.093Z,522,9
27,34,2023-08-15T21:23:13.093Z,633,5
2,3,2023-08-15T21:23:23.093Z,570,1
25,15,2023-08-15T21:23:23.093Z,128,14
2,6,2023-08-15T21:23:33.093Z,666,1
4,9,2023-08-15T21:23:33.093Z,217,2
8,11,2023-08-15T21:23:33.093Z,67,2
16,12,2023-08-15T21:23:33.093Z,522,3
27,34,2023-08-15T21:23:33.093Z,148,5
32,25,2023-08-15T21:23:33.093Z,582,6
34,33,2023-08-15T21:23:33.093Z,449,7
8,2,2023-08-15T21:23:43.093Z,478,2
11,7,2023-08-15T21:23:43.093Z,67,8
13,14,2023-08-15T21:23:43.093Z,969,13
15,20,2023-08-15T21:23:43.093Z,431,3
21,23,2023-08-15T21:23:43.093Z,855,9
23,15,2023-08-15T21:23:43.093Z,923,14
25,15,2023-08-15T21:23:43.093Z,136,14
28,30,2023-08-15T21:23:43.093Z,656,10
32,21,2023-08-15T21:23:43.093Z,102,6
27,31,2023-08-15T21:23:53.093Z,845,5
30,32,2023-08-15T21:23:53.093Z,656,12
4,11,2023-08-15T21:24:03.093Z,810,2
5,13,2023-08-15T21:24:03.093Z,570,3
6,10,2023-08-15T21:24:03.093Z,666,8
23,15,2023-08-15T21:24:03.093Z,855,14
25,15,2023-08-15T21:24:03.093Z,773,14
27,31,2023-08-15T21:24:03.093Z,344,5
33,25,2023-08-15T21:24:03.093Z,438,6
5,13,2023-08-15T21:24:13.093Z,799,3
7,1,2023-08-15T21:24:13.093Z,67,1
11,10,2023-08-15T21:24:13.093Z,810,8
21,23,2023-08-15T21:24:13.093Z,107,9
25,24,2023-08-15T21:24:13.093Z,438,14
32,34,2023-08-15T21:24:13.093Z,326,6
34,0,2023-08-15T21:24:13.093Z,242,7
7,3,2023-08-15T21:24:23.093Z,478,1
9,14,2023-08-15T21:24:23.093Z,211,13
13,14,2023-08-15T21:24:23.093Z,570,13
23,15,2023-08-15T21:24:23.093Z,107,14
24,35,2023-08-15T21:24:23.093Z,438,4
27,34,2023-08-15T21:24:23.093Z,609,5
33,21,2023-08-15T21:24:23.093Z,734,6
9,14,2023-08-15T21:24:33.093Z,666,13
15,13,2023-08-15T21:24:33.093Z,135,3
21,16,2023-08-15T21:24:33.093Z,827,9
26,27,2023-08-15T21:24:33.093Z,770,11
32,25,2023-08-15T21:24:23.093Z,563,6
10,2,2023-08-15T21:24:33.093Z,810,2
14,19,2023-08-15T21:24:33.093Z,217,3
27,34,2023-08-15T21:24:33.093Z,410,5
33,21,2023-08-15T21:24:33.093Z,449,6
0,6,2023-08-15T21:24:43.093Z,242,1
3,5,2023-08-15T21:24:43.093Z,478,2
14,17,2023-08-15T21:24:43.093Z,969,3
25,15,2023-08-15T21:24:43.093Z,563,14
26,27,2023-08-15T21:24:43.093Z,542,11
27,31,2023-08-15T21:24:43.093Z,428,5
33,21,2023-08-15T21:24:43.093Z,948,6
35,29,2023-08-15T21:24:43.093Z,438,10
1,0,2023-08-15T21:24:53.093Z,571,7
2,3,2023-08-15T21:24:53.093Z,810,1
15,20,2023-08-15T21:24:53.093Z,455,3
27,31,2023-08-15T21:24:53.093Z,775,5
28,30,2023-08-15T21:24:53.093Z,719,10
17,23,2023-08-15T21:25:03.093Z,866,9
21,22,2023-08-15T21:25:03.093Z,734,9
22,34,2023-08-15T21:25:03.093Z,102,6
27,34,2023-08-15T21:25:03.093Z,236,5
3,5,2023-08-15T21:25:13.093Z,810,2
6,10,2023-08-15T21:24:53.093Z,242,8
13,14,2023-08-15T21:24:53.093Z,799,13
32,34,2023-08-15T21:24:53.093Z,656,6
34,18,2023-08-15T21:24:53.093Z,883,7
1,18,2023-08-15T21:25:03.093Z,500,7
5,17,2023-08-15T21:25:03.093Z,478,3
15,13,2023-08-15T21:25:03.093Z,133,3
32,34,2023-08-15T21:25:03.093Z,856,6
15,17,2023-08-15T21:25:13.093Z,923,3
18,20,2023-08-15T21:25:13.093Z,883,3
21,16,2023-08-15T21:25:13.093Z,449,9
30,32,2023-08-15T21:25:13.093Z,719,12
1,18,2023-08-15T21:25:23.093Z,971,7
13,8,2023-08-15T21:25:23.093Z,135,13
15,17,2023-08-15T21:25:23.093Z,136,3
19,33,2023-08-15T21:25:23.093Z,28,7
22,25,2023-08-15T21:25:23.093Z,734,6
32,34,2023-08-15T21:25:23.093Z,719,6
16,13,2023-08-15T21:25:33.093Z,827,3
32,21,2023-08-15T21:25:33.093Z,843,6
27,34,2023-08-15T21:25:23.093Z,121,5
8,5,2023-08-15T21:25:33.093Z,135,2
23,24,2023-08-15T21:25:33.093Z,948,14
27,31,2023-08-15T21:25:33.093Z,254,5
13,14,2023-08-15T21:25:43.093Z,500,13
10,9,2023-08-15T21:25:13.093Z,242,2
17,16,2023-08-15T21:25:13.093Z,913,9
20,35,2023-08-15T21:25:13.093Z,455,4
27,31,2023-08-15T21:25:13.093Z,365,5
0,3,2023-08-15T21:25:23.093Z,571,1
9,14,2023-08-15T21:25:23.093Z,242,13
14,4,2023-08-15T21:25:23.093Z,211,3
18,13,2023-08-15T21:25:23.093Z,500,3
21,23,2023-08-15T21:25:23.093Z,948,9
31,32,2023-08-15T21:25:23.093Z,843,12
14,17,2023-08-15T21:25:33.093Z,570,3
31,32,2023-08-15T21:25:33.093Z,845,12
23,24,2023-08-15T21:25:23.093Z,866,14
3,11,2023-08-15T21:25:33.093Z,571,2
13,14,2023-08-15T21:25:33.093Z,133,13
25,24,2023-08-15T21:25:33.093Z,734,14
11,10,2023-08-15T21:25:43.093Z,571,8
18,12,2023-08-15T21:25:43.093Z,971,3
33,28,2023-08-15T21:25:43.093Z,28,6
15,17,2023-08-15T21:25:53.093Z,855,3
19,18,2023-08-15T21:27:13.093Z,353,7
24,26,2023-08-15T21:25:53.093Z,948,4
27,34,2023-08-15T21:25:43.093Z,573,5
4,11,2023-08-15T21:25:53.093Z,211,2
28,30,2023-08-15T21:25:53.093Z,28,10
15,12,2023-08-15T21:25:43.093Z,582,3
32,21,2023-08-15T21:25:43.093Z,845,6
14,13,2023-08-15T21:25:53.093Z,666,3
17,22,2023-08-15T21:25:53.093Z,969,9
24,26,2023-08-15T21:25:43.093Z,866,4
35,30,2023-08-15T21:25:43.093Z,455,10
27,31,2023-08-15T21:25:53.093Z,9,5
34,33,2023-08-15T21:25:53.093Z,101,7
10,9,2023-08-15T21:26:03.093Z,571,2
15,20,2023-08-15T21:26:03.093Z,773,3
14,17,2023-08-15T21:26:13.093Z,242,3
16,13,2023-08-15T21:26:13.093Z,449,3
32,21,2023-08-15T21:26:13.093Z,28,6
14,12,2023-08-15T21:26:23.093Z,133,3
27,34,2023-08-15T21:26:23.093Z,2,5
17,22,2023-08-15T21:26:33.093Z,136,9
20,26,2023-08-15T21:26:33.093Z,98,4
32,28,2023-08-15T21:26:33.093Z,344,6
33,21,2023-08-15T21:26:33.093Z,101,6
13,8,2023-08-15T21:26:43.093Z,666,13
17,23,2023-08-15T21:26:43.093Z,570,9
20,26,2023-08-15T21:26:43.093Z,773,4
4,9,2023-08-15T21:26:53.093Z,708,2
20,26,2023-08-15T21:26:53.093Z,107,4
34,33,2023-08-15T21:26:53.093Z,37,7
15,20,2023-08-15T21:27:03.093Z,442,3
30,32,2023-08-15T21:27:03.093Z,143,12
1,0,2023-08-15T21:27:13.093Z,67,7
21,22,2023-08-15T21:27:13.093Z,845,9
20,26,2023-08-15T21:27:23.093Z,442,4
14,17,2023-08-15T21:27:33.093Z,449,3
32,28,2023-08-15T21:27:33.093Z,365,6
9,8,2023-08-15T21:26:13.093Z,571,13
34,18,2023-08-15T21:26:13.093Z,708,7
31,32,2023-08-15T21:26:23.093Z,775,12
18,4,2023-08-15T21:26:33.093Z,708,3
27,34,2023-08-15T21:26:33.093Z,117,5
1,0,2023-08-15T21:26:43.093Z,159,7
28,30,2023-08-15T21:26:43.093Z,344,10
17,16,2023-08-15T21:26:53.093Z,855,9
11,7,2023-08-15T21:26:03.093Z,211,8
13,14,2023-08-15T21:26:03.093Z,827,13
14,17,2023-08-15T21:26:03.093Z,799,3
17,16,2023-08-15T21:26:03.093Z,478,9
23,15,2023-08-15T21:26:03.093Z,442,14
24,26,2023-08-15T21:26:03.093Z,734,4
31,32,2023-08-15T21:26:03.093Z,344,12
15,20,2023-08-15T21:26:13.093Z,107,3
8,2,2023-08-15T21:26:23.093Z,571,2
17,22,2023-08-15T21:26:23.093Z,923,9
7,3,2023-08-15T21:26:33.093Z,211,1
14,12,2023-08-15T21:26:33.093Z,500,3
30,32,2023-08-15T21:26:33.093Z,750,12
14,12,2023-08-15T21:26:43.093Z,827,3
27,31,2023-08-15T21:26:43.093Z,468,5
13,14,2023-08-15T21:26:53.093Z,449,13
29,27,2023-08-15T21:26:53.093Z,425,11
0,3,2023-08-15T21:27:03.093Z,159,1
18,4,2023-08-15T21:27:03.093Z,448,3
31,32,2023-08-15T21:27:03.093Z,468,12
5,17,2023-08-15T21:27:13.093Z,666,3
32,21,2023-08-15T21:27:13.093Z,775,6
33,25,2023-08-15T21:27:23.093Z,37,6
18,13,2023-08-15T21:27:33.093Z,353,3
30,32,2023-08-15T21:26:03.093Z,28,12
31,32,2023-08-15T21:26:13.093Z,428,12
20,26,2023-08-15T21:26:23.093Z,883,4
16,20,2023-08-15T21:26:33.093Z,478,3
22,25,2023-08-15T21:26:33.093Z,969,6
31,32,2023-08-15T21:26:33.093Z,365,12
15,12,2023-08-15T21:26:43.093Z,563,3
34,18,2023-08-15T21:26:43.093Z,448,7
22,34,2023-08-15T21:26:53.093Z,923,6
27,34,2023-08-15T21:26:53.093Z,520,5
32,21,2023-08-15T21:26:53.093Z,181,6
9,14,2023-08-15T21:27:03.093Z,708,13
26,27,2023-08-15T21:27:03.093Z,866,11
32,21,2023-08-15T21:27:03.093Z,428,6
27,34,2023-08-15T21:27:13.093Z,813,5
23,15,2023-08-15T21:27:23.093Z,216,14
27,31,2023-08-15T21:27:23.093Z,453,5
34,33,2023-08-15T21:27:23.093Z,495,7
4,5,2023-08-15T21:27:33.093Z,448,2
25,15,2023-08-15T21:27:33.093Z,420,14
28,30,2023-08-15T21:27:33.093Z,24,10
31,32,2023-08-15T21:26:53.093Z,9,12
8,5,2023-08-15T21:27:03.093Z,666,2
20,26,2023-08-15T21:27:03.093Z,478,4
27,34,2023-08-15T21:27:03.093Z,383,5
8,5,2023-08-15T21:27:13.093Z,543,2
22,25,2023-08-15T21:27:13.093Z,420,6
21,22,2023-08-15T21:27:23.093Z,28,9
26,27,2023-08-15T21:27:23.093Z,948,11
32,21,2023-08-15T21:27:23.093Z,750,6
1,18,2023-08-15T21:27:33.093Z,586,7
21,16,2023-08-15T21:27:33.093Z,101,9
26,27,2023-08-15T21:27:33.093Z,734,11
17,22,2023-08-15T21:27:43.093Z,799,9
21,16,2023-08-15T21:27:43.093Z,181,9
25,15,2023-08-15T21:27:43.093Z,37,14
32,25,2023-08-15T21:27:43.093Z,494,6
1,0,2023-08-15T21:27:53.093Z,466,7
2,1,2023-08-15T21:27:53.093Z,571,1
14,12,2023-08-15T21:27:53.093Z,708,3
17,22,2023-08-15T21:27:53.093Z,242,9
18,4,2023-08-15T21:27:53.093Z,586,3
22,25,2023-08-15T21:27:53.093Z,845,6
25,15,2023-08-15T21:27:53.093Z,494,14
30,32,2023-08-15T21:27:53.093Z,24,12
32,34,2023-08-15T21:27:53.093Z,9,6
5,12,2023-08-15T21:28:03.093Z,543,3
15,4,2023-08-15T21:28:03.093Z,216,3
17,22,2023-08-15T21:28:03.093Z,666,9
21,22,2023-08-15T21:28:03.093Z,775,9
26,27,2023-08-15T21:28:03.093Z,883,11
29,27,2023-08-15T21:28:03.093Z,393,11
32,34,2023-08-15T21:28:03.093Z,143,6
4,9,2023-08-15T21:28:13.093Z,586,2
15,12,2023-08-15T21:28:13.093Z,420,3
21,22,2023-08-15T21:28:13.093Z,750,9
25,15,2023-08-15T21:28:13.093Z,845,14
26,27,2023-08-15T21:28:13.093Z,98,11
32,34,2023-08-15T21:28:13.093Z,468,6
34,18,2023-08-15T21:28:13.093Z,778,7
1,33,2023-08-15T21:28:23.093Z,836,7
4,5,2023-08-15T21:28:23.093Z,216,2
5,17,2023-08-15T21:28:23.093Z,973,3
17,22,2023-08-15T21:28:23.093Z,449,9
18,13,2023-08-15T21:28:23.093Z,778,3
32,34,2023-08-15T21:28:23.093Z,24,6
1,0,2023-08-15T21:28:33.093Z,313,7
5,13,2023-08-15T21:28:33.093Z,448,3
26,27,2023-08-15T21:28:33.093Z,107,11
30,32,2023-08-15T21:28:33.093Z,455,12
5,13,2023-08-15T21:28:43.093Z,216,3
26,27,2023-08-15T21:28:43.093Z,478,11
32,21,2023-08-15T21:28:43.093Z,455,6
0,3,2023-08-15T21:28:53.093Z,67,1
13,8,2023-08-15T21:28:53.093Z,778,13
24,35,2023-08-15T21:28:53.093Z,112,4
28,29,2023-08-15T21:28:53.093Z,579,10
32,34,2023-08-15T21:28:53.093Z,427,6
8,5,2023-08-15T21:29:03.093Z,778,2
13,8,2023-08-15T21:29:03.093Z,448,13
16,4,2023-08-15T21:29:03.093Z,101,3
21,23,2023-08-15T21:29:03.093Z,455,9
26,27,2023-08-15T21:29:03.093Z,442,11
29,27,2023-08-15T21:29:03.093Z,579,11
3,5,2023-08-15T21:29:13.093Z,67,2
8,9,2023-08-15T21:29:13.093Z,448,2
13,14,2023-08-15T21:29:13.093Z,216,13
16,12,2023-08-15T21:29:13.093Z,181,3
23,15,2023-08-15T21:29:13.093Z,455,14
26,27,2023-08-15T21:29:13.093Z,635,11
33,28,2023-08-15T21:29:13.093Z,495,6
35,30,2023-08-15T21:29:13.093Z,112,10
0,6,2023-08-15T21:29:23.093Z,466,1
28,30,2023-08-15T21:29:23.093Z,495,10
4,5,2023-08-15T21:29:33.093Z,101,2
28,30,2023-08-15T21:29:33.093Z,836,10
9,14,2023-08-15T21:29:43.093Z,448,13
30,32,2023-08-15T21:29:43.093Z,836,12
15,19,2023-08-15T21:29:53.093Z,845,3
15,17,2023-08-15T21:29:23.093Z,494,3
30,32,2023-08-15T21:29:23.093Z,112,12
30,32,2023-08-15T21:29:33.093Z,495,12
5,17,2023-08-15T21:29:43.093Z,778,3
28,29,2023-08-15T21:29:43.093Z,112,10
14,19,2023-08-15T21:29:53.093Z,216,3
32,21,2023-08-15T21:29:53.093Z,495,6
32,25,2023-08-15T21:30:03.093Z,836,6
3,5,2023-08-15T21:30:13.093Z,976,2
9,14,2023-08-15T21:30:23.093Z,741,13
20,35,2023-08-15T21:30:23.093Z,913,4
24,35,2023-08-15T21:30:33.093Z,836,4
7,6,2023-08-15T21:30:43.093Z,455,1
26,27,2023-08-15T21:30:43.093Z,651,11
34,33,2023-08-15T21:30:53.093Z,783,7
16,20,2023-08-15T21:30:03.093Z,913,3
34,18,2023-08-15T21:30:03.093Z,269,7
26,27,2023-08-15T21:30:13.093Z,758,11
4,11,2023-08-15T21:30:23.093Z,455,2
18,17,2023-08-15T21:30:23.093Z,269,3
25,24,2023-08-15T21:30:23.093Z,836,14
11,7,2023-08-15T21:30:33.093Z,455,8
1,0,2023-08-15T21:30:43.093Z,432,7
35,30,2023-08-15T21:30:43.093Z,913,10
30,32,2023-08-15T21:30:53.093Z,913,12
33,28,2023-08-15T21:29:23.093Z,836,6
32,28,2023-08-15T21:29:33.093Z,112,6
16,20,2023-08-15T21:29:43.093Z,758,3
5,13,2023-08-15T21:29:53.093Z,67,3
0,3,2023-08-15T21:29:33.093Z,313,1
6,10,2023-08-15T21:29:33.093Z,466,8
10,5,2023-08-15T21:29:43.093Z,466,2
3,5,2023-08-15T21:29:53.093Z,313,2
20,26,2023-08-15T21:29:53.093Z,758,4
15,4,2023-08-15T21:30:03.093Z,455,3
1,18,2023-08-15T21:30:13.093Z,545,7
14,17,2023-08-15T21:30:13.093Z,448,3
14,12,2023-08-15T21:30:23.093Z,380,3
34,33,2023-08-15T21:30:23.093Z,415,7
31,32,2023-08-15T21:30:33.093Z,209,12
13,14,2023-08-15T21:30:43.093Z,67,13
17,16,2023-08-15T21:30:53.093Z,494,9
11,10,2023-08-15T21:30:03.093Z,741,8
29,27,2023-08-15T21:30:03.093Z,112,11
10,9,2023-08-15T21:30:13.093Z,741,2
1,18,2023-08-15T21:30:23.093Z,521,7
17,16,2023-08-15T21:30:23.093Z,973,9
21,23,2023-08-15T21:30:23.093Z,495,9
5,17,2023-08-15T21:30:33.093Z,101,3
18,4,2023-08-15T21:30:33.093Z,545,3
34,18,2023-08-15T21:30:43.093Z,931,7
2,3,2023-08-15T21:30:53.093Z,717,1
32,34,2023-08-15T21:30:53.093Z,209,6
4,5,2023-08-15T21:31:03.093Z,545,2
6,10,2023-08-15T21:31:03.093Z,455,8
16,12,2023-08-15T21:31:03.093Z,973,3
17,16,2023-08-15T21:31:03.093Z,778,9
0,6,2023-08-15T21:31:13.093Z,432,1
3,11,2023-08-15T21:31:13.093Z,717,2
10,5,2023-08-15T21:31:13.093Z,455,2
17,23,2023-08-15T21:31:13.093Z,448,9
1,0,2023-08-15T21:31:23.093Z,821,7
11,10,2023-08-15T21:31:23.093Z,717,8
5,17,2023-08-15T21:31:33.093Z,545,3
13,14,2023-08-15T21:31:43.093Z,494,13
25,15,2023-08-15T21:31:43.093Z,45,14
10,9,2023-08-15T21:31:53.093Z,717,2
18,20,2023-08-15T21:31:53.093Z,634,3
8,5,2023-08-15T21:32:13.093Z,717,2
5,12,2023-08-15T21:31:13.093Z,313,3
18,20,2023-08-15T21:31:13.093Z,931,3
14,4,2023-08-15T21:31:23.093Z,67,3
35,30,2023-08-15T21:31:23.093Z,836,10
16,12,2023-08-15T21:31:33.093Z,778,3
5,17,2023-08-15T21:31:43.093Z,455,3
10,11,2023-08-15T21:31:43.093Z,432,2
12,7,2023-08-15T21:31:53.093Z,55,8
5,17,2023-08-15T21:31:03.093Z,466,3
18,17,2023-08-15T21:31:03.093Z,521,3
31,32,2023-08-15T21:31:03.093Z,715,12
32,34,2023-08-15T21:31:03.093Z,913,6
6,10,2023-08-15T21:31:23.093Z,432,8
16,13,2023-08-15T21:31:23.093Z,494,3
0,6,2023-08-15T21:31:43.093Z,821,1
23,15,2023-08-15T21:31:43.093Z,570,14
30,32,2023-08-15T21:31:43.093Z,836,12
11,7,2023-08-15T21:31:53.093Z,432,8
6,7,2023-08-15T21:32:03.093Z,821,8
20,26,2023-08-15T21:32:23.093Z,634,4
14,13,2023-08-15T21:31:13.093Z,741,3
5,19,2023-08-15T21:31:23.093Z,976,3
32,34,2023-08-15T21:31:23.093Z,715,6
13,8,2023-08-15T21:31:33.093Z,741,13
34,18,2023-08-15T21:31:33.093Z,634,7
8,2,2023-08-15T21:31:43.093Z,741,2
34,33,2023-08-15T21:31:43.093Z,80,7
32,34,2023-08-15T21:31:53.093Z,836,6
2,1,2023-08-15T21:32:03.093Z,741,1
9,8,2023-08-15T21:32:03.093Z,717,13
7,3,2023-08-15T21:32:13.093Z,432,1
12,7,2023-08-15T21:32:13.093Z,627,8
14,12,2023-08-15T21:32:13.093Z,494,3
3,9,2023-08-15T21:32:23.093Z,432,2
12,7,2023-08-15T21:32:33.093Z,314,8
34,18,2023-08-15T21:32:33.093Z,297,7
12,7,2023-08-15T21:33:53.093Z,563,8
6,10,2023-08-15T21:34:13.093Z,133,8
12,10,2023-08-15T21:34:03.093Z,708,8
10,2,2023-08-15T21:34:13.093Z,708,2
31,32,2023-08-15T21:34:23.093Z,462,12
6,10,2023-08-15T21:34:23.093Z,500,8
7,3,2023-08-15T21:34:33.093Z,563,1
27,34,2023-08-15T21:34:33.093Z,0,5
7,1,2023-08-15T21:34:43.093Z,362,1
12,7,2023-08-15T21:34:43.093Z,420,8
27,34,2023-08-15T21:34:43.093Z,562,5
29,27,2023-08-15T21:34:53.093Z,365,11
33,21,2023-08-15T21:34:53.093Z,415,6
20,35,2023-08-15T21:35:03.093Z,801,4
32,21,2023-08-15T21:35:03.093Z,647,6
31,32,2023-08-15T21:35:23.093Z,512,12
12,10,2023-08-15T21:35:33.093Z,313,8
15,19,2023-08-15T21:35:43.093Z,495,3
28,30,2023-08-15T21:35:43.093Z,433,10
10,9,2023-08-15T21:35:53.093Z,313,2
2,3,2023-08-15T21:34:23.093Z,708,1
34,33,2023-08-15T21:34:23.093Z,389,7
23,15,2023-08-15T21:34:33.093Z,495,14
12,7,2023-08-15T21:34:53.093Z,181,8
12,7,2023-08-15T21:35:03.093Z,265,8
35,30,2023-08-15T21:35:03.093Z,570,10
27,34,2023-08-15T21:35:13.093Z,663,5
35,30,2023-08-15T21:35:13.093Z,801,10
27,34,2023-08-15T21:35:23.093Z,572,5
34,0,2023-08-15T21:35:23.093Z,111,7
7,6,2023-08-15T21:35:53.093Z,380,1
18,4,2023-08-15T21:35:53.093Z,284,3
3,11,2023-08-15T21:35:33.093Z,628,2
6,7,2023-08-15T21:35:43.093Z,299,8
35,29,2023-08-15T21:35:43.093Z,708,10
27,34,2023-08-15T21:35:53.093Z,990,5
2,1,2023-08-15T21:34:33.093Z,133,1
12,10,2023-08-15T21:34:33.093Z,543,8
5,20,2023-08-15T21:34:43.093Z,708,3
10,2,2023-08-15T21:34:43.093Z,543,2
20,26,2023-08-15T21:34:43.093Z,45,4
3,5,2023-08-15T21:34:53.093Z,563,2
2,1,2023-08-15T21:35:03.093Z,543,1
34,33,2023-08-15T21:35:03.093Z,720,7
3,5,2023-08-15T21:35:13.093Z,420,2
12,7,2023-08-15T21:35:13.093Z,380,8
25,15,2023-08-15T21:35:13.093Z,462,14
30,32,2023-08-15T21:35:13.093Z,570,12
34,0,2023-08-15T21:35:13.093Z,628,7
0,3,2023-08-15T21:35:23.093Z,628,1
7,1,2023-08-15T21:35:23.093Z,265,1
21,22,2023-08-15T21:35:33.093Z,647,9
18,17,2023-08-15T21:35:43.093Z,489,3
33,21,2023-08-15T21:35:43.093Z,720,6
21,23,2023-08-15T21:35:53.093Z,80,9
10,2,2023-08-15T21:34:23.093Z,133,2
3,5,2023-08-15T21:34:33.093Z,708,2
32,25,2023-08-15T21:34:33.093Z,462,6
31,32,2023-08-15T21:34:53.093Z,647,12
27,31,2023-08-15T21:35:03.093Z,512,5
7,1,2023-08-15T21:35:13.093Z,181,1
33,21,2023-08-15T21:35:13.093Z,80,6
12,7,2023-08-15T21:35:23.093Z,973,8
32,34,2023-08-15T21:35:23.093Z,570,6
19,18,2023-08-15T21:35:33.093Z,284,7
23,24,2023-08-15T21:35:33.093Z,415,14
1,18,2023-08-15T21:35:33.093Z,489,7
27,31,2023-08-15T21:35:33.093Z,472,5
31,32,2023-08-15T21:35:43.093Z,254,12
12,7,2023-08-15T21:35:53.093Z,494,8
28,29,2023-08-15T21:34:43.093Z,365,10
20,35,2023-08-15T21:34:53.093Z,570,4
27,34,2023-08-15T21:34:53.093Z,583,5
21,23,2023-08-15T21:35:23.093Z,415,9
33,28,2023-08-15T21:35:23.093Z,433,6
33,28,2023-08-15T21:35:33.093Z,389,6
24,35,2023-08-15T21:35:43.093Z,415,4
1,0,2023-08-15T21:35:53.093Z,861,7
32,21,2023-08-15T21:35:53.093Z,254,6
10,2,2023-08-15T21:34:33.093Z,500,2
7,3,2023-08-15T21:34:53.093Z,420,1
0,6,2023-08-15T21:35:03.093Z,299,1
33,28,2023-08-15T21:35:03.093Z,783,6
20,35,2023-08-15T21:35:13.093Z,708,4
1,0,2023-08-15T21:35:23.093Z,608,7
9,14,2023-08-15T21:35:33.093Z,586,13
26,27,2023-08-15T21:35:43.093Z,45,11
0,3,2023-08-15T21:35:53.093Z,608,1
30,32,2023-08-15T21:35:53.093Z,433,12
27,34,2023-08-15T21:35:43.093Z,585,5
3,5,2023-08-15T21:35:53.093Z,159,2
12,7,2023-08-15T21:36:23.093Z,979,8
32,34,2023-08-15T21:36:23.093Z,472,6
5,4,2023-08-15T21:36:33.093Z,608,3
10,5,2023-08-15T21:36:33.093Z,380,2
16,17,2023-08-15T21:36:33.093Z,720,3
27,31,2023-08-15T21:36:33.093Z,668,5
12,7,2023-08-15T21:36:43.093Z,578,8
25,24,2023-08-15T21:36:43.093Z,28,14
5,20,2023-08-15T21:36:53.093Z,380,3
12,7,2023-08-15T21:36:53.093Z,159,8
1,1,2023-08-15T21:37:03.093Z,973,7
9,14,2023-08-15T21:37:03.093Z,608,13
22,25,2023-08-15T21:37:03.093Z,666,6
5,20,2023-08-15T21:37:13.093Z,861,3
10,9,2023-08-15T21:37:13.093Z,111,2
25,24,2023-08-15T21:37:13.093Z,799,14
10,5,2023-08-15T21:37:23.093Z,299,2
3,2,2023-08-15T21:37:23.093Z,264,2
21,16,2023-08-15T21:37:23.093Z,242,9
28,29,2023-08-15T21:37:23.093Z,337,10
2,1,2023-08-15T21:37:33.093Z,264,1
13,8,2023-08-15T21:37:33.093Z,284,13
32,25,2023-08-15T21:37:33.093Z,668,6
0,6,2023-08-15T21:51:03.093Z,108,1
2,3,2023-08-15T21:51:03.093Z,604,1
14,19,2023-08-15T21:51:03.093Z,86,3
17,16,2023-08-15T21:51:03.093Z,608,9
18,13,2023-08-15T21:51:03.093Z,240,3
27,31,2023-08-15T21:51:03.093Z,322,5
31,32,2023-08-15T21:51:03.093Z,298,12
34,33,2023-08-15T21:51:03.093Z,766,7
3,5,2023-08-15T21:51:13.093Z,604,2
4,11,2023-08-15T21:51:13.093Z,845,2
8,5,2023-08-15T21:51:13.093Z,696,2
14,17,2023-08-15T21:51:13.093Z,495,3
17,16,2023-08-15T21:51:13.093Z,479,9
18,17,2023-08-15T21:51:13.093Z,679,3
21,23,2023-08-15T21:51:13.093Z,799,9
27,34,2023-08-15T21:51:13.093Z,717,5
31,32,2023-08-15T21:51:13.093Z,250,12
6,10,2023-08-15T21:37:13.093Z,185,8
15,17,2023-08-15T21:37:13.093Z,462,3
27,31,2023-08-15T21:37:13.093Z,612,5
14,17,2023-08-15T21:37:23.093Z,608,3
5,20,2023-08-15T21:36:03.093Z,563,3
14,17,2023-08-15T21:36:03.093Z,586,3
3,2,2023-08-15T21:36:13.093Z,111,2
32,25,2023-08-15T21:36:03.093Z,433,6
23,15,2023-08-15T21:36:13.093Z,80,14
27,34,2023-08-15T21:36:23.093Z,764,5
13,14,2023-08-15T21:36:33.093Z,855,13
22,25,2023-08-15T21:36:43.093Z,799,6
22,21,2023-08-15T21:36:53.093Z,242,6
31,32,2023-08-15T21:37:03.093Z,639,12
31,32,2023-08-15T21:37:13.093Z,668,12
27,31,2023-08-15T21:37:23.093Z,501,5
31,32,2023-08-15T21:37:33.093Z,727,12
29,27,2023-08-15T21:36:03.093Z,708,11
21,16,2023-08-15T21:36:13.093Z,720,9
12,7,2023-08-15T21:36:33.093Z,264,8
18,12,2023-08-15T21:36:33.093Z,544,3
27,31,2023-08-15T21:36:43.093Z,727,5
6,10,2023-08-15T21:36:53.093Z,861,8
7,3,2023-08-15T21:37:23.093Z,578,1
25,15,2023-08-15T21:37:23.093Z,666,14
32,34,2023-08-15T21:37:23.093Z,639,6
3,5,2023-08-15T21:37:33.093Z,578,2
29,27,2023-08-15T21:37:33.093Z,337,11
7,3,2023-08-15T21:36:13.093Z,299,1
16,13,2023-08-15T21:36:13.093Z,855,3
27,31,2023-08-15T21:36:13.093Z,639,5
5,12,2023-08-15T21:36:23.093Z,159,3
13,14,2023-08-15T21:37:43.093Z,254,13
14,19,2023-08-15T21:37:53.093Z,254,3
32,21,2023-08-15T21:37:53.093Z,727,6
7,1,2023-08-15T21:37:43.093Z,159,1
27,34,2023-08-15T21:37:43.093Z,182,5
25,15,2023-08-15T21:38:03.093Z,668,14
27,31,2023-08-15T21:38:03.093Z,542,5
26,27,2023-08-15T21:38:13.093Z,855,11
9,14,2023-08-15T21:38:23.093Z,284,13
26,27,2023-08-15T21:38:23.093Z,799,11
32,34,2023-08-15T21:38:23.093Z,501,6
14,12,2023-08-15T21:38:33.093Z,825,3
5,13,2023-08-15T21:38:43.093Z,578,3
10,5,2023-08-15T21:38:53.093Z,250,2
8,2,2023-08-15T21:37:43.093Z,284,2
2,3,2023-08-15T21:37:53.093Z,284,1
15,12,2023-08-15T21:38:03.093Z,666,3
26,27,2023-08-15T21:38:03.093Z,563,11
3,9,2023-08-15T21:38:13.093Z,284,2
34,18,2023-08-15T21:38:13.093Z,16,7
12,7,2023-08-15T21:38:23.093Z,666,8
27,31,2023-08-15T21:38:23.093Z,812,5
34,18,2023-08-15T21:38:23.093Z,945,7
18,4,2023-08-15T21:38:03.093Z,250,3
1,18,2023-08-15T21:38:13.093Z,973,7
9,14,2023-08-15T21:38:13.093Z,825,13
4,11,2023-08-15T21:38:23.093Z,250,2
19,18,2023-08-15T21:38:23.093Z,929,7
28,30,2023-08-15T21:38:23.093Z,449,10
7,1,2023-08-15T21:38:33.093Z,666,1
27,34,2023-08-15T21:38:33.093Z,425,5
27,31,2023-08-15T21:38:43.093Z,866,5
25,15,2023-08-15T21:38:53.093Z,807,14
24,26,2023-08-15T21:37:43.093Z,799,4
27,34,2023-08-15T21:37:53.093Z,770,5
22,34,2023-08-15T21:38:03.093Z,750,6
31,32,2023-08-15T21:38:03.093Z,501,12
22,28,2023-08-15T21:38:13.093Z,449,6
5,17,2023-08-15T21:38:23.093Z,299,3
22,34,2023-08-15T21:38:23.093Z,647,6
31,32,2023-08-15T21:38:23.093Z,542,12
22,25,2023-08-15T21:38:33.093Z,807,6
5,19,2023-08-15T21:38:53.093Z,185,3
18,17,2023-08-15T21:38:53.093Z,973,3
27,31,2023-08-15T21:38:53.093Z,948,5
18,13,2023-08-15T21:39:03.093Z,16,3
27,31,2023-08-15T21:39:03.093Z,734,5
12,7,2023-08-15T21:39:13.093Z,825,8
35,29,2023-08-15T21:39:13.093Z,380,10
23,15,2023-08-15T21:39:13.093Z,727,14
11,10,2023-08-15T21:38:33.093Z,250,8
32,34,2023-08-15T21:38:33.093Z,542,6
14,12,2023-08-15T21:38:53.093Z,284,3
20,35,2023-08-15T21:38:53.093Z,380,4
13,14,2023-08-15T21:39:03.093Z,578,13
21,23,2023-08-15T21:39:03.093Z,727,9
34,18,2023-08-15T21:39:03.093Z,829,7
31,32,2023-08-15T21:39:13.093Z,812,12
20,35,2023-08-15T21:39:13.093Z,861,4
27,31,2023-08-15T21:39:13.093Z,883,5
12,10,2023-08-15T21:39:23.093Z,284,8
29,27,2023-08-15T21:39:23.093Z,380,11
7,1,2023-08-15T21:39:33.093Z,825,1
15,13,2023-08-15T21:39:33.093Z,668,3
27,34,2023-08-15T21:39:33.093Z,98,5
5,20,2023-08-15T21:39:43.093Z,250,3
15,17,2023-08-15T21:39:43.093Z,807,3
20,26,2023-08-15T21:39:43.093Z,578,4
35,30,2023-08-15T21:39:43.093Z,861,10
18,4,2023-08-15T21:39:53.093Z,829,3
1,0,2023-08-15T21:40:03.093Z,543,7
26,27,2023-08-15T21:40:03.093Z,578,11
30,32,2023-08-15T21:40:03.093Z,861,12
34,33,2023-08-15T21:40:03.093Z,189,7
4,5,2023-08-15T21:40:13.093Z,945,2
23,15,2023-08-15T21:40:13.093Z,269,14
28,30,2023-08-15T21:40:13.093Z,566,10
14,20,2023-08-15T21:39:23.093Z,578,3
27,34,2023-08-15T21:39:23.093Z,393,5
32,34,2023-08-15T21:39:23.093Z,812,6
10,11,2023-08-15T21:39:33.093Z,284,2
18,12,2023-08-15T21:39:33.093Z,929,3
34,33,2023-08-15T21:39:33.093Z,566,7
11,7,2023-08-15T21:39:43.093Z,284,8
18,4,2023-08-15T21:39:43.093Z,945,3
27,31,2023-08-15T21:39:43.093Z,107,5
14,17,2023-08-15T21:39:53.093Z,297,3
27,34,2023-08-15T21:39:53.093Z,478,5
17,23,2023-08-15T21:40:03.093Z,269,9
27,34,2023-08-15T21:40:03.093Z,442,5
33,28,2023-08-15T21:40:03.093Z,566,6
1,0,2023-08-15T21:40:13.093Z,896,7
17,22,2023-08-15T21:40:13.093Z,101,9
27,34,2023-08-15T21:40:13.093Z,579,5
32,25,2023-08-15T21:40:13.093Z,861,6
34,33,2023-08-15T21:40:13.093Z,234,7
4,9,2023-08-15T21:40:23.093Z,829,2
12,7,2023-08-15T21:40:23.093Z,929,8
15,13,2023-08-15T21:40:23.093Z,727,3
20,35,2023-08-15T21:40:23.093Z,250,4
30,32,2023-08-15T21:40:23.093Z,566,12
0,3,2023-08-15T21:40:33.093Z,543,1
17,23,2023-08-15T21:40:33.093Z,521,9
1,33,2023-08-15T21:40:43.093Z,841,7
7,6,2023-08-15T21:40:43.093Z,929,1
12,10,2023-08-15T21:40:43.093Z,544,8
14,19,2023-08-15T21:40:43.093Z,668,3
27,34,2023-08-15T21:40:43.093Z,758,5
32,25,2023-08-15T21:40:43.093Z,566,6
1,0,2023-08-15T21:40:53.093Z,806,7
17,23,2023-08-15T21:40:53.093Z,545,9
27,31,2023-08-15T21:40:53.093Z,651,5
22,21,2023-08-15T21:40:53.093Z,775,6
1,33,2023-08-15T21:40:23.093Z,298,7
5,17,2023-08-15T21:40:23.093Z,945,3
13,14,2023-08-15T21:40:23.093Z,668,13
17,16,2023-08-15T21:40:23.093Z,466,9
27,31,2023-08-15T21:40:23.093Z,635,5
34,18,2023-08-15T21:40:23.093Z,523,7
12,7,2023-08-15T21:40:33.093Z,971,8
27,34,2023-08-15T21:40:33.093Z,112,5
3,11,2023-08-15T21:40:43.093Z,543,2
9,14,2023-08-15T21:40:43.093Z,829,13
13,14,2023-08-15T21:40:43.093Z,727,13
23,15,2023-08-15T21:40:43.093Z,521,14
31,32,2023-08-15T21:40:43.093Z,948,12
34,18,2023-08-15T21:40:43.093Z,648,7
15,13,2023-08-15T21:40:53.093Z,689,3
18,12,2023-08-15T21:40:53.093Z,523,3
32,25,2023-08-15T21:40:53.093Z,948,6
31,32,2023-08-15T21:40:53.093Z,734,12
6,10,2023-08-15T21:41:03.093Z,929,8
7,3,2023-08-15T21:41:03.093Z,971,1
11,10,2023-08-15T21:41:03.093Z,543,8
17,16,2023-08-15T21:41:03.093Z,455,9
23,15,2023-08-15T21:41:03.093Z,545,14
27,34,2023-08-15T21:41:03.093Z,438,5
32,28,2023-08-15T21:41:03.093Z,734,6
5,13,2023-08-15T21:41:13.093Z,544,3
14,20,2023-08-15T21:41:13.093Z,727,3
31,32,2023-08-15T21:41:13.093Z,107,12
0,3,2023-08-15T21:41:23.093Z,896,1
10,5,2023-08-15T21:41:03.093Z,544,2
12,10,2023-08-15T21:41:03.093Z,523,8
14,17,2023-08-15T21:41:03.093Z,829,3
15,13,2023-08-15T21:41:03.093Z,269,3
25,24,2023-08-15T21:41:03.093Z,566,14
31,32,2023-08-15T21:41:03.093Z,883,12
33,21,2023-08-15T21:41:03.093Z,189,6
16,13,2023-08-15T21:41:13.093Z,466,3
27,34,2023-08-15T21:41:13.093Z,581,5
33,21,2023-08-15T21:41:13.093Z,234,6
10,2,2023-08-15T21:41:23.093Z,929,2
13,8,2023-08-15T21:41:23.093Z,689,13
17,23,2023-08-15T21:41:23.093Z,717,9
21,16,2023-08-15T21:41:23.093Z,775,9
24,35,2023-08-15T21:41:23.093Z,566,4
25,15,2023-08-15T21:41:23.093Z,948,14
32,21,2023-08-15T21:41:23.093Z,883,6
34,33,2023-08-15T21:41:23.093Z,817,7
10,9,2023-08-15T21:41:33.093Z,543,2
17,16,2023-08-15T21:41:33.093Z,489,9
27,34,2023-08-15T21:41:33.093Z,45,5
32,25,2023-08-15T21:41:33.093Z,107,6
3,2,2023-08-15T21:41:43.093Z,896,2
13,14,2023-08-15T21:41:43.093Z,544,13
17,16,2023-08-15T21:41:43.093Z,586,9
21,23,2023-08-15T21:41:43.093Z,234,9
32,34,2023-08-15T21:41:43.093Z,635,6
3,9,2023-08-15T21:41:53.093Z,929,2
23,24,2023-08-15T21:41:53.093Z,234,14
6,7,2023-08-15T21:42:03.093Z,700,8
13,14,2023-08-15T21:42:03.093Z,455,13
3,5,2023-08-15T21:41:23.093Z,971,2
27,34,2023-08-15T21:41:23.093Z,365,5
33,28,2023-08-15T21:41:23.093Z,298,6
2,3,2023-08-15T21:41:33.093Z,929,1
13,14,2023-08-15T21:41:33.093Z,269,13
21,22,2023-08-15T21:41:33.093Z,189,9
31,32,2023-08-15T21:41:33.093Z,635,12
0,6,2023-08-15T21:41:43.093Z,806,1
9,14,2023-08-15T21:41:43.093Z,543,13
16,13,2023-08-15T21:41:43.093Z,455,3
18,20,2023-08-15T21:41:43.093Z,648,3
27,31,2023-08-15T21:41:43.093Z,708,5
34,33,2023-08-15T21:41:43.093Z,991,7
17,16,2023-08-15T21:41:53.093Z,420,9
35,29,2023-08-15T21:41:53.093Z,250,10
8,5,2023-08-15T21:42:03.093Z,689,2
14,20,2023-08-15T21:42:03.093Z,269,3
22,28,2023-08-15T21:42:03.093Z,189,6
31,32,2023-08-15T21:42:03.093Z,651,12
16,12,2023-08-15T21:42:13.093Z,489,3
4,11,2023-08-15T21:42:23.093Z,971,2
20,35,2023-08-15T21:42:23.093Z,648,4
32,34,2023-08-15T21:42:33.093Z,351,6
28,29,2023-08-15T21:41:43.093Z,298,10
1,0,2023-08-15T21:41:53.093Z,504,7
13,8,2023-08-15T21:41:53.093Z,466,13
9,8,2023-08-15T21:42:03.093Z,929,13
16,19,2023-08-15T21:42:03.093Z,775,3
29,27,2023-08-15T21:42:03.093Z,298,11
35,29,2023-08-15T21:42:03.093Z,566,10
9,14,2023-08-15T21:42:13.093Z,523,13
29,27,2023-08-15T21:42:13.093Z,250,11
33,25,2023-08-15T21:42:13.093Z,817,6
8,8,2023-08-15T21:42:23.093Z,929,2
21,23,2023-08-15T21:42:23.093Z,883,9
31,32,2023-08-15T21:42:23.093Z,708,12
0,6,2023-08-15T21:42:33.093Z,504,1
3,5,2023-08-15T21:42:33.093Z,700,2
10,5,2023-08-15T21:42:33.093Z,863,2
12,10,2023-08-15T21:42:33.093Z,489,8
16,13,2023-08-15T21:42:33.093Z,586,3
34,0,2023-08-15T21:42:33.093Z,675,7
24,35,2023-08-15T21:42:03.093Z,234,4
33,25,2023-08-15T21:42:03.093Z,841,6
28,29,2023-08-15T21:42:13.093Z,189,10
15,4,2023-08-15T21:42:23.093Z,948,3
19,33,2023-08-15T21:42:33.093Z,638,7
23,15,2023-08-15T21:41:43.093Z,717,14
31,32,2023-08-15T21:41:43.093Z,69,12
5,4,2023-08-15T21:41:53.093Z,971,3
32,21,2023-08-15T21:41:53.093Z,69,6
10,9,2023-08-15T21:42:03.093Z,523,2
17,23,2023-08-15T21:42:03.093Z,720,9
32,34,2023-08-15T21:42:03.093Z,804,6
8,2,2023-08-15T21:42:13.093Z,466,2
23,15,2023-08-15T21:42:13.093Z,720,14
31,32,2023-08-15T21:42:13.093Z,351,12
7,3,2023-08-15T21:42:23.093Z,700,1
16,20,2023-08-15T21:42:23.093Z,242,3
29,27,2023-08-15T21:42:23.093Z,566,11
32,25,2023-08-15T21:42:23.093Z,651,6
2,3,2023-08-15T21:42:33.093Z,466,1
8,2,2023-08-15T21:42:33.093Z,929,2
11,10,2023-08-15T21:42:33.093Z,971,8
14,17,2023-08-15T21:42:33.093Z,543,3
21,16,2023-08-15T21:42:33.093Z,69,9
32,25,2023-08-15T21:42:43.093Z,708,6
35,30,2023-08-15T21:42:43.093Z,648,10
10,9,2023-08-15T21:42:53.093Z,971,2
14,19,2023-08-15T21:42:53.093Z,455,3
20,26,2023-08-15T21:42:53.093Z,242,4
5,17,2023-08-15T21:43:03.093Z,700,3
9,14,2023-08-15T21:43:03.093Z,971,13
2,1,2023-08-15T21:43:13.093Z,929,1
32,21,2023-08-15T21:43:13.093Z,648,6
4,2,2023-08-15T21:43:23.093Z,69,2
15,4,2023-08-15T21:43:23.093Z,720,3
14,17,2023-08-15T21:43:33.093Z,971,3
13,14,2023-08-15T21:43:43.093Z,863,13
14,17,2023-08-15T21:42:43.093Z,544,3
20,26,2023-08-15T21:42:43.093Z,269,4
28,29,2023-08-15T21:42:53.093Z,991,10
3,2,2023-08-15T21:43:03.093Z,675,2
14,4,2023-08-15T21:43:03.093Z,523,3
5,13,2023-08-15T21:43:13.093Z,863,3
9,8,2023-08-15T21:43:13.093Z,948,13
25,15,2023-08-15T21:43:13.093Z,817,14
13,8,2023-08-15T21:43:23.093Z,688,13
0,3,2023-08-15T21:43:33.093Z,159,1
4,9,2023-08-15T21:43:43.093Z,720,2
31,32,2023-08-15T21:43:43.093Z,612,12
13,14,2023-08-15T21:43:53.093Z,717,13
6,10,2023-08-15T21:44:03.093Z,586,8
24,26,2023-08-15T21:44:03.093Z,708,4
5,19,2023-08-15T21:44:13.093Z,688,3
10,2,2023-08-15T21:44:13.093Z,631,2
5,17,2023-08-15T21:42:43.093Z,689,3
25,15,2023-08-15T21:42:43.093Z,841,14
0,3,2023-08-15T21:42:53.093Z,675,1
16,4,2023-08-15T21:42:53.093Z,69,3
30,32,2023-08-15T21:42:53.093Z,648,12
7,6,2023-08-15T21:43:03.093Z,704,1
1,0,2023-08-15T21:43:13.093Z,159,7
8,2,2023-08-15T21:43:13.093Z,586,2
34,18,2023-08-15T21:43:13.093Z,716,7
18,17,2023-08-15T21:43:23.093Z,716,3
2,1,2023-08-15T21:43:33.093Z,420,1
19,33,2023-08-15T21:43:33.093Z,485,7
2,6,2023-08-15T21:43:43.093Z,586,1
8,5,2023-08-15T21:43:43.093Z,688,2
4,5,2023-08-15T21:43:53.093Z,67,2
9,8,2023-08-15T21:43:53.093Z,720,13
26,27,2023-08-15T21:43:53.093Z,322,11
14,4,2023-08-15T21:44:03.093Z,863,3
8,11,2023-08-15T21:44:13.093Z,720,2
14,20,2023-08-15T21:44:13.093Z,717,3
14,17,2023-08-15T21:43:43.093Z,16,3
12,7,2023-08-15T21:46:03.093Z,744,8
2,6,2023-08-15T21:43:53.093Z,69,1
32,21,2023-08-15T21:43:53.093Z,612,6
21,22,2023-08-15T21:44:03.093Z,648,9
25,15,2023-08-15T21:44:03.093Z,638,14
6,7,2023-08-15T21:44:13.093Z,69,8
11,7,2023-08-15T21:44:13.093Z,504,8
16,4,2023-08-15T21:42:43.093Z,420,3
33,28,2023-08-15T21:42:43.093Z,991,6
13,8,2023-08-15T21:42:53.093Z,586,13
25,15,2023-08-15T21:42:53.093Z,873,14
4,9,2023-08-15T21:43:03.093Z,948,2
13,14,2023-08-15T21:43:03.093Z,16,13
4,2,2023-08-15T21:43:13.093Z,420,2
15,13,2023-08-15T21:43:13.093Z,717,3
5,13,2023-08-15T21:43:23.093Z,810,3
33,25,2023-08-15T21:43:23.093Z,638,6
4,5,2023-08-15T21:43:33.093Z,523,2
26,27,2023-08-15T21:43:33.093Z,242,11
6,10,2023-08-15T21:43:43.093Z,504,8
25,15,2023-08-15T21:43:43.093Z,651,14
6,10,2023-08-15T21:43:53.093Z,704,8
25,24,2023-08-15T21:43:53.093Z,708,14
10,11,2023-08-15T21:44:03.093Z,504,2
2,1,2023-08-15T21:44:13.093Z,119,1
13,14,2023-08-15T21:44:13.093Z,810,13
34,18,2023-08-15T21:44:13.093Z,75,7
2,1,2023-08-15T21:44:23.093Z,631,1
8,9,2023-08-15T21:44:23.093Z,796,2
11,7,2023-08-15T21:44:23.093Z,720,8
34,18,2023-08-15T21:44:23.093Z,820,7
7,1,2023-08-15T21:44:33.093Z,69,1
5,4,2023-08-15T21:44:43.093Z,586,3
34,18,2023-08-15T21:44:43.093Z,20,7
14,17,2023-08-15T21:44:33.093Z,810,3
15,12,2023-08-15T21:44:43.093Z,841,3
9,14,2023-08-15T21:44:53.093Z,796,13
15,13,2023-08-15T21:44:53.093Z,873,3
10,9,2023-08-15T21:44:23.093Z,704,2
4,9,2023-08-15T21:44:33.093Z,863,2
21,22,2023-08-15T21:44:33.093Z,843,9
18,4,2023-08-15T21:44:43.093Z,75,3
22,34,2023-08-15T21:44:53.093Z,612,6
15,20,2023-08-15T21:45:03.093Z,817,3
26,27,2023-08-15T21:45:13.093Z,717,11
20,26,2023-08-15T21:45:23.093Z,817,4
7,3,2023-08-15T21:45:33.093Z,504,1
11,7,2023-08-15T21:45:43.093Z,222,8
12,7,2023-08-15T21:45:53.093Z,841,8
35,29,2023-08-15T21:45:53.093Z,859,10
20,26,2023-08-15T21:44:53.093Z,717,4
11,7,2023-08-15T21:45:03.093Z,586,8
15,19,2023-08-15T21:45:13.093Z,651,3
1,0,2023-08-15T21:45:23.093Z,954,7
31,32,2023-08-15T21:45:23.093Z,10,12
9,8,2023-08-15T21:45:33.093Z,863,13
21,16,2023-08-15T21:45:43.093Z,485,9
7,1,2023-08-15T21:45:53.093Z,586,1
5,13,2023-08-15T21:44:23.093Z,67,3
21,22,2023-08-15T21:44:23.093Z,612,9
10,5,2023-08-15T21:44:33.093Z,586,2
10,5,2023-08-15T21:44:43.093Z,744,2
4,11,2023-08-15T21:44:53.093Z,586,2
5,12,2023-08-15T21:45:03.093Z,744,3
33,21,2023-08-15T21:45:03.093Z,485,6
4,5,2023-08-15T21:45:23.093Z,75,2
1,0,2023-08-15T21:45:33.093Z,936,7
7,3,2023-08-15T21:45:43.093Z,720,1
13,8,2023-08-15T21:45:43.093Z,67,13
13,14,2023-08-15T21:45:53.093Z,873,13
18,17,2023-08-15T21:44:53.093Z,820,3
9,8,2023-08-15T21:45:03.093Z,704,13
14,17,2023-08-15T21:45:13.093Z,796,3
22,25,2023-08-15T21:45:13.093Z,843,6
18,17,2023-08-15T21:45:23.093Z,20,3
5,13,2023-08-15T21:45:33.093Z,75,3
8,5,2023-08-15T21:45:43.093Z,704,2
32,34,2023-08-15T21:45:43.093Z,10,6
30,32,2023-08-15T21:45:53.093Z,801,12
25,15,2023-08-15T21:45:53.093Z,843,14
14,19,2023-08-15T21:46:13.093Z,873,3
2,1,2023-08-15T21:46:23.093Z,863,1
0,3,2023-08-15T21:46:33.093Z,936,1
3,9,2023-08-15T21:46:43.093Z,159,2
1,18,2023-08-15T21:46:53.093Z,660,7
9,14,2023-08-15T21:46:53.093Z,159,13
11,10,2023-08-15T21:47:03.093Z,75,8
14,12,2023-08-15T21:47:13.093Z,159,3
13,14,2023-08-15T21:47:23.093Z,720,13
7,6,2023-08-15T21:46:03.093Z,222,1
8,2,2023-08-15T21:46:13.093Z,863,2
0,6,2023-08-15T21:46:23.093Z,954,1
8,11,2023-08-15T21:46:23.093Z,67,2
11,7,2023-08-15T21:46:33.093Z,67,8
20,26,2023-08-15T21:46:43.093Z,704,4
5,20,2023-08-15T21:46:13.093Z,704,3
32,34,2023-08-15T21:46:13.093Z,801,6
7,3,2023-08-15T21:46:23.093Z,841,1
9,8,2023-08-15T21:46:33.093Z,504,13
15,20,2023-08-15T21:46:43.093Z,843,3
5,13,2023-08-15T21:46:53.093Z,720,3
3,2,2023-08-15T21:47:03.093Z,841,2
3,11,2023-08-15T21:47:13.093Z,936,2
6,7,2023-08-15T21:47:23.093Z,954,8
12,7,2023-08-15T21:47:33.093Z,159,8
13,8,2023-08-15T21:46:03.093Z,75,13
29,27,2023-08-15T21:46:13.093Z,859,11
3,9,2023-08-15T21:46:23.093Z,504,2
3,5,2023-08-15T21:46:33.093Z,720,2
6,10,2023-08-15T21:46:43.093Z,222,8
8,11,2023-08-15T21:46:53.093Z,75,2
7,1,2023-08-15T21:47:03.093Z,744,1
10,2,2023-08-15T21:47:13.093Z,75,2
11,7,2023-08-15T21:47:23.093Z,936,8
14,20,2023-08-15T21:47:33.093Z,720,3
2,6,2023-08-15T21:46:53.093Z,896,1
10,5,2023-08-15T21:46:53.093Z,222,2
19,33,2023-08-15T21:47:03.093Z,495,7
26,27,2023-08-15T21:47:13.093Z,704,11
34,33,2023-08-15T21:47:23.093Z,874,7
5,20,2023-08-15T21:47:43.093Z,222,3
18,17,2023-08-15T21:47:53.093Z,660,3
1,0,2023-08-15T21:48:03.093Z,362,7
20,26,2023-08-15T21:48:13.093Z,222,4
34,18,2023-08-15T21:48:23.093Z,604,7
1,18,2023-08-15T21:48:43.093Z,816,7
10,11,2023-08-15T21:48:53.093Z,841,2
34,18,2023-08-15T21:48:53.093Z,696,7
20,26,2023-08-15T21:47:53.093Z,843,4
2,6,2023-08-15T21:48:13.093Z,75,1
22,34,2023-08-15T21:48:23.093Z,648,6
0,6,2023-08-15T21:48:43.093Z,362,1
19,33,2023-08-15T21:48:43.093Z,976,7
18,4,2023-08-15T21:48:53.093Z,816,3
6,7,2023-08-15T21:49:03.093Z,362,8
0,3,2023-08-15T21:49:13.093Z,496,1
18,4,2023-08-15T21:49:03.093Z,696,3
20,35,2023-08-15T21:48:03.093Z,720,4
35,30,2023-08-15T21:48:13.093Z,720,10
26,27,2023-08-15T21:48:33.093Z,222,11
12,7,2023-08-15T21:48:43.093Z,589,8
33,21,2023-08-15T21:48:53.093Z,495,6
6,7,2023-08-15T21:47:43.093Z,896,8
2,6,2023-08-15T21:48:03.093Z,841,1
26,27,2023-08-15T21:48:13.093Z,843,11
18,13,2023-08-15T21:48:33.093Z,604,3
6,10,2023-08-15T21:48:43.093Z,841,8
6,7,2023-08-15T21:48:53.093Z,75,8
1,0,2023-08-15T21:49:03.093Z,496,7
33,21,2023-08-15T21:49:03.093Z,874,6
1,18,2023-08-15T21:49:13.093Z,133,7
21,16,2023-08-15T21:49:13.093Z,495,9
13,8,2023-08-15T21:49:23.093Z,604,13
21,22,2023-08-15T21:49:23.093Z,428,9
3,5,2023-08-15T21:49:23.093Z,496,2
4,9,2023-08-15T21:49:23.093Z,816,2
18,20,2023-08-15T21:49:23.093Z,133,3
27,34,2023-08-15T21:49:23.093Z,337,5
33,21,2023-08-15T21:49:23.093Z,976,6
4,11,2023-08-15T21:49:33.093Z,696,2
27,34,2023-08-15T21:49:33.093Z,563,5
32,34,2023-08-15T21:49:33.093Z,214,6
9,8,2023-08-15T21:49:43.093Z,816,13
27,34,2023-08-15T21:49:43.093Z,855,5
8,11,2023-08-15T21:49:53.093Z,816,2
9,14,2023-08-15T21:49:53.093Z,604,13
5,13,2023-08-15T21:49:33.093Z,496,3
8,9,2023-08-15T21:49:33.093Z,604,2
19,33,2023-08-15T21:49:33.093Z,845,7
16,12,2023-08-15T21:49:43.093Z,495,3
21,23,2023-08-15T21:49:53.093Z,976,9
27,31,2023-08-15T21:49:53.093Z,799,5
12,10,2023-08-15T21:50:03.093Z,495,8
1,18,2023-08-15T21:50:13.093Z,240,7
27,34,2023-08-15T21:50:13.093Z,578,5
10,9,2023-08-15T21:50:23.093Z,495,2
27,31,2023-08-15T21:50:23.093Z,298,5
23,15,2023-08-15T21:50:03.093Z,976,14
34,18,2023-08-15T21:50:03.093Z,776,7
20,26,2023-08-15T21:50:13.093Z,133,4
10,5,2023-08-15T21:50:33.093Z,381,2
31,32,2023-08-15T21:50:33.093Z,799,12
9,14,2023-08-15T21:50:43.093Z,495,13
4,2,2023-08-15T21:50:53.093Z,604,2
16,4,2023-08-15T21:50:53.093Z,845,3
26,27,2023-08-15T21:50:43.093Z,708,11
32,21,2023-08-15T21:50:43.093Z,799,6
5,17,2023-08-15T21:50:53.093Z,381,3
18,12,2023-08-15T21:50:53.093Z,776,3
31,32,2023-08-15T21:50:53.093Z,380,12
13,14,2023-08-15T21:49:53.093Z,496,13
22,34,2023-08-15T21:49:53.093Z,428,6
11,10,2023-08-15T21:50:03.093Z,696,8
27,31,2023-08-15T21:50:03.093Z,380,5
10,2,2023-08-15T21:50:13.093Z,696,2
34,18,2023-08-15T21:50:13.093Z,679,7
21,16,2023-08-15T21:50:23.093Z,845,9
1,0,2023-08-15T21:50:03.093Z,108,7
33,21,2023-08-15T21:50:03.093Z,845,6
11,7,2023-08-15T21:50:13.093Z,816,8
2,3,2023-08-15T21:50:33.093Z,696,1
27,31,2023-08-15T21:50:33.093Z,250,5
3,9,2023-08-15T21:50:43.093Z,696,2
14,4,2023-08-15T21:50:43.093Z,604,3
14,4,2023-08-15T21:50:53.093Z,496,3
26,27,2023-08-15T21:50:33.093Z,133,11
27,31,2023-08-15T21:50:43.093Z,566,5
34,18,2023-08-15T21:50:43.093Z,730,7
9,8,2023-08-15T21:50:53.093Z,696,13
27,34,2023-08-15T21:50:53.093Z,242,5
34,18,2023-08-15T21:50:53.093Z,36,7
8,5,2023-08-15T21:54:23.093Z,216,2
17,16,2023-08-15T21:54:23.093Z,660,9
5,17,2023-08-15T21:54:33.093Z,216,3
16,19,2023-08-15T21:54:33.093Z,810,3
23,15,2023-08-15T21:54:33.093Z,796,14
17,23,2023-08-15T21:54:43.093Z,495,9
4,5,2023-08-15T21:54:53.093Z,958,2
35,30,2023-08-15T21:54:53.093Z,827,10
27,31,2023-08-15T21:55:03.093Z,299,5
12,10,2023-08-15T21:55:13.093Z,298,8
27,34,2023-08-15T21:55:13.093Z,912,5
10,11,2023-08-15T21:55:23.093Z,298,2
28,29,2023-08-15T21:55:23.093Z,333,10
12,10,2023-08-15T21:55:33.093Z,700,8
23,15,2023-08-15T21:54:23.093Z,820,14
34,33,2023-08-15T21:54:23.093Z,486,7
20,26,2023-08-15T21:54:33.093Z,971,4
1,18,2023-08-15T21:54:53.093Z,314,7
21,22,2023-08-15T21:54:53.093Z,531,9
26,27,2023-08-15T21:54:53.093Z,971,11
18,13,2023-08-15T21:55:13.093Z,314,3
22,25,2023-08-15T21:55:13.093Z,531,6
33,25,2023-08-15T21:55:13.093Z,187,6
17,22,2023-08-15T21:55:23.093Z,776,9
8,2,2023-08-15T21:55:33.093Z,380,2
33,25,2023-08-15T21:55:33.093Z,486,6
10,5,2023-08-15T21:55:43.093Z,738,2
33,28,2023-08-15T21:55:43.093Z,925,6
10,9,2023-08-15T21:55:53.093Z,700,2
5,17,2023-08-15T21:54:23.093Z,946,3
32,21,2023-08-15T21:51:13.093Z,380,6
34,33,2023-08-15T21:51:13.093Z,680,7
1,33,2023-08-15T21:51:23.093Z,993,7
5,17,2023-08-15T21:51:23.093Z,604,3
6,10,2023-08-15T21:51:23.093Z,108,8
11,7,2023-08-15T21:51:23.093Z,845,8
12,10,2023-08-15T21:51:23.093Z,776,8
17,22,2023-08-15T21:51:23.093Z,299,9
32,25,2023-08-15T21:51:23.093Z,298,6
10,11,2023-08-15T21:51:33.093Z,108,2
13,8,2023-08-15T21:51:33.093Z,240,13
15,13,2023-08-15T21:51:33.093Z,976,3
17,16,2023-08-15T21:51:33.093Z,973,9
25,15,2023-08-15T21:51:33.093Z,298,14
27,34,2023-08-15T21:51:33.093Z,859,5
31,32,2023-08-15T21:51:33.093Z,322,12
32,21,2023-08-15T21:51:33.093Z,250,6
5,20,2023-08-15T21:51:43.093Z,696,3
8,5,2023-08-15T21:51:43.093Z,240,2
16,13,2023-08-15T21:51:43.093Z,608,3
17,16,2023-08-15T21:51:43.093Z,807,9
18,17,2023-08-15T21:51:43.093Z,730,3
21,22,2023-08-15T21:51:43.093Z,380,9
27,31,2023-08-15T21:51:43.093Z,704,5
32,34,2023-08-15T21:51:43.093Z,322,6
33,25,2023-08-15T21:51:43.093Z,766,6
34,18,2023-08-15T21:51:43.093Z,846,7
10,5,2023-08-15T21:51:53.093Z,776,2
11,7,2023-08-15T21:51:53.093Z,108,8
13,14,2023-08-15T21:51:53.093Z,976,13
17,22,2023-08-15T21:51:53.093Z,297,9
18,12,2023-08-15T21:51:53.093Z,36,3
20,35,2023-08-15T21:51:53.093Z,696,4
21,16,2023-08-15T21:51:53.093Z,874,9
33,25,2023-08-15T21:51:53.093Z,680,6
5,12,2023-08-15T21:52:03.093Z,240,3
16,19,2023-08-15T21:52:03.093Z,479,3
31,32,2023-08-15T21:52:03.093Z,704,12
35,30,2023-08-15T21:52:03.093Z,696,10
12,7,2023-08-15T21:52:13.093Z,36,8
15,13,2023-08-15T21:52:13.093Z,298,3
16,4,2023-08-15T21:52:13.093Z,973,3
17,22,2023-08-15T21:52:13.093Z,829,9
18,4,2023-08-15T21:52:13.093Z,846,3
25,15,2023-08-15T21:52:13.093Z,680,14
33,21,2023-08-15T21:52:13.093Z,993,6
14,4,2023-08-15T21:52:23.093Z,976,3
16,20,2023-08-15T21:52:23.093Z,807,3
17,22,2023-08-15T21:52:23.093Z,543,9
22,25,2023-08-15T21:52:23.093Z,299,6
27,34,2023-08-15T21:52:23.093Z,843,5
30,32,2023-08-15T21:52:23.093Z,696,12
32,34,2023-08-15T21:52:23.093Z,704,6
5,17,2023-08-15T21:52:33.093Z,776,3
11,7,2023-08-15T21:52:33.093Z,257,8
13,8,2023-08-15T21:52:33.093Z,298,13
16,17,2023-08-15T21:52:33.093Z,874,3
17,22,2023-08-15T21:52:33.093Z,689,9
23,15,2023-08-15T21:52:33.093Z,289,14
27,34,2023-08-15T21:52:33.093Z,222,5
32,25,2023-08-15T21:52:33.093Z,696,6
21,22,2023-08-15T21:52:43.093Z,250,9
35,30,2023-08-15T21:52:53.093Z,807,10
4,11,2023-08-15T21:53:13.093Z,976,2
18,12,2023-08-15T21:53:23.093Z,627,3
17,22,2023-08-15T21:53:33.093Z,16,9
22,34,2023-08-15T21:52:53.093Z,297,6
34,33,2023-08-15T21:53:03.093Z,531,7
32,34,2023-08-15T21:53:13.093Z,807,6
3,11,2023-08-15T21:53:33.093Z,846,2
4,5,2023-08-15T21:52:53.093Z,973,2
17,16,2023-08-15T21:53:03.093Z,700,9
19,18,2023-08-15T21:53:13.093Z,230,7
27,31,2023-08-15T21:53:23.093Z,708,5
27,34,2023-08-15T21:53:33.093Z,519,5
11,7,2023-08-15T21:53:43.093Z,846,8
33,28,2023-08-15T21:53:43.093Z,69,6
22,28,2023-08-15T21:53:53.093Z,250,6
18,13,2023-08-15T21:54:03.093Z,216,3
13,8,2023-08-15T21:54:13.093Z,216,13
20,35,2023-08-15T21:52:43.093Z,807,4
27,31,2023-08-15T21:52:53.093Z,463,5
2,3,2023-08-15T21:53:13.093Z,846,1
34,0,2023-08-15T21:53:33.093Z,946,7
25,15,2023-08-15T21:53:43.093Z,423,14
15,19,2023-08-15T21:53:53.093Z,289,3
15,17,2023-08-15T21:54:03.093Z,766,3
4,2,2023-08-15T21:54:13.093Z,230,2
28,30,2023-08-15T21:54:13.093Z,250,10
17,22,2023-08-15T21:52:53.093Z,544,9
30,32,2023-08-15T21:53:03.093Z,807,12
17,16,2023-08-15T21:53:43.093Z,810,9
6,7,2023-08-15T21:53:53.093Z,206,8
31,32,2023-08-15T21:53:53.093Z,708,12
32,21,2023-08-15T21:54:03.093Z,133,6
20,35,2023-08-15T21:54:13.093Z,827,4
1,18,2023-08-15T21:52:53.093Z,627,7
4,2,2023-08-15T21:53:03.093Z,846,2
17,16,2023-08-15T21:53:23.093Z,971,9
11,10,2023-08-15T21:53:33.093Z,976,8
9,14,2023-08-15T21:53:43.093Z,432,13
31,32,2023-08-15T21:53:43.093Z,133,12
18,4,2023-08-15T21:53:53.093Z,230,3
17,23,2023-08-15T21:54:03.093Z,796,9
27,31,2023-08-15T21:53:13.093Z,133,5
0,6,2023-08-15T21:53:33.093Z,206,1
33,21,2023-08-15T21:53:33.093Z,531,6
19,18,2023-08-15T21:53:43.093Z,216,7
14,12,2023-08-15T21:53:53.093Z,432,3
4,11,2023-08-15T21:54:03.093Z,735,2
18,4,2023-08-15T21:53:13.093Z,735,3
25,15,2023-08-15T21:53:23.093Z,766,14
25,15,2023-08-15T21:53:33.093Z,380,14
15,17,2023-08-15T21:53:43.093Z,680,3
0,3,2023-08-15T21:53:53.093Z,946,1
28,29,2023-08-15T21:53:53.093Z,69,10
29,27,2023-08-15T21:54:03.093Z,912,11
11,10,2023-08-15T21:54:13.093Z,735,8
32,21,2023-08-15T21:54:13.093Z,708,6
8,5,2023-08-15T21:52:53.093Z,298,2
20,35,2023-08-15T21:53:03.093Z,727,4
22,21,2023-08-15T21:53:13.093Z,543,6
31,32,2023-08-15T21:53:23.093Z,463,12
3,5,2023-08-15T21:54:13.093Z,946,2
22,34,2023-08-15T21:54:13.093Z,16,6
22,25,2023-08-15T21:52:43.093Z,380,6
1,18,2023-08-15T21:53:03.093Z,827,7
17,23,2023-08-15T21:53:13.093Z,716,9
24,26,2023-08-15T21:53:23.093Z,299,4
17,16,2023-08-15T21:54:13.093Z,20,9
1,18,2023-08-15T21:52:43.093Z,735,7
25,24,2023-08-15T21:52:53.093Z,299,14
1,0,2023-08-15T21:53:13.093Z,206,7
1,33,2023-08-15T21:53:23.093Z,69,7
5,12,2023-08-15T21:53:33.093Z,298,3
32,34,2023-08-15T21:53:33.093Z,463,6
18,20,2023-08-15T21:53:43.093Z,827,3
10,5,2023-08-15T21:53:53.093Z,976,2
34,18,2023-08-15T21:53:53.093Z,958,7
34,33,2023-08-15T21:54:03.093Z,187,7
21,16,2023-08-15T21:54:13.093Z,543,9
22,21,2023-08-15T21:53:33.093Z,689,6
12,7,2023-08-15T21:53:43.093Z,627,8
35,29,2023-08-15T21:53:43.093Z,912,10
26,27,2023-08-15T21:53:53.093Z,299,11
22,34,2023-08-15T21:54:03.093Z,544,6
16,20,2023-08-15T21:54:13.093Z,971,3
35,29,2023-08-15T21:53:33.093Z,727,10
29,27,2023-08-15T21:53:43.093Z,727,11
17,23,2023-08-15T21:53:53.093Z,820,9
16,12,2023-08-15T21:54:03.093Z,700,3
5,12,2023-08-15T21:54:13.093Z,976,3
29,27,2023-08-15T21:54:13.093Z,69,11
2,1,2023-08-15T22:21:03.093Z,90,1
8,5,2023-08-15T22:21:03.093Z,484,2
10,9,2023-08-15T22:21:03.093Z,458,2
20,35,2023-08-15T22:21:03.093Z,753,4
3,11,2023-08-15T22:21:13.093Z,959,2
30,32,2023-08-15T22:21:13.093Z,716,12
5,20,2023-08-15T22:21:23.093Z,611,3
32,34,2023-08-15T22:21:23.093Z,716,6
18,4,2023-08-15T21:54:23.093Z,958,3
2,3,2023-08-15T21:54:33.093Z,230,1
17,22,2023-08-15T21:54:33.093Z,381,9
4,9,2023-08-15T21:54:43.093Z,380,2
3,5,2023-08-15T21:54:53.093Z,230,2
22,21,2023-08-15T21:54:53.093Z,381,6
21,23,2023-08-15T21:55:03.093Z,133,9
17,16,2023-08-15T21:55:13.093Z,730,9
23,15,2023-08-15T21:55:13.093Z,133,14
0,6,2023-08-15T21:55:23.093Z,738,1
27,31,2023-08-15T21:55:23.093Z,69,5
11,7,2023-08-15T21:55:33.093Z,298,8
25,24,2023-08-15T21:55:33.093Z,187,14
2,1,2023-08-15T21:55:43.093Z,380,1
13,8,2023-08-15T21:55:43.093Z,314,13
34,0,2023-08-15T21:55:43.093Z,899,7
25,15,2023-08-15T21:55:53.093Z,486,14
15,4,2023-08-15T21:54:23.093Z,380,3
27,34,2023-08-15T21:54:23.093Z,727,5
15,12,2023-08-15T21:54:33.093Z,423,3
21,16,2023-08-15T21:54:33.093Z,689,9
34,33,2023-08-15T21:54:43.093Z,925,7
17,16,2023-08-15T21:54:53.093Z,679,9
34,0,2023-08-15T21:54:53.093Z,738,7
9,8,2023-08-15T21:55:13.093Z,380,13
21,22,2023-08-15T21:55:13.093Z,708,9
30,32,2023-08-15T21:55:13.093Z,827,12
12,7,2023-08-15T21:55:23.093Z,432,8
6,10,2023-08-15T21:55:33.093Z,738,8
21,16,2023-08-15T21:55:33.093Z,381,9
22,34,2023-08-15T21:55:33.093Z,708,6
32,21,2023-08-15T21:55:33.093Z,827,6
17,22,2023-08-15T21:55:43.093Z,874,9
24,26,2023-08-15T21:55:43.093Z,187,4
17,16,2023-08-15T21:55:53.093Z,680,9
27,31,2023-08-15T21:55:33.093Z,971,5
12,7,2023-08-15T21:55:43.093Z,976,8
19,0,2023-08-15T21:55:43.093Z,355,7
5,20,2023-08-15T21:55:53.093Z,958,3
21,22,2023-08-15T21:55:53.093Z,827,9
5,4,2023-08-15T21:56:03.093Z,738,3
31,32,2023-08-15T21:56:03.093Z,299,12
7,1,2023-08-15T21:56:13.093Z,67,1
23,15,2023-08-15T21:56:13.093Z,883,14
34,18,2023-08-15T21:56:13.093Z,832,7
1,0,2023-08-15T21:56:23.093Z,528,7
3,9,2023-08-15T21:56:23.093Z,355,2
10,5,2023-08-15T21:56:23.093Z,682,2
16,4,2023-08-15T21:56:23.093Z,660,3
20,35,2023-08-15T21:56:23.093Z,958,4
31,32,2023-08-15T21:56:23.093Z,971,12
1,33,2023-08-15T21:56:33.093Z,238,7
6,7,2023-08-15T21:56:33.093Z,899,8
10,5,2023-08-15T21:56:33.093Z,120,2
13,8,2023-08-15T21:56:33.093Z,543,13
16,20,2023-08-15T21:56:33.093Z,689,3
29,27,2023-08-15T21:56:33.093Z,728,11
0,6,2023-08-15T21:56:43.093Z,528,1
5,17,2023-08-15T21:56:43.093Z,682,3
12,10,2023-08-15T21:56:43.093Z,100,8
26,27,2023-08-15T21:56:43.093Z,187,11
32,21,2023-08-15T21:56:43.093Z,299,6
1,33,2023-08-15T21:56:53.093Z,6,7
7,1,2023-08-15T21:56:53.093Z,896,1
18,13,2023-08-15T21:56:53.093Z,832,3
32,34,2023-08-15T21:56:53.093Z,115,6
3,11,2023-08-15T21:57:03.093Z,954,2
10,2,2023-08-15T21:57:03.093Z,735,2
17,16,2023-08-15T21:57:03.093Z,682,9
25,15,2023-08-15T21:57:03.093Z,975,14
32,25,2023-08-15T21:57:03.093Z,925,6
6,7,2023-08-15T21:56:03.093Z,875,8
8,5,2023-08-15T21:56:03.093Z,314,2
9,14,2023-08-15T21:56:03.093Z,700,13
17,16,2023-08-15T21:56:03.093Z,766,9
28,30,2023-08-15T21:56:03.093Z,925,10
29,27,2023-08-15T21:56:03.093Z,333,11
0,3,2023-08-15T21:56:13.093Z,355,1
16,13,2023-08-15T21:56:13.093Z,543,3
30,32,2023-08-15T21:56:13.093Z,115,12
0,6,2023-08-15T21:56:23.093Z,899,1
2,3,2023-08-15T21:56:23.093Z,313,1
7,3,2023-08-15T21:56:23.093Z,954,1
12,10,2023-08-15T21:56:23.093Z,120,8
17,23,2023-08-15T21:56:23.093Z,216,9
30,32,2023-08-15T21:56:23.093Z,925,12
34,33,2023-08-15T21:56:23.093Z,106,7
5,4,2023-08-15T21:56:33.093Z,314,3
9,14,2023-08-15T21:56:33.093Z,355,13
12,7,2023-08-15T21:56:33.093Z,423,8
14,20,2023-08-15T21:56:33.093Z,700,3
17,22,2023-08-15T21:56:33.093Z,672,9
30,32,2023-08-15T21:56:33.093Z,449,12
4,5,2023-08-15T21:56:43.093Z,660,2
7,1,2023-08-15T21:56:43.093Z,159,1
16,12,2023-08-15T21:56:43.093Z,679,3
27,31,2023-08-15T21:56:43.093Z,333,5
34,33,2023-08-15T21:56:43.093Z,21,7
3,5,2023-08-15T21:56:53.093Z,313,2
14,17,2023-08-15T21:56:53.093Z,355,3
27,34,2023-08-15T21:56:53.093Z,728,5
34,0,2023-08-15T21:56:53.093Z,174,7
5,17,2023-08-15T21:57:03.093Z,120,3
16,20,2023-08-15T21:57:03.093Z,381,3
22,21,2023-08-15T21:57:03.093Z,776,6
26,27,2023-08-15T21:57:03.093Z,634,11
33,21,2023-08-15T21:57:03.093Z,106,6
2,6,2023-08-15T21:57:13.093Z,735,1
7,1,2023-08-15T21:57:13.093Z,589,1
12,10,2023-08-15T21:57:13.093Z,679,8
31,32,2023-08-15T21:57:13.093Z,333,12
34,33,2023-08-15T21:57:13.093Z,910,7
4,11,2023-08-15T21:57:23.093Z,314,2
22,25,2023-08-15T21:57:23.093Z,874,6
2,1,2023-08-15T21:57:33.093Z,100,1
16,19,2023-08-15T21:57:33.093Z,682,3
25,15,2023-08-15T21:57:33.093Z,874,14
32,34,2023-08-15T21:57:33.093Z,333,6
16,13,2023-08-15T21:57:23.093Z,766,3
32,34,2023-08-15T21:57:23.093Z,449,6
23,15,2023-08-15T21:57:33.093Z,120,14
6,7,2023-08-15T21:57:13.093Z,806,8
10,2,2023-08-15T21:57:13.093Z,100,2
16,20,2023-08-15T21:57:13.093Z,680,3
32,34,2023-08-15T21:57:13.093Z,971,6
0,3,2023-08-15T21:57:23.093Z,174,1
17,23,2023-08-15T21:57:23.093Z,120,9
27,31,2023-08-15T21:57:23.093Z,187,5
5,12,2023-08-15T21:57:33.093Z,660,3
22,25,2023-08-15T21:57:33.093Z,827,6
27,31,2023-08-15T21:57:33.093Z,109,5
35,29,2023-08-15T21:57:33.093Z,700,10
20,35,2023-08-15T21:57:23.093Z,700,4
11,7,2023-08-15T21:57:33.093Z,314,8
34,33,2023-08-15T21:57:33.093Z,826,7
5,20,2023-08-15T21:57:43.093Z,313,3
6,7,2023-08-15T21:57:43.093Z,735,8
7,3,2023-08-15T21:57:43.093Z,75,1
13,8,2023-08-15T21:57:43.093Z,832,13
27,34,2023-08-15T21:57:43.093Z,634,5
29,27,2023-08-15T21:57:43.093Z,700,11
33,25,2023-08-15T21:57:43.093Z,238,6
1,18,2023-08-15T21:57:53.093Z,592,7
3,9,2023-08-15T21:57:53.093Z,174,2
8,11,2023-08-15T21:57:53.093Z,832,2
13,14,2023-08-15T21:57:53.093Z,917,13
19,18,2023-08-15T21:57:53.093Z,668,7
22,21,2023-08-15T21:57:53.093Z,672,6
33,21,2023-08-15T21:57:53.093Z,21,6
3,9,2023-08-15T21:58:03.093Z,75,2
7,1,2023-08-15T21:58:03.093Z,131,1
9,14,2023-08-15T21:58:03.093Z,174,13
11,10,2023-08-15T21:58:03.093Z,832,8
13,8,2023-08-15T21:58:03.093Z,766,13
21,23,2023-08-15T21:58:03.093Z,299,9
25,24,2023-08-15T21:58:03.093Z,827,14
27,31,2023-08-15T21:58:03.093Z,700,5
33,21,2023-08-15T21:58:03.093Z,6,6
7,6,2023-08-15T21:58:13.093Z,816,1
8,9,2023-08-15T21:58:13.093Z,766,2
9,14,2023-08-15T21:58:13.093Z,75,13
18,12,2023-08-15T21:58:13.093Z,592,3
24,26,2023-08-15T21:58:13.093Z,827,4
25,15,2023-08-15T21:58:13.093Z,238,14
31,32,2023-08-15T21:58:13.093Z,187,12
34,33,2023-08-15T21:58:13.093Z,87,7
1,18,2023-08-15T21:58:23.093Z,200,7
9,14,2023-08-15T21:58:23.093Z,766,13
18,17,2023-08-15T21:58:23.093Z,668,3
21,16,2023-08-15T21:58:23.093Z,106,9
23,15,2023-08-15T21:58:23.093Z,299,14
31,32,2023-08-15T21:58:23.093Z,109,12
32,21,2023-08-15T21:58:23.093Z,187,6
7,1,2023-08-15T21:58:33.093Z,690,1
12,10,2023-08-15T21:58:33.093Z,592,8
14,12,2023-08-15T21:58:33.093Z,917,3
15,13,2023-08-15T21:58:33.093Z,820,3
31,32,2023-08-15T21:58:33.093Z,700,12
32,34,2023-08-15T21:58:33.093Z,109,6
34,0,2023-08-15T21:58:33.093Z,515,7
10,9,2023-08-15T21:58:43.093Z,592,2
15,20,2023-08-15T21:58:43.093Z,796,3
32,21,2023-08-15T21:58:43.093Z,700,6
7,3,2023-08-15T21:58:53.093Z,108,1
20,35,2023-08-15T21:58:53.093Z,689,4
21,23,2023-08-15T21:58:53.093Z,672,9
34,18,2023-08-15T21:58:53.093Z,906,7
7,3,2023-08-15T21:59:03.093Z,36,1
9,8,2023-08-15T21:59:03.093Z,592,13
12,7,2023-08-15T21:59:03.093Z,917,8
13,14,2023-08-15T21:59:03.093Z,820,13
14,20,2023-08-15T21:59:03.093Z,174,3
15,4,2023-08-15T21:59:03.093Z,133,3
17,23,2023-08-15T21:59:03.093Z,668,9
18,13,2023-08-15T21:59:03.093Z,200,3
20,35,2023-08-15T21:59:03.093Z,381,4
22,21,2023-08-15T21:59:03.093Z,136,6
34,33,2023-08-15T21:59:03.093Z,498,7
3,2,2023-08-15T21:59:13.093Z,108,2
7,1,2023-08-15T21:59:13.093Z,257,1
8,5,2023-08-15T21:59:13.093Z,592,2
14,20,2023-08-15T21:59:13.093Z,75,3
15,12,2023-08-15T21:59:13.093Z,486,3
20,26,2023-08-15T21:59:13.093Z,680,4
21,22,2023-08-15T21:59:13.093Z,6,9
0,6,2023-08-15T21:59:23.093Z,515,1
4,5,2023-08-15T21:59:23.093Z,133,2
5,13,2023-08-15T21:59:23.093Z,592,3
7,6,2023-08-15T21:59:23.093Z,846,1
14,20,2023-08-15T21:59:23.093Z,766,3
15,17,2023-08-15T21:59:23.093Z,883,3
18,12,2023-08-15T21:59:23.093Z,906,3
20,35,2023-08-15T21:59:23.093Z,231,4
21,23,2023-08-15T21:59:23.093Z,187,9
23,15,2023-08-15T21:59:23.093Z,672,14
26,27,2023-08-15T21:59:23.093Z,680,11
7,3,2023-08-15T21:59:33.093Z,627,1
14,4,2023-08-15T21:59:33.093Z,820,3
15,17,2023-08-15T21:59:33.093Z,975,3
20,35,2023-08-15T21:59:33.093Z,313,4
21,22,2023-08-15T21:59:33.093Z,700,9
23,24,2023-08-15T21:59:33.093Z,668,14
34,18,2023-08-15T21:59:33.093Z,363,7
6,7,2023-08-15T21:59:43.093Z,515,8
7,3,2023-08-15T21:59:43.093Z,206,1
21,16,2023-08-15T21:59:43.093Z,136,9
22,25,2023-08-15T21:59:43.093Z,6,6
23,15,2023-08-15T21:59:43.093Z,187,14
24,35,2023-08-15T21:59:43.093Z,668,4
26,27,2023-08-15T21:59:43.093Z,817,11
4,5,2023-08-15T21:59:53.093Z,820,2
5,17,2023-08-15T21:59:53.093Z,133,3
6,10,2023-08-15T21:59:53.093Z,846,8
7,1,2023-08-15T21:59:53.093Z,432,1
12,7,2023-08-15T21:59:53.093Z,486,8
18,13,2023-08-15T21:59:53.093Z,363,3
20,35,2023-08-15T21:59:53.093Z,796,4
22,34,2023-08-15T21:59:53.093Z,700,6
25,15,2023-08-15T21:59:53.093Z,6,14
27,31,2023-08-15T21:59:53.093Z,680,5
7,3,2023-08-15T22:00:03.093Z,298,1
10,9,2023-08-15T22:00:03.093Z,846,2
12,7,2023-08-15T22:00:03.093Z,906,8
13,14,2023-08-15T22:00:03.093Z,592,13
20,35,2023-08-15T22:00:03.093Z,174,4
35,29,2023-08-15T22:00:03.093Z,689,10
1,18,2023-08-15T22:00:13.093Z,929,7
3,2,2023-08-15T22:00:13.093Z,298,2
7,3,2023-08-15T22:00:13.093Z,976,1
9,8,2023-08-15T22:00:13.093Z,846,13
20,26,2023-08-15T22:00:13.093Z,75,4
27,34,2023-08-15T22:00:13.093Z,817,5
29,27,2023-08-15T22:00:13.093Z,689,11
31,32,2023-08-15T22:00:13.093Z,680,12
7,1,2023-08-15T22:00:23.093Z,875,1
8,5,2023-08-15T22:00:23.093Z,846,2
15,13,2023-08-15T22:00:23.093Z,120,3
32,21,2023-08-15T22:00:23.093Z,680,6
5,20,2023-08-15T22:00:33.093Z,820,3
7,3,2023-08-15T22:00:33.093Z,899,1
16,13,2023-08-15T22:00:33.093Z,136,3
17,22,2023-08-15T22:00:33.093Z,883,9
20,35,2023-08-15T22:00:33.093Z,766,4
35,29,2023-08-15T22:00:33.093Z,381,10
3,5,2023-08-15T22:00:43.093Z,899,2
5,20,2023-08-15T22:00:43.093Z,846,3
7,3,2023-08-15T22:00:43.093Z,423,1
15,20,2023-08-15T22:00:43.093Z,874,3
18,12,2023-08-15T22:00:43.093Z,929,3
29,27,2023-08-15T22:00:43.093Z,381,11
34,18,2023-08-15T22:00:43.093Z,450,7
35,29,2023-08-15T22:00:43.093Z,231,10
3,5,2023-08-15T22:00:53.093Z,423,2
13,14,2023-08-15T22:00:53.093Z,120,13
15,12,2023-08-15T22:00:53.093Z,238,3
19,18,2023-08-15T22:00:53.093Z,471,7
21,23,2023-08-15T22:00:53.093Z,680,9
29,27,2023-08-15T22:00:53.093Z,231,11
35,29,2023-08-15T22:00:53.093Z,313,10
20,35,2023-08-15T22:01:03.093Z,820,4
23,24,2023-08-15T22:01:03.093Z,680,14
29,27,2023-08-15T22:01:03.093Z,313,11
34,0,2023-08-15T22:01:03.093Z,760,7
7,6,2023-08-15T22:01:13.093Z,314,1
13,14,2023-08-15T22:01:13.093Z,136,13
14,4,2023-08-15T22:01:13.093Z,120,3
20,35,2023-08-15T22:01:13.093Z,846,4
22,34,2023-08-15T22:01:13.093Z,883,6
34,33,2023-08-15T22:01:13.093Z,559,7
35,29,2023-08-15T22:01:13.093Z,796,10
35,30,2023-08-15T22:01:23.093Z,174,10
0,3,2023-08-15T22:01:33.093Z,760,1
4,2,2023-08-15T22:01:33.093Z,120,2
6,10,2023-08-15T22:01:33.093Z,314,8
7,1,2023-08-15T22:01:33.093Z,917,1
18,17,2023-08-15T22:01:33.093Z,450,3
20,35,2023-08-15T22:01:33.093Z,874,4
30,32,2023-08-15T22:01:33.093Z,174,12
7,3,2023-08-15T22:01:43.093Z,15,1
27,34,2023-08-15T22:01:43.093Z,689,5
3,9,2023-08-15T22:01:53.093Z,760,2
27,34,2023-08-15T22:01:53.093Z,381,5
9,8,2023-08-15T22:02:03.093Z,760,13
12,10,2023-08-15T22:02:03.093Z,238,8
27,31,2023-08-15T22:02:03.093Z,231,5
34,18,2023-08-15T22:02:03.093Z,93,7
3,11,2023-08-15T22:02:13.093Z,120,2
10,11,2023-08-15T22:02:13.093Z,238,2
17,22,2023-08-15T22:02:13.093Z,975,9
11,7,2023-08-15T22:02:23.093Z,120,8
12,7,2023-08-15T22:02:23.093Z,17,8
17,22,2023-08-15T22:02:23.093Z,133,9
29,27,2023-08-15T22:02:23.093Z,846,11
35,30,2023-08-15T22:02:23.093Z,874,10
3,9,2023-08-15T22:02:33.093Z,15,2
17,23,2023-08-15T22:02:33.093Z,899,9
19,0,2023-08-15T22:02:33.093Z,479,7
28,30,2023-08-15T22:02:33.093Z,910,10
30,32,2023-08-15T22:02:33.093Z,874,12
31,32,2023-08-15T22:02:33.093Z,231,12
2,3,2023-08-15T22:01:43.093Z,120,1
10,9,2023-08-15T22:01:43.093Z,314,2
14,12,2023-08-15T22:01:43.093Z,136,3
18,4,2023-08-15T22:01:43.093Z,471,3
32,28,2023-08-15T22:01:43.093Z,174,6
35,29,2023-08-15T22:01:43.093Z,766,10
9,14,2023-08-15T22:01:53.093Z,314,13
35,30,2023-08-15T22:01:53.093Z,820,10
7,3,2023-08-15T22:02:03.093Z,486,1
30,32,2023-08-15T22:02:03.093Z,820,12
2,3,2023-08-15T22:02:13.093Z,298,1
9,8,2023-08-15T22:02:13.093Z,471,13
16,4,2023-08-15T22:02:13.093Z,730,3
4,9,2023-08-15T22:02:23.093Z,730,2
27,34,2023-08-15T22:02:23.093Z,796,5
7,1,2023-08-15T22:01:03.093Z,806,1
5,17,2023-08-15T22:01:13.093Z,899,3
24,35,2023-08-15T22:01:13.093Z,680,4
5,17,2023-08-15T22:01:23.093Z,423,3
7,1,2023-08-15T22:01:23.093Z,735,1
29,27,2023-08-15T22:01:23.093Z,796,11
12,7,2023-08-15T22:01:53.093Z,929,8
4,9,2023-08-15T22:02:03.093Z,471,2
29,27,2023-08-15T22:02:03.093Z,766,11
35,29,2023-08-15T22:02:03.093Z,846,10
7,3,2023-08-15T22:02:13.093Z,906,1
12,7,2023-08-15T22:02:13.093Z,136,8
27,31,2023-08-15T22:02:13.093Z,313,5
19,0,2023-08-15T22:02:23.093Z,795,7
32,25,2023-08-15T22:02:23.093Z,820,6
33,28,2023-08-15T22:02:23.093Z,910,6
27,31,2023-08-15T22:02:33.093Z,766,5
9,14,2023-08-15T22:02:33.093Z,730,13
33,28,2023-08-15T22:02:33.093Z,826,6
0,3,2023-08-15T22:02:43.093Z,795,1
1,18,2023-08-15T22:02:43.093Z,232,7
3,9,2023-08-15T22:02:43.093Z,486,2
7,6,2023-08-15T22:02:43.093Z,284,1
9,8,2023-08-15T22:02:43.093Z,15,13
33,28,2023-08-15T22:02:43.093Z,87,6
3,5,2023-08-15T22:02:53.093Z,298,2
14,12,2023-08-15T22:02:43.093Z,314,3
17,16,2023-08-15T22:02:43.093Z,423,9
28,29,2023-08-15T22:02:43.093Z,826,10
31,32,2023-08-15T22:02:43.093Z,313,12
32,34,2023-08-15T22:02:43.093Z,874,6
1,33,2023-08-15T22:02:53.093Z,540,7
7,6,2023-08-15T22:02:53.093Z,929,1
17,23,2023-08-15T22:02:53.093Z,450,9
18,20,2023-08-15T22:02:53.093Z,93,3
22,21,2023-08-15T22:02:53.093Z,975,6
23,15,2023-08-15T22:02:53.093Z,899,14
25,24,2023-08-15T22:02:53.093Z,820,14
28,30,2023-08-15T22:02:53.093Z,87,10
30,32,2023-08-15T22:02:53.093Z,910,12
8,5,2023-08-15T22:03:03.093Z,15,2
30,32,2023-08-15T22:03:03.093Z,492,12
5,12,2023-08-15T22:03:13.093Z,298,3
15,13,2023-08-15T22:03:13.093Z,299,3
25,24,2023-08-15T22:03:13.093Z,498,14
30,32,2023-08-15T22:03:13.093Z,87,12
15,19,2023-08-15T22:03:23.093Z,672,3
5,4,2023-08-15T22:03:33.093Z,906,3
24,35,2023-08-15T22:03:33.093Z,498,4
1,0,2023-08-15T22:03:43.093Z,388,7
10,2,2023-08-15T22:03:43.093Z,730,2
18,12,2023-08-15T22:03:43.093Z,260,3
31,32,2023-08-15T22:03:43.093Z,824,12
7,1,2023-08-15T22:03:53.093Z,298,1
31,32,2023-08-15T22:02:53.093Z,766,12
6,10,2023-08-15T22:03:03.093Z,284,8
16,19,2023-08-15T22:03:03.093Z,423,3
27,31,2023-08-15T22:03:03.093Z,846,5
1,18,2023-08-15T22:03:13.093Z,260,7
17,22,2023-08-15T22:03:13.093Z,945,9
32,34,2023-08-15T22:03:13.093Z,231,6
31,32,2023-08-15T22:03:23.093Z,846,12
33,25,2023-08-15T22:02:53.093Z,498,6
22,28,2023-08-15T22:03:03.093Z,133,6
3,5,2023-08-15T22:03:13.093Z,795,2
10,2,2023-08-15T22:03:13.093Z,284,2
18,20,2023-08-15T22:03:13.093Z,232,3
29,27,2023-08-15T22:03:13.093Z,826,11
6,10,2023-08-15T22:03:23.093Z,929,8
34,33,2023-08-15T22:03:23.093Z,674,7
22,34,2023-08-15T22:03:33.093Z,945,6
34,18,2023-08-15T22:03:33.093Z,670,7
7,1,2023-08-15T22:03:43.093Z,17,1
15,13,2023-08-15T22:03:43.093Z,6,3
30,32,2023-08-15T22:03:43.093Z,559,12
2,3,2023-08-15T22:03:53.093Z,929,1
26,27,2023-08-15T22:03:53.093Z,820,11
3,5,2023-08-15T22:03:03.093Z,906,2
14,12,2023-08-15T22:03:03.093Z,730,3
24,26,2023-08-15T22:03:03.093Z,820,4
33,28,2023-08-15T22:03:03.093Z,559,6
7,1,2023-08-15T22:03:13.093Z,136,1
28,29,2023-08-15T22:03:13.093Z,133,10
28,30,2023-08-15T22:03:23.093Z,559,10
32,34,2023-08-15T22:03:23.093Z,313,6
7,1,2023-08-15T22:03:33.093Z,120,1
12,10,2023-08-15T22:03:33.093Z,730,8
2,1,2023-08-15T22:03:43.093Z,284,1
20,35,2023-08-15T22:03:43.093Z,93,4
15,19,2023-08-15T22:03:53.093Z,545,3
2,1,2023-08-15T22:04:03.093Z,730,1
25,15,2023-08-15T22:04:03.093Z,129,14
35,29,2023-08-15T22:04:03.093Z,498,10
20,35,2023-08-15T22:04:13.093Z,232,4
32,25,2023-08-15T22:04:13.093Z,492,6
10,2,2023-08-15T22:03:33.093Z,929,2
33,28,2023-08-15T22:03:33.093Z,540,6
12,7,2023-08-15T22:03:43.093Z,298,8
32,25,2023-08-15T22:03:43.093Z,129,6
31,32,2023-08-15T22:03:53.093Z,566,12
15,20,2023-08-15T22:04:03.093Z,899,3
32,34,2023-08-15T22:04:03.093Z,766,6
5,20,2023-08-15T22:04:13.093Z,15,3
29,27,2023-08-15T22:04:13.093Z,498,11
18,20,2023-08-15T22:04:23.093Z,670,3
21,16,2023-08-15T22:04:23.093Z,975,9
32,25,2023-08-15T22:04:23.093Z,87,6
3,9,2023-08-15T22:04:33.093Z,929,2
25,15,2023-08-15T22:04:33.093Z,492,14
27,31,2023-08-15T22:04:33.093Z,826,5
32,25,2023-08-15T22:04:33.093Z,846,6
20,26,2023-08-15T22:04:43.093Z,899,4
30,32,2023-08-15T22:04:43.093Z,93,12
33,21,2023-08-15T22:04:43.093Z,674,6
9,8,2023-08-15T22:04:53.093Z,929,13
22,34,2023-08-15T22:04:53.093Z,188,6
29,27,2023-08-15T22:04:53.093Z,232,11
34,18,2023-08-15T22:04:53.093Z,872,7
3,5,2023-08-15T22:05:03.093Z,479,2
35,30,2023-08-15T22:04:33.093Z,93,10
0,3,2023-08-15T22:04:43.093Z,479,1
15,20,2023-08-15T22:04:43.093Z,129,3
25,15,2023-08-15T22:04:43.093Z,87,14
32,25,2023-08-15T22:04:43.093Z,559,6
35,29,2023-08-15T22:04:43.093Z,232,10
13,8,2023-08-15T22:04:53.093Z,6,13
25,15,2023-08-15T22:04:53.093Z,846,14
32,34,2023-08-15T22:04:53.093Z,824,6
0,3,2023-08-15T22:05:03.093Z,388,1
18,12,2023-08-15T22:05:03.093Z,872,3
25,15,2023-08-15T22:05:03.093Z,559,14
32,25,2023-08-15T22:05:03.093Z,566,6
25,15,2023-08-15T22:05:13.093Z,696,14
31,32,2023-08-15T22:05:23.093Z,826,12
11,10,2023-08-15T22:05:33.093Z,6,8
8,11,2023-08-15T22:05:13.093Z,6,2
16,19,2023-08-15T22:05:23.093Z,975,3
18,12,2023-08-15T22:05:33.093Z,672,3
13,14,2023-08-15T22:05:03.093Z,937,13
19,18,2023-08-15T22:05:03.093Z,672,7
29,27,2023-08-15T22:05:03.093Z,809,11
12,10,2023-08-15T22:05:13.093Z,872,8
20,35,2023-08-15T22:05:23.093Z,15,4
32,25,2023-08-15T22:05:23.093Z,93,6
26,27,2023-08-15T22:05:03.093Z,899,11
12,7,2023-08-15T22:05:23.093Z,12,8
1,0,2023-08-15T22:05:33.093Z,806,7
20,26,2023-08-15T22:05:33.093Z,670,4
25,15,2023-08-15T22:05:33.093Z,566,14
1,18,2023-08-15T22:05:43.093Z,666,7
14,20,2023-08-15T22:05:43.093Z,937,3
12,10,2023-08-15T22:05:53.093Z,672,8
30,32,2023-08-15T22:05:53.093Z,15,12
3,5,2023-08-15T22:05:43.093Z,388,2
20,35,2023-08-15T22:05:43.093Z,129,4
15,4,2023-08-15T22:05:53.093Z,492,3
34,33,2023-08-15T22:05:53.093Z,768,7
32,21,2023-08-15T22:05:33.093Z,826,6
7,1,2023-08-15T22:05:43.093Z,12,1
35,30,2023-08-15T22:05:43.093Z,15,10
25,15,2023-08-15T22:05:53.093Z,93,14
34,0,2023-08-15T22:05:33.093Z,126,7
10,5,2023-08-15T22:05:43.093Z,872,2
0,6,2023-08-15T22:05:53.093Z,806,1
26,27,2023-08-15T22:05:53.093Z,670,11
5,17,2023-08-15T22:06:03.093Z,479,3
7,1,2023-08-15T22:06:03.093Z,362,1
10,9,2023-08-15T22:06:03.093Z,6,2
15,12,2023-08-15T22:06:03.093Z,87,3
23,15,2023-08-15T22:06:03.093Z,450,14
29,27,2023-08-15T22:06:03.093Z,189,11
34,33,2023-08-15T22:06:03.093Z,591,7
35,29,2023-08-15T22:06:03.093Z,129,10
0,6,2023-08-15T22:06:13.093Z,126,1
4,5,2023-08-15T22:06:13.093Z,492,2
5,4,2023-08-15T22:06:13.093Z,388,3
9,14,2023-08-15T22:06:13.093Z,6,13
10,2,2023-08-15T22:06:13.093Z,672,2
11,7,2023-08-15T22:06:13.093Z,628,8
12,10,2023-08-15T22:06:13.093Z,87,8
15,12,2023-08-15T22:06:13.093Z,846,3
29,27,2023-08-15T22:06:13.093Z,129,11
34,18,2023-08-15T22:06:13.093Z,413,7
5,17,2023-08-15T22:06:23.093Z,872,3
7,6,2023-08-15T22:06:23.093Z,628,1
18,20,2023-08-15T22:06:23.093Z,666,3
21,23,2023-08-15T22:06:23.093Z,674,9
27,31,2023-08-15T22:06:23.093Z,498,5
32,34,2023-08-15T22:06:23.093Z,15,6
34,0,2023-08-15T22:06:23.093Z,907,7
2,3,2023-08-15T22:06:33.093Z,672,1
3,2,2023-08-15T22:06:33.093Z,206,2
6,7,2023-08-15T22:06:33.093Z,126,8
10,2,2023-08-15T22:06:33.093Z,679,2
27,31,2023-08-15T22:06:33.093Z,232,5
34,33,2023-08-15T22:06:33.093Z,625,7
0,3,2023-08-15T22:06:43.093Z,907,1
5,20,2023-08-15T22:06:43.093Z,492,3
7,3,2023-08-15T22:06:43.093Z,126,1
10,9,2023-08-15T22:06:43.093Z,87,2
14,17,2023-08-15T22:06:43.093Z,6,3
18,12,2023-08-15T22:06:43.093Z,413,3
21,22,2023-08-15T22:06:43.093Z,776,9
23,24,2023-08-15T22:06:43.093Z,674,14
27,31,2023-08-15T22:06:43.093Z,899,5
34,0,2023-08-15T22:06:43.093Z,424,7
2,1,2023-08-15T22:06:53.093Z,206,1
3,9,2023-08-15T22:06:53.093Z,672,2
4,2,2023-08-15T22:06:53.093Z,388,2
6,10,2023-08-15T22:06:53.093Z,628,8
9,14,2023-08-15T22:06:53.093Z,87,13
17,22,2023-08-15T22:06:53.093Z,872,9
34,33,2023-08-15T22:06:53.093Z,506,7
2,1,2023-08-15T22:07:03.093Z,679,1
9,8,2023-08-15T22:07:03.093Z,672,13
10,2,2023-08-15T22:07:03.093Z,628,2
20,35,2023-08-15T22:07:03.093Z,937,4
27,34,2023-08-15T22:07:03.093Z,809,5
34,33,2023-08-15T22:07:03.093Z,171,7
2,6,2023-08-15T22:07:13.093Z,388,1
3,2,2023-08-15T22:07:13.093Z,907,2
8,5,2023-08-15T22:07:13.093Z,672,2
12,7,2023-08-15T22:07:13.093Z,413,8
20,35,2023-08-15T22:07:13.093Z,666,4
27,31,2023-08-15T22:07:13.093Z,670,5
31,32,2023-08-15T22:07:13.093Z,498,12
3,11,2023-08-15T22:07:23.093Z,126,2
7,6,2023-08-15T22:07:23.093Z,413,1
15,20,2023-08-15T22:07:23.093Z,559,3
22,34,2023-08-15T22:07:23.093Z,776,6
27,31,2023-08-15T22:07:23.093Z,189,5
31,32,2023-08-15T22:07:23.093Z,232,12
35,29,2023-08-15T22:07:23.093Z,937,10
0,3,2023-08-15T22:07:33.093Z,424,1
1,18,2023-08-15T22:07:33.093Z,748,7
2,1,2023-08-15T22:07:33.093Z,628,1
5,17,2023-08-15T22:07:33.093Z,672,3
20,35,2023-08-15T22:07:33.093Z,492,4
22,25,2023-08-15T22:07:33.093Z,872,6
27,34,2023-08-15T22:07:33.093Z,129,5
29,27,2023-08-15T22:07:33.093Z,937,11
31,32,2023-08-15T22:07:33.093Z,899,12
32,21,2023-08-15T22:07:33.093Z,498,6
33,28,2023-08-15T22:07:33.093Z,768,6
34,33,2023-08-15T22:07:33.093Z,213,7
35,29,2023-08-15T22:07:33.093Z,666,10
2,6,2023-08-15T22:07:43.093Z,907,1
29,27,2023-08-15T22:07:43.093Z,666,11
31,32,2023-08-15T22:07:53.093Z,189,12
34,33,2023-08-15T22:07:53.093Z,318,7
13,14,2023-08-15T22:08:03.093Z,696,13
28,29,2023-08-15T22:08:03.093Z,591,10
33,25,2023-08-15T22:08:03.093Z,506,6
5,20,2023-08-15T22:08:13.093Z,126,3
10,2,2023-08-15T22:08:13.093Z,413,2
15,19,2023-08-15T22:08:13.093Z,450,3
34,0,2023-08-15T22:08:13.093Z,81,7
10,9,2023-08-15T22:08:23.093Z,907,2
25,24,2023-08-15T22:08:23.093Z,506,14
32,34,2023-08-15T22:08:23.093Z,189,6
3,9,2023-08-15T22:08:33.093Z,413,2
15,20,2023-08-15T22:08:33.093Z,84,3
15,4,2023-08-15T22:08:43.093Z,128,3
34,33,2023-08-15T22:08:43.093Z,152,7
14,20,2023-08-15T22:08:53.093Z,907,3
5,20,2023-08-15T22:09:03.093Z,976,3
5,17,2023-08-15T22:09:13.093Z,413,3
10,11,2023-08-15T22:09:13.093Z,159,2
26,27,2023-08-15T22:09:13.093Z,84,11
11,10,2023-08-15T22:07:43.093Z,126,8
31,32,2023-08-15T22:07:43.093Z,670,12
15,12,2023-08-15T22:07:53.093Z,566,3
6,10,2023-08-15T22:08:03.093Z,413,8
21,16,2023-08-15T22:08:03.093Z,498,9
1,0,2023-08-15T22:08:13.093Z,159,7
14,19,2023-08-15T22:08:13.093Z,696,3
28,30,2023-08-15T22:08:13.093Z,625,10
35,29,2023-08-15T22:08:13.093Z,492,10
12,7,2023-08-15T22:08:23.093Z,566,8
26,27,2023-08-15T22:08:23.093Z,559,11
34,18,2023-08-15T22:08:23.093Z,164,7
7,1,2023-08-15T22:08:33.093Z,566,1
27,31,2023-08-15T22:08:33.093Z,591,5
15,13,2023-08-15T22:07:43.093Z,696,3
32,28,2023-08-15T22:07:43.093Z,232,6
10,5,2023-08-15T22:07:53.093Z,126,2
20,26,2023-08-15T22:08:03.093Z,559,4
27,34,2023-08-15T22:08:13.093Z,937,5
29,27,2023-08-15T22:08:13.093Z,591,11
1,18,2023-08-15T22:08:23.093Z,586,7
15,12,2023-08-15T22:08:23.093Z,187,3
27,31,2023-08-15T22:08:23.093Z,666,5
0,6,2023-08-15T22:08:33.093Z,159,1
9,14,2023-08-15T22:08:33.093Z,907,13
34,33,2023-08-15T22:08:33.093Z,787,7
31,32,2023-08-15T22:08:43.093Z,666,12
13,8,2023-08-15T22:08:53.093Z,93,13
18,12,2023-08-15T22:08:53.093Z,748,3
6,10,2023-08-15T22:09:03.093Z,159,8
8,2,2023-08-15T22:09:13.093Z,93,2
20,35,2023-08-15T22:09:13.093Z,907,4
31,32,2023-08-15T22:09:13.093Z,591,12
28,30,2023-08-15T22:07:43.093Z,768,10
33,28,2023-08-15T22:07:43.093Z,591,6
33,28,2023-08-15T22:07:53.093Z,625,6
15,13,2023-08-15T22:08:03.093Z,93,3
32,25,2023-08-15T22:08:03.093Z,670,6
6,10,2023-08-15T22:08:13.093Z,907,8
25,24,2023-08-15T22:08:13.093Z,670,14
33,28,2023-08-15T22:08:13.093Z,171,6
2,3,2023-08-15T22:08:23.093Z,413,1
17,22,2023-08-15T22:08:23.093Z,6,9
28,29,2023-08-15T22:08:23.093Z,171,10
1,0,2023-08-15T22:08:33.093Z,420,7
12,7,2023-08-15T22:08:33.093Z,636,8
20,35,2023-08-15T22:08:43.093Z,126,4
9,8,2023-08-15T22:08:43.093Z,413,13
24,35,2023-08-15T22:08:43.093Z,506,4
3,5,2023-08-15T22:08:53.093Z,976,2
4,2,2023-08-15T22:08:53.093Z,128,2
8,5,2023-08-15T22:08:53.093Z,413,2
19,33,2023-08-15T22:08:53.093Z,403,7
22,34,2023-08-15T22:08:53.093Z,6,6
29,27,2023-08-15T22:08:53.093Z,492,11
31,32,2023-08-15T22:08:53.093Z,694,12
2,1,2023-08-15T22:09:03.093Z,128,1
7,1,2023-08-15T22:09:03.093Z,636,1
20,26,2023-08-15T22:09:03.093Z,84,4
27,31,2023-08-15T22:09:03.093Z,559,5
32,34,2023-08-15T22:09:03.093Z,694,6
35,30,2023-08-15T22:09:03.093Z,126,10
1,0,2023-08-15T22:09:13.093Z,628,7
12,7,2023-08-15T22:09:13.093Z,187,8
18,13,2023-08-15T22:09:13.093Z,586,3
29,27,2023-08-15T22:09:13.093Z,171,11
30,32,2023-08-15T22:09:13.093Z,126,12
0,3,2023-08-15T22:09:23.093Z,81,1
11,7,2023-08-15T22:09:23.093Z,159,8
15,17,2023-08-15T22:09:23.093Z,521,3
17,23,2023-08-15T22:09:23.093Z,413,9
18,4,2023-08-15T22:09:23.093Z,164,3
20,35,2023-08-15T22:09:23.093Z,976,4
28,29,2023-08-15T22:09:23.093Z,892,10
32,28,2023-08-15T22:09:23.093Z,126,6
34,0,2023-08-15T22:09:23.093Z,911,7
0,3,2023-08-15T22:09:33.093Z,420,1
2,6,2023-08-15T22:09:33.093Z,93,1
5,12,2023-08-15T22:09:33.093Z,50,3
7,1,2023-08-15T22:09:33.093Z,187,1
20,35,2023-08-15T22:09:33.093Z,931,4
29,27,2023-08-15T22:09:33.093Z,892,11
33,21,2023-08-15T22:09:33.093Z,213,6
34,0,2023-08-15T22:09:33.093Z,245,7
35,29,2023-08-15T22:09:33.093Z,506,10
0,3,2023-08-15T22:09:43.093Z,628,1
2,6,2023-08-15T22:09:43.093Z,675,1
3,11,2023-08-15T22:09:43.093Z,81,2
7,3,2023-08-15T22:09:43.093Z,159,1
12,10,2023-08-15T22:09:43.093Z,748,8
17,22,2023-08-15T22:09:43.093Z,521,9
29,27,2023-08-15T22:09:43.093Z,506,11
32,25,2023-08-15T22:09:43.093Z,591,6
33,25,2023-08-15T22:09:43.093Z,318,6
34,33,2023-08-15T22:09:43.093Z,914,7
0,6,2023-08-15T22:09:53.093Z,911,1
4,11,2023-08-15T22:09:53.093Z,164,2
10,2,2023-08-15T22:09:53.093Z,748,2
11,10,2023-08-15T22:09:53.093Z,81,8
12,7,2023-08-15T22:09:53.093Z,50,8
21,16,2023-08-15T22:09:53.093Z,213,9
25,15,2023-08-15T22:09:53.093Z,591,14
33,21,2023-08-15T22:09:53.093Z,787,6
34,18,2023-08-15T22:09:53.093Z,165,7
3,11,2023-08-15T22:10:03.093Z,420,2
10,9,2023-08-15T22:10:03.093Z,81,2
33,21,2023-08-15T22:10:03.093Z,152,6
35,29,2023-08-15T22:10:03.093Z,976,10
0,3,2023-08-15T22:10:13.093Z,245,1
1,18,2023-08-15T22:10:13.093Z,679,7
2,3,2023-08-15T22:10:13.093Z,748,1
3,9,2023-08-15T22:10:13.093Z,628,2
16,13,2023-08-15T22:10:13.093Z,498,3
18,13,2023-08-15T22:10:13.093Z,165,3
21,16,2023-08-15T22:10:13.093Z,787,9
25,24,2023-08-15T22:10:13.093Z,318,14
27,34,2023-08-15T22:10:13.093Z,492,5
29,27,2023-08-15T22:10:13.093Z,976,11
33,25,2023-08-15T22:10:13.093Z,403,6
35,29,2023-08-15T22:10:13.093Z,931,10
6,10,2023-08-15T22:10:23.093Z,93,8
11,10,2023-08-15T22:10:23.093Z,164,8
13,8,2023-08-15T22:10:23.093Z,586,13
21,16,2023-08-15T22:10:23.093Z,152,9
24,35,2023-08-15T22:10:23.093Z,318,4
25,15,2023-08-15T22:10:23.093Z,403,14
27,34,2023-08-15T22:10:23.093Z,84,5
29,27,2023-08-15T22:10:23.093Z,931,11
33,25,2023-08-15T22:10:23.093Z,914,6
1,0,2023-08-15T22:10:33.093Z,362,7
5,20,2023-08-15T22:10:33.093Z,960,3
8,5,2023-08-15T22:10:33.093Z,586,2
9,8,2023-08-15T22:10:33.093Z,628,13
11,10,2023-08-15T22:10:33.093Z,420,8
16,13,2023-08-15T22:10:33.093Z,213,3
18,17,2023-08-15T22:10:33.093Z,679,3
25,15,2023-08-15T22:10:33.093Z,914,14
27,31,2023-08-15T22:10:33.093Z,171,5
1,0,2023-08-15T22:10:43.093Z,321,7
3,2,2023-08-15T22:10:43.093Z,245,2
6,10,2023-08-15T22:10:43.093Z,675,8
7,1,2023-08-15T22:10:43.093Z,50,1
8,11,2023-08-15T22:10:43.093Z,628,2
10,5,2023-08-15T22:10:43.093Z,164,2
16,12,2023-08-15T22:10:43.093Z,787,3
22,21,2023-08-15T22:10:43.093Z,521,6
27,31,2023-08-15T22:10:43.093Z,892,5
34,33,2023-08-15T22:10:43.093Z,122,7
3,11,2023-08-15T22:10:53.093Z,748,2
10,5,2023-08-15T22:10:53.093Z,420,2
15,4,2023-08-15T22:10:53.093Z,403,3
16,17,2023-08-15T22:10:53.093Z,152,3
35,30,2023-08-15T22:10:53.093Z,318,10
0,6,2023-08-15T22:11:03.093Z,362,1
6,10,2023-08-15T22:11:03.093Z,911,8
12,10,2023-08-15T22:11:03.093Z,787,8
31,32,2023-08-15T22:11:03.093Z,171,12
21,16,2023-08-15T22:11:23.093Z,521,9
7,3,2023-08-15T22:11:33.093Z,816,1
4,5,2023-08-15T22:11:13.093Z,403,2
6,7,2023-08-15T22:11:13.093Z,816,8
30,32,2023-08-15T22:11:13.093Z,318,12
6,7,2023-08-15T22:11:23.093Z,362,8
5,17,2023-08-15T22:11:33.093Z,420,3
5,17,2023-08-15T22:11:43.093Z,675,3
10,2,2023-08-15T22:11:43.093Z,701,2
12,10,2023-08-15T22:11:43.093Z,679,8
1,0,2023-08-15T22:11:53.093Z,631,7
9,14,2023-08-15T22:11:33.093Z,787,13
21,22,2023-08-15T22:11:33.093Z,171,9
31,32,2023-08-15T22:11:33.093Z,892,12
33,25,2023-08-15T22:11:33.093Z,122,6
3,5,2023-08-15T22:11:53.093Z,911,2
6,10,2023-08-15T22:11:53.093Z,321,8
15,17,2023-08-15T22:11:53.093Z,914,3
10,5,2023-08-15T22:11:03.093Z,675,2
34,33,2023-08-15T22:11:03.093Z,266,7
10,2,2023-08-15T22:11:13.093Z,911,2
27,34,2023-08-15T22:11:13.093Z,976,5
0,6,2023-08-15T22:11:23.093Z,321,1
10,9,2023-08-15T22:11:23.093Z,787,2
27,34,2023-08-15T22:11:23.093Z,931,5
20,35,2023-08-15T22:11:33.093Z,960,4
6,10,2023-08-15T22:11:43.093Z,245,8
20,26,2023-08-15T22:11:43.093Z,164,4
10,2,2023-08-15T22:11:53.093Z,489,2
16,19,2023-08-15T22:11:53.093Z,521,3
21,16,2023-08-15T22:11:53.093Z,318,9
34,18,2023-08-15T22:11:53.093Z,154,7
4,5,2023-08-15T22:12:03.093Z,226,2
10,5,2023-08-15T22:12:03.093Z,245,2
1,18,2023-08-15T22:12:13.093Z,257,7
24,35,2023-08-15T22:12:13.093Z,122,4
11,7,2023-08-15T22:12:23.093Z,701,8
25,24,2023-08-15T22:12:23.093Z,171,14
11,7,2023-08-15T22:12:33.093Z,321,8
2,3,2023-08-15T22:12:03.093Z,701,1
25,24,2023-08-15T22:12:03.093Z,122,14
34,18,2023-08-15T22:12:03.093Z,646,7
3,11,2023-08-15T22:12:13.093Z,701,2
22,25,2023-08-15T22:12:13.093Z,171,6
9,14,2023-08-15T22:12:23.093Z,213,13
18,17,2023-08-15T22:12:23.093Z,646,3
29,27,2023-08-15T22:12:23.093Z,266,11
17,22,2023-08-15T22:12:33.093Z,675,9
2,6,2023-08-15T22:11:03.093Z,245,1
17,16,2023-08-15T22:11:03.093Z,679,9
5,17,2023-08-15T22:11:13.093Z,586,3
17,22,2023-08-15T22:11:13.093Z,152,9
32,21,2023-08-15T22:11:13.093Z,171,6
5,20,2023-08-15T22:11:23.093Z,164,3
16,12,2023-08-15T22:11:23.093Z,679,3
2,3,2023-08-15T22:11:33.093Z,911,1
32,21,2023-08-15T22:11:33.093Z,318,6
13,14,2023-08-15T22:11:43.093Z,165,13
34,0,2023-08-15T22:11:43.093Z,655,7
13,8,2023-08-15T22:11:53.093Z,213,13
17,16,2023-08-15T22:11:53.093Z,586,9
33,28,2023-08-15T22:11:53.093Z,266,6
3,5,2023-08-15T22:12:03.093Z,816,2
8,9,2023-08-15T22:12:03.093Z,213,2
14,20,2023-08-15T22:12:03.093Z,165,3
5,17,2023-08-15T22:12:13.093Z,911,3
10,11,2023-08-15T22:12:23.093Z,321,2
16,12,2023-08-15T22:12:23.093Z,586,3
4,5,2023-08-15T22:12:33.093Z,154,2
32,34,2023-08-15T22:11:53.093Z,892,6
5,17,2023-08-15T22:12:03.093Z,403,3
28,29,2023-08-15T22:12:03.093Z,266,10
2,1,2023-08-15T22:12:13.093Z,489,1
18,4,2023-08-15T22:12:13.093Z,154,3
5,19,2023-08-15T22:12:23.093Z,816,3
17,22,2023-08-15T22:12:23.093Z,420,9
19,33,2023-08-15T22:12:23.093Z,455,7
7,1,2023-08-15T22:12:33.093Z,701,1
35,30,2023-08-15T22:12:33.093Z,960,10
0,3,2023-08-15T22:12:43.093Z,655,1
5,20,2023-08-15T22:12:43.093Z,226,3
11,7,2023-08-15T22:12:43.093Z,628,8
12,10,2023-08-15T22:12:43.093Z,586,8
17,22,2023-08-15T22:12:43.093Z,914,9
27,31,2023-08-15T22:12:43.093Z,266,5
30,32,2023-08-15T22:12:43.093Z,960,12
35,29,2023-08-15T22:12:43.093Z,122,10
0,3,2023-08-15T22:12:53.093Z,631,1
7,3,2023-08-15T22:12:53.093Z,321,1
10,9,2023-08-15T22:12:53.093Z,586,2
17,23,2023-08-15T22:12:53.093Z,403,9
19,0,2023-08-15T22:12:53.093Z,86,7
29,27,2023-08-15T22:12:53.093Z,122,11
32,34,2023-08-15T22:12:53.093Z,960,6
33,21,2023-08-15T22:12:53.093Z,455,6
34,33,2023-08-15T22:12:53.093Z,895,7
35,30,2023-08-15T22:12:53.093Z,919,10
5,20,2023-08-15T22:13:03.093Z,245,3
7,6,2023-08-15T22:13:03.093Z,212,1
14,20,2023-08-15T22:13:03.093Z,213,3
17,23,2023-08-15T22:13:03.093Z,911,9
18,12,2023-08-15T22:13:03.093Z,257,3
19,33,2023-08-15T22:13:03.093Z,423,7
20,26,2023-08-15T22:13:03.093Z,226,4
22,21,2023-08-15T22:13:03.093Z,675,6
30,32,2023-08-15T22:13:03.093Z,919,12
34,18,2023-08-15T22:13:03.093Z,368,7
5,20,2023-08-15T22:13:13.093Z,154,3
7,1,2023-08-15T22:13:13.093Z,628,1
19,0,2023-08-15T22:13:13.093Z,682,7
21,22,2023-08-15T22:13:13.093Z,455,9
23,24,2023-08-15T22:13:13.093Z,403,14
33,28,2023-08-15T22:13:13.093Z,895,6
34,18,2023-08-15T22:13:13.093Z,221,7
3,9,2023-08-15T22:13:23.093Z,655,2
6,10,2023-08-15T22:13:23.093Z,212,8
10,5,2023-08-15T22:13:23.093Z,679,2
17,16,2023-08-15T22:13:23.093Z,646,9
24,35,2023-08-15T22:13:23.093Z,403,4
32,34,2023-08-15T22:13:23.093Z,919,6
0,6,2023-08-15T22:13:33.093Z,86,1
3,5,2023-08-15T22:13:33.093Z,631,2
9,14,2023-08-15T22:13:33.093Z,655,13
22,28,2023-08-15T22:13:33.093Z,455,6
23,15,2023-08-15T22:13:33.093Z,595,14
26,27,2023-08-15T22:13:33.093Z,226,11
0,3,2023-08-15T22:13:43.093Z,682,1
3,9,2023-08-15T22:13:43.093Z,321,2
5,19,2023-08-15T22:13:43.093Z,679,3
10,5,2023-08-15T22:13:43.093Z,470,2
18,12,2023-08-15T22:13:43.093Z,368,3
21,16,2023-08-15T22:13:43.093Z,675,9
28,30,2023-08-15T22:13:43.093Z,895,10
31,32,2023-08-15T22:13:43.093Z,266,12
3,9,2023-08-15T22:13:53.093Z,682,2
9,14,2023-08-15T22:13:53.093Z,321,13
10,5,2023-08-15T22:13:53.093Z,212,2
15,19,2023-08-15T22:13:53.093Z,595,3
20,35,2023-08-15T22:13:53.093Z,245,4
27,31,2023-08-15T22:13:53.093Z,122,5
28,30,2023-08-15T22:13:53.093Z,455,10
30,32,2023-08-15T22:13:53.093Z,895,12
9,8,2023-08-15T22:14:03.093Z,682,13
16,13,2023-08-15T22:14:03.093Z,646,3
34,18,2023-08-15T22:14:03.093Z,650,7
1,18,2023-08-15T22:14:13.093Z,177,7
5,4,2023-08-15T22:14:13.093Z,631,3
6,10,2023-08-15T22:14:13.093Z,86,8
31,32,2023-08-15T22:14:13.093Z,122,12
32,25,2023-08-15T22:14:13.093Z,266,6
34,33,2023-08-15T22:14:13.093Z,256,7
35,29,2023-08-15T22:14:13.093Z,245,10
10,2,2023-08-15T22:14:23.093Z,86,2
13,14,2023-08-15T22:14:23.093Z,646,13
14,20,2023-08-15T22:14:23.093Z,787,3
16,13,2023-08-15T22:14:23.093Z,675,3
18,12,2023-08-15T22:14:23.093Z,221,3
25,15,2023-08-15T22:14:23.093Z,266,14
32,21,2023-08-15T22:14:23.093Z,895,6
33,21,2023-08-15T22:14:23.093Z,423,6
34,33,2023-08-15T22:14:23.093Z,357,7
2,3,2023-08-15T22:14:33.093Z,86,1
3,9,2023-08-15T22:14:33.093Z,36,2
4,11,2023-08-15T22:14:33.093Z,631,2
5,20,2023-08-15T22:14:33.093Z,470,3
6,7,2023-08-15T22:14:33.093Z,721,8
12,7,2023-08-15T22:14:33.093Z,257,8
13,14,2023-08-15T22:14:33.093Z,675,13
8,11,2023-08-15T22:14:43.093Z,682,2
9,14,2023-08-15T22:14:43.093Z,36,13
11,10,2023-08-15T22:14:43.093Z,631,8
12,7,2023-08-15T22:14:43.093Z,368,8
18,4,2023-08-15T22:14:43.093Z,650,3
20,35,2023-08-15T22:14:43.093Z,213,4
5,17,2023-08-15T22:14:53.093Z,212,3
11,10,2023-08-15T22:14:53.093Z,682,8
12,10,2023-08-15T22:14:53.093Z,221,8
14,20,2023-08-15T22:14:53.093Z,646,3
15,13,2023-08-15T22:14:53.093Z,266,3
18,12,2023-08-15T22:14:53.093Z,177,3
21,16,2023-08-15T22:14:53.093Z,895,9
34,0,2023-08-15T22:14:53.093Z,71,7
1,33,2023-08-15T22:15:03.093Z,566,7
3,9,2023-08-15T22:15:03.093Z,86,2
4,9,2023-08-15T22:15:03.093Z,650,2
14,20,2023-08-15T22:15:03.093Z,675,3
20,35,2023-08-15T22:15:03.093Z,154,4
21,22,2023-08-15T22:15:03.093Z,423,9
33,21,2023-08-15T22:15:03.093Z,256,6
34,33,2023-08-15T22:15:03.093Z,671,7
35,30,2023-08-15T22:15:03.093Z,213,10
12,10,2023-08-15T22:15:13.093Z,177,8
13,14,2023-08-15T22:15:13.093Z,266,13
20,35,2023-08-15T22:15:13.093Z,787,4
34,0,2023-08-15T22:15:13.093Z,13,7
9,14,2023-08-15T22:15:23.093Z,86,13
14,13,2023-08-15T22:15:23.093Z,36,3
20,26,2023-08-15T22:15:23.093Z,470,4
21,16,2023-08-15T22:15:23.093Z,256,9
22,25,2023-08-15T22:15:23.093Z,423,6
29,27,2023-08-15T22:15:23.093Z,191,11
1,33,2023-08-15T22:15:33.093Z,619,7
6,7,2023-08-15T22:15:33.093Z,806,8
7,1,2023-08-15T22:15:33.093Z,721,1
20,26,2023-08-15T22:15:33.093Z,646,4
21,16,2023-08-15T22:15:33.093Z,223,9
22,25,2023-08-15T22:15:33.093Z,564,6
33,25,2023-08-15T22:15:33.093Z,357,6
34,33,2023-08-15T22:15:33.093Z,34,7
35,30,2023-08-15T22:15:33.093Z,154,10
0,3,2023-08-15T22:15:43.093Z,71,1
7,6,2023-08-15T22:15:43.093Z,257,1
9,8,2023-08-15T22:15:43.093Z,650,13
13,8,2023-08-15T22:15:43.093Z,36,13
14,12,2023-08-15T22:15:43.093Z,266,3
20,26,2023-08-15T22:15:43.093Z,675,4
26,27,2023-08-15T22:15:43.093Z,470,11
33,28,2023-08-15T22:15:43.093Z,566,6
0,3,2023-08-15T22:15:53.093Z,13,1
8,2,2023-08-15T22:15:53.093Z,650,2
10,9,2023-08-15T22:15:53.093Z,221,2
16,19,2023-08-15T22:15:53.093Z,713,3
26,27,2023-08-15T22:15:53.093Z,646,11
28,29,2023-08-15T22:15:53.093Z,566,10
35,30,2023-08-15T22:15:53.093Z,787,10
3,9,2023-08-15T22:16:03.093Z,71,2
14,17,2023-08-15T22:16:03.093Z,753,3
2,1,2023-08-15T22:16:13.093Z,36,1
9,14,2023-08-15T22:16:13.093Z,71,13
28,30,2023-08-15T22:16:13.093Z,671,10
33,21,2023-08-15T22:16:13.093Z,619,6
11,7,2023-08-15T22:16:23.093Z,906,8
34,18,2023-08-15T22:16:23.093Z,613,7
10,5,2023-08-15T22:16:33.093Z,266,2
20,26,2023-08-15T22:16:33.093Z,223,4
34,18,2023-08-15T22:16:33.093Z,561,7
17,22,2023-08-15T22:16:43.093Z,212,9
30,32,2023-08-15T22:16:43.093Z,734,12
10,9,2023-08-15T22:16:53.093Z,368,2
30,32,2023-08-15T22:16:53.093Z,154,12
16,4,2023-08-15T22:17:03.093Z,619,3
35,30,2023-08-15T22:17:03.093Z,674,10
8,5,2023-08-15T22:17:13.093Z,471,2
15,13,2023-08-15T22:17:13.093Z,564,3
22,34,2023-08-15T22:17:13.093Z,787,6
30,32,2023-08-15T22:17:13.093Z,674,12
19,33,2023-08-15T22:17:23.093Z,254,7
32,34,2023-08-15T22:17:23.093Z,154,6
25,15,2023-08-15T22:17:33.093Z,734,14
29,27,2023-08-15T22:17:33.093Z,133,11
7,3,2023-08-15T22:16:03.093Z,368,1
9,8,2023-08-15T22:16:03.093Z,221,13
29,27,2023-08-15T22:16:03.093Z,566,11
33,28,2023-08-15T22:16:03.093Z,671,6
4,11,2023-08-15T22:16:13.093Z,906,2
7,1,2023-08-15T22:16:13.093Z,806,1
12,10,2023-08-15T22:16:13.093Z,266,8
9,14,2023-08-15T22:16:23.093Z,13,13
25,15,2023-08-15T22:16:23.093Z,564,14
5,4,2023-08-15T22:16:33.093Z,177,3
14,19,2023-08-15T22:16:33.093Z,353,3
28,30,2023-08-15T22:16:33.093Z,734,10
7,1,2023-08-15T22:16:43.093Z,906,1
24,35,2023-08-15T22:16:43.093Z,674,4
4,2,2023-08-15T22:16:53.093Z,177,2
19,33,2023-08-15T22:16:53.093Z,696,7
34,33,2023-08-15T22:16:53.093Z,621,7
25,24,2023-08-15T22:17:03.093Z,671,14
1,0,2023-08-15T22:17:13.093Z,721,7
9,14,2023-08-15T22:17:13.093Z,368,13
16,13,2023-08-15T22:17:13.093Z,318,3
24,35,2023-08-15T22:17:13.093Z,671,4
17,22,2023-08-15T22:17:23.093Z,266,9
24,26,2023-08-15T22:17:23.093Z,850,4
5,17,2023-08-15T22:17:33.093Z,471,3
28,29,2023-08-15T22:17:33.093Z,833,10
2,6,2023-08-15T22:16:03.093Z,650,1
6,10,2023-08-15T22:16:03.093Z,257,8
13,14,2023-08-15T22:16:03.093Z,353,13
30,32,2023-08-15T22:16:03.093Z,787,12
3,9,2023-08-15T22:16:13.093Z,13,2
8,11,2023-08-15T22:16:13.093Z,221,2
16,20,2023-08-15T22:16:13.093Z,223,3
3,11,2023-08-15T22:16:23.093Z,368,2
12,7,2023-08-15T22:16:23.093Z,32,8
1,0,2023-08-15T22:16:33.093Z,863,7
11,7,2023-08-15T22:16:33.093Z,221,8
21,22,2023-08-15T22:16:33.093Z,787,9
5,17,2023-08-15T22:16:43.093Z,266,3
21,16,2023-08-15T22:16:43.093Z,619,9
3,5,2023-08-15T22:16:53.093Z,650,2
17,22,2023-08-15T22:16:53.093Z,753,9
32,25,2023-08-15T22:16:53.093Z,671,6
19,33,2023-08-15T22:17:03.093Z,545,7
0,3,2023-08-15T22:17:13.093Z,863,1
7,3,2023-08-15T22:17:13.093Z,221,1
17,16,2023-08-15T22:17:13.093Z,613,9
34,33,2023-08-15T22:17:13.093Z,705,7
34,0,2023-08-15T22:17:23.093Z,373,7
4,9,2023-08-15T22:17:33.093Z,619,2
26,27,2023-08-15T22:17:33.093Z,850,11
34,0,2023-08-15T22:17:33.093Z,457,7
8,2,2023-08-15T22:16:03.093Z,36,2
26,27,2023-08-15T22:16:03.093Z,675,11
34,33,2023-08-15T22:16:03.093Z,267,7
6,7,2023-08-15T22:16:13.093Z,650,8
10,5,2023-08-15T22:16:13.093Z,177,2
32,21,2023-08-15T22:16:13.093Z,787,6
10,11,2023-08-15T22:16:23.093Z,257,2
30,32,2023-08-15T22:16:23.093Z,671,12
7,3,2023-08-15T22:16:33.093Z,650,1
18,17,2023-08-15T22:16:33.093Z,613,3
33,21,2023-08-15T22:16:33.093Z,34,6
11,10,2023-08-15T22:16:43.093Z,368,8
26,27,2023-08-15T22:16:43.093Z,223,11
7,6,2023-08-15T22:16:53.093Z,32,1
25,15,2023-08-15T22:16:53.093Z,357,14
6,10,2023-08-15T22:17:03.093Z,32,8
32,25,2023-08-15T22:17:03.093Z,734,6
5,17,2023-08-15T22:17:13.093Z,650,3
10,5,2023-08-15T22:17:13.093Z,32,2
18,17,2023-08-15T22:17:13.093Z,561,3
3,9,2023-08-15T22:17:23.093Z,863,2
3,5,2023-08-15T22:17:33.093Z,221,2
9,8,2023-08-15T22:17:33.093Z,863,13
32,25,2023-08-15T22:17:33.093Z,674,6
5,20,2023-08-15T22:17:43.093Z,32,3
9,8,2023-08-15T22:17:43.093Z,619,13
34,33,2023-08-15T22:17:43.093Z,47,7
4,5,2023-08-15T22:17:53.093Z,272,2
15,12,2023-08-15T22:17:53.093Z,357,3
17,22,2023-08-15T22:17:53.093Z,650,9
29,27,2023-08-15T22:17:53.093Z,833,11
11,7,2023-08-15T22:18:03.093Z,863,8
20,26,2023-08-15T22:18:03.093Z,32,4
8,11,2023-08-15T22:17:43.093Z,863,2
25,15,2023-08-15T22:17:43.093Z,484,14
0,6,2023-08-15T22:17:53.093Z,721,1
5,13,2023-08-15T22:17:53.093Z,221,3
16,12,2023-08-15T22:17:53.093Z,613,3
23,15,2023-08-15T22:17:53.093Z,716,14
0,6,2023-08-15T22:18:03.093Z,373,1
14,20,2023-08-15T22:18:03.093Z,71,3
13,14,2023-08-15T22:18:13.093Z,564,13
14,20,2023-08-15T22:18:13.093Z,13,3
15,12,2023-08-15T22:18:13.093Z,734,3
21,22,2023-08-15T22:18:13.093Z,34,9
25,15,2023-08-15T22:18:13.093Z,674,14
26,27,2023-08-15T22:18:13.093Z,32,11
0,3,2023-08-15T22:18:23.093Z,457,1
7,6,2023-08-15T22:18:23.093Z,863,1
13,14,2023-08-15T22:18:23.093Z,318,13
14,13,2023-08-15T22:18:23.093Z,592,3
17,16,2023-08-15T22:18:23.093Z,471,9
25,15,2023-08-15T22:18:23.093Z,433,14
1,18,2023-08-15T22:18:33.093Z,49,7
3,9,2023-08-15T22:18:33.093Z,457,2
5,19,2023-08-15T22:18:33.093Z,272,3
6,7,2023-08-15T22:18:33.093Z,373,8
14,17,2023-08-15T22:18:33.093Z,368,3
19,33,2023-08-15T22:18:33.093Z,797,7
34,18,2023-08-15T22:18:33.093Z,183,7
6,10,2023-08-15T22:18:43.093Z,863,8
7,3,2023-08-15T22:18:43.093Z,373,1
12,10,2023-08-15T22:18:43.093Z,357,8
16,12,2023-08-15T22:18:43.093Z,471,3
20,35,2023-08-15T22:18:43.093Z,71,4
34,33,2023-08-15T22:18:43.093Z,170,7
3,9,2023-08-15T22:18:53.093Z,373,2
13,8,2023-08-15T22:18:53.093Z,592,13
18,17,2023-08-15T22:18:53.093Z,49,3
22,34,2023-08-15T22:18:53.093Z,212,6
10,2,2023-08-15T22:19:03.093Z,357,2
18,20,2023-08-15T22:19:03.093Z,183,3
19,33,2023-08-15T22:19:03.093Z,521,7
22,21,2023-08-15T22:19:03.093Z,753,6
33,28,2023-08-15T22:19:03.093Z,267,6
8,2,2023-08-15T22:19:13.093Z,592,2
25,15,2023-08-15T22:19:13.093Z,969,14
33,25,2023-08-15T22:19:13.093Z,696,6
34,18,2023-08-15T22:19:13.093Z,352,7
35,30,2023-08-15T22:19:13.093Z,71,10
2,1,2023-08-15T22:19:23.093Z,357,1
8,5,2023-08-15T22:19:23.093Z,543,2
12,7,2023-08-15T22:19:23.093Z,613,8
18,4,2023-08-15T22:19:33.093Z,352,3
22,25,2023-08-15T22:19:33.093Z,34,6
32,25,2023-08-15T22:19:43.093Z,71,6
34,0,2023-08-15T22:19:43.093Z,611,7
14,19,2023-08-15T22:19:23.093Z,564,3
34,33,2023-08-15T22:19:23.093Z,933,7
2,1,2023-08-15T22:19:33.093Z,592,1
12,7,2023-08-15T22:19:43.093Z,471,8
21,16,2023-08-15T22:19:43.093Z,753,9
7,6,2023-08-15T22:19:53.093Z,613,1
26,27,2023-08-15T22:19:53.093Z,183,11
33,25,2023-08-15T22:19:53.093Z,254,6
34,0,2023-08-15T22:20:03.093Z,458,7
7,1,2023-08-15T22:20:13.093Z,471,1
16,20,2023-08-15T22:20:13.093Z,753,3
17,22,2023-08-15T22:20:13.093Z,318,9
34,0,2023-08-15T22:20:13.093Z,959,7
0,3,2023-08-15T22:20:23.093Z,458,1
21,23,2023-08-15T22:19:53.093Z,545,9
1,18,2023-08-15T22:20:03.093Z,187,7
15,13,2023-08-15T22:20:03.093Z,484,3
25,15,2023-08-15T22:20:03.093Z,34,14
33,25,2023-08-15T22:20:03.093Z,47,6
6,10,2023-08-15T22:20:13.093Z,613,8
32,34,2023-08-15T22:20:23.093Z,910,6
3,2,2023-08-15T22:20:33.093Z,458,2
28,29,2023-08-15T22:20:33.093Z,170,10
33,25,2023-08-15T22:20:33.093Z,521,6
10,2,2023-08-15T22:20:43.093Z,90,2
22,25,2023-08-15T22:19:23.093Z,650,6
23,15,2023-08-15T22:19:23.093Z,216,14
33,28,2023-08-15T22:19:23.093Z,621,6
12,7,2023-08-15T22:19:33.093Z,734,8
20,26,2023-08-15T22:19:33.093Z,183,4
34,0,2023-08-15T22:20:43.093Z,539,7
30,32,2023-08-15T22:19:33.093Z,71,12
7,6,2023-08-15T22:20:23.093Z,90,1
35,29,2023-08-15T22:20:23.093Z,838,10
24,26,2023-08-15T22:20:33.093Z,545,4
30,32,2023-08-15T22:20:33.093Z,797,12
34,18,2023-08-15T22:20:33.093Z,150,7
0,3,2023-08-15T22:20:43.093Z,959,1
2,6,2023-08-15T22:20:43.093Z,458,1
15,17,2023-08-15T22:20:43.093Z,73,3
25,15,2023-08-15T22:20:53.093Z,254,14
34,0,2023-08-15T22:20:53.093Z,600,7
33,21,2023-08-15T22:19:33.093Z,545,6
14,17,2023-08-15T22:19:43.093Z,318,3
22,34,2023-08-15T22:19:43.093Z,101,6
33,21,2023-08-15T22:19:43.093Z,705,6
5,12,2023-08-15T22:19:53.093Z,543,3
12,7,2023-08-15T22:19:53.093Z,90,8
4,5,2023-08-15T22:20:03.093Z,352,2
23,24,2023-08-15T22:20:03.093Z,545,14
0,3,2023-08-15T22:20:13.093Z,611,1
21,22,2023-08-15T22:20:13.093Z,705,9
3,5,2023-08-15T22:20:23.093Z,611,2
15,19,2023-08-15T22:20:23.093Z,674,3
33,28,2023-08-15T22:20:23.093Z,170,6
5,17,2023-08-15T22:20:33.093Z,352,3
15,13,2023-08-15T22:20:33.093Z,433,3
7,6,2023-08-15T22:20:43.093Z,543,1
22,21,2023-08-15T22:20:43.093Z,318,6
6,10,2023-08-15T22:20:53.093Z,458,8
20,35,2023-08-15T22:20:53.093Z,716,4
25,15,2023-08-15T22:19:53.093Z,650,14
28,30,2023-08-15T22:19:53.093Z,621,10
34,33,2023-08-15T22:19:53.093Z,918,7
7,1,2023-08-15T22:20:03.093Z,734,1
30,32,2023-08-15T22:20:03.093Z,621,12
15,20,2023-08-15T22:20:13.093Z,716,3
33,28,2023-08-15T22:20:13.093Z,797,6
12,7,2023-08-15T22:20:23.093Z,543,8
28,30,2023-08-15T22:20:23.093Z,797,10
34,33,2023-08-15T22:20:23.093Z,347,7
6,10,2023-08-15T22:20:33.093Z,90,8
29,27,2023-08-15T22:20:33.093Z,838,11
13,8,2023-08-15T22:20:43.093Z,484,13
25,24,2023-08-15T22:20:43.093Z,71,14
13,14,2023-08-15T22:20:53.093Z,433,13
26,27,2023-08-15T22:20:53.093Z,545,11
4,11,2023-08-15T22:23:23.093Z,342,2
4,9,2023-08-15T22:23:53.093Z,205,2
7,6,2023-08-15T22:23:53.093Z,342,1
14,19,2023-08-15T22:23:53.093Z,216,3
5,13,2023-08-15T22:22:43.093Z,216,3
17,16,2023-08-15T22:22:43.093Z,484,9
15,12,2023-08-15T22:22:53.093Z,318,3
20,26,2023-08-15T22:22:53.093Z,254,4
35,29,2023-08-15T22:22:53.093Z,969,10
8,5,2023-08-15T22:23:03.093Z,600,2
10,5,2023-08-15T22:23:13.093Z,650,2
17,22,2023-08-15T22:23:13.093Z,424,9
14,19,2023-08-15T22:23:23.093Z,441,3
5,17,2023-08-15T22:23:43.093Z,650,3
18,17,2023-08-15T22:23:43.093Z,136,3
0,6,2023-08-15T22:23:53.093Z,808,1
18,12,2023-08-15T22:23:53.093Z,538,3
2,6,2023-08-15T22:24:03.093Z,92,1
0,6,2023-08-15T22:24:13.093Z,815,1
21,16,2023-08-15T22:23:03.093Z,140,9
34,33,2023-08-15T22:23:03.093Z,386,7
14,17,2023-08-15T22:23:13.093Z,187,3
26,27,2023-08-15T22:23:13.093Z,254,11
18,17,2023-08-15T22:23:23.093Z,490,3
19,33,2023-08-15T22:23:23.093Z,674,7
0,6,2023-08-15T22:23:33.093Z,669,1
11,7,2023-08-15T22:23:33.093Z,342,8
18,4,2023-08-15T22:23:33.093Z,205,3
13,14,2023-08-15T22:23:43.093Z,73,13
13,8,2023-08-15T22:23:53.093Z,420,13
16,13,2023-08-15T22:22:43.093Z,73,3
34,0,2023-08-15T22:22:53.093Z,669,7
29,27,2023-08-15T22:23:03.093Z,969,11
13,14,2023-08-15T22:23:33.093Z,216,13
34,18,2023-08-15T22:23:43.093Z,538,7
12,7,2023-08-15T22:23:53.093Z,7,8
12,7,2023-08-15T22:24:03.093Z,484,8
22,21,2023-08-15T22:22:43.093Z,420,6
0,3,2023-08-15T22:23:03.093Z,92,1
1,18,2023-08-15T22:23:13.093Z,136,7
18,4,2023-08-15T22:23:13.093Z,342,3
15,13,2023-08-15T22:23:23.093Z,420,3
8,5,2023-08-15T22:23:43.093Z,150,2
9,14,2023-08-15T22:24:03.093Z,205,13
6,10,2023-08-15T22:24:13.093Z,318,8
5,12,2023-08-15T22:24:13.093Z,150,3
3,9,2023-08-15T22:22:43.093Z,600,2
34,33,2023-08-15T22:24:13.093Z,692,7
18,12,2023-08-15T22:22:53.093Z,7,3
18,17,2023-08-15T22:23:03.093Z,217,3
34,0,2023-08-15T22:23:23.093Z,808,7
16,12,2023-08-15T22:23:43.093Z,140,3
6,10,2023-08-15T22:23:53.093Z,669,8
8,5,2023-08-15T22:24:03.093Z,420,2
10,2,2023-08-15T22:22:43.093Z,272,2
21,23,2023-08-15T22:22:53.093Z,420,9
23,15,2023-08-15T22:23:03.093Z,420,14
16,12,2023-08-15T22:23:13.093Z,484,3
13,8,2023-08-15T22:23:23.093Z,150,13
34,0,2023-08-15T22:23:33.093Z,815,7
3,9,2023-08-15T22:24:03.093Z,272,2
3,5,2023-08-15T22:24:13.093Z,48,2
12,7,2023-08-15T22:24:13.093Z,140,8
26,27,2023-08-15T22:24:13.093Z,942,11
9,8,2023-08-15T22:22:53.093Z,600,13
2,3,2023-08-15T22:23:03.093Z,272,1
5,17,2023-08-15T22:21:33.093Z,484,3
18,12,2023-08-15T22:21:33.093Z,272,3
23,15,2023-08-15T22:21:33.093Z,318,14
17,16,2023-08-15T22:21:43.093Z,433,9
29,27,2023-08-15T22:21:43.093Z,753,11
2,1,2023-08-15T22:21:53.093Z,543,1
16,20,2023-08-15T22:21:53.093Z,352,3
28,29,2023-08-15T22:22:03.093Z,409,10
29,27,2023-08-15T22:22:13.093Z,409,11
7,3,2023-08-15T22:22:23.093Z,600,1
12,10,2023-08-15T22:22:23.093Z,272,8
19,18,2023-08-15T22:21:03.093Z,272,7
35,30,2023-08-15T22:21:03.093Z,716,10
28,29,2023-08-15T22:21:13.093Z,705,10
34,33,2023-08-15T22:21:13.093Z,822,7
10,2,2023-08-15T22:21:23.093Z,543,2
0,6,2023-08-15T22:21:33.093Z,600,1
34,33,2023-08-15T22:21:33.093Z,642,7
3,5,2023-08-15T22:21:43.093Z,424,2
22,21,2023-08-15T22:21:53.093Z,73,6
19,33,2023-08-15T22:22:03.093Z,651,7
5,4,2023-08-15T22:22:13.093Z,959,3
32,34,2023-08-15T22:22:13.093Z,107,6
17,16,2023-08-15T22:21:13.093Z,352,9
11,10,2023-08-15T22:21:23.093Z,959,8
21,23,2023-08-15T22:21:23.093Z,318,9
25,24,2023-08-15T22:21:23.093Z,107,14
15,12,2023-08-15T22:21:33.093Z,650,3
26,27,2023-08-15T22:21:33.093Z,521,11
6,7,2023-08-15T22:21:43.093Z,539,8
15,20,2023-08-15T22:21:53.093Z,254,3
7,3,2023-08-15T22:22:03.093Z,539,1
3,11,2023-08-15T22:22:13.093Z,539,2
16,17,2023-08-15T22:22:13.093Z,21,3
34,18,2023-08-15T22:22:33.093Z,205,7
6,10,2023-08-15T22:21:03.093Z,543,8
22,28,2023-08-15T22:21:03.093Z,705,6
14,17,2023-08-15T22:21:13.093Z,433,3
18,13,2023-08-15T22:21:13.093Z,150,3
25,24,2023-08-15T22:21:13.093Z,521,14
0,6,2023-08-15T22:21:23.093Z,539,1
24,26,2023-08-15T22:21:23.093Z,521,4
13,14,2023-08-15T22:21:33.093Z,187,13
19,18,2023-08-15T22:21:33.093Z,217,7
4,5,2023-08-15T22:21:43.093Z,216,2
35,30,2023-08-15T22:21:53.093Z,107,10
11,10,2023-08-15T22:22:23.093Z,539,8
21,16,2023-08-15T22:21:33.093Z,21,9
24,35,2023-08-15T22:21:43.093Z,107,4
34,18,2023-08-15T22:21:43.093Z,342,7
34,33,2023-08-15T22:21:53.093Z,370,7
34,18,2023-08-15T22:22:03.093Z,490,7
6,7,2023-08-15T22:22:13.093Z,600,8
21,16,2023-08-15T22:22:13.093Z,73,9
4,9,2023-08-15T22:22:23.093Z,959,2
16,20,2023-08-15T22:22:33.093Z,433,3
1,33,2023-08-15T22:21:03.093Z,298,7
15,20,2023-08-15T22:21:03.093Z,969,3
18,13,2023-08-15T22:21:03.093Z,187,3
34,18,2023-08-15T22:21:03.093Z,7,7
15,4,2023-08-15T22:21:13.093Z,216,3
10,5,2023-08-15T22:21:33.093Z,959,2
17,22,2023-08-15T22:21:33.093Z,73,9
35,29,2023-08-15T22:21:33.093Z,753,10
30,32,2023-08-15T22:22:03.093Z,107,12
12,10,2023-08-15T22:22:13.093Z,650,8
34,0,2023-08-15T22:22:23.093Z,92,7
5,17,2023-08-15T22:22:33.093Z,424,3
20,35,2023-08-15T22:22:33.093Z,969,4
25,15,2023-08-15T23:09:23.093Z,759,14
34,33,2023-08-15T23:09:23.093Z,998,7
17,23,2023-08-15T23:09:43.093Z,307,9
28,29,2023-08-15T23:09:23.093Z,195,10
29,27,2023-08-15T23:09:23.093Z,109,11
10,2,2023-08-15T23:09:43.093Z,150,2
14,19,2023-08-15T23:09:43.093Z,564,3
6,10,2023-08-15T23:09:23.093Z,113,8
24,26,2023-08-15T23:09:23.093Z,563,4
33,25,2023-08-15T23:09:23.093Z,760,6
31,32,2023-08-15T23:09:33.093Z,204,12
33,25,2023-08-15T23:09:33.093Z,982,6
2,3,2023-08-15T22:23:13.093Z,48,1
7,6,2023-08-15T22:23:43.093Z,318,1
3,2,2023-08-15T22:23:53.093Z,92,2
17,16,2023-08-15T22:23:53.093Z,217,9
13,14,2023-08-15T22:24:03.093Z,498,13
17,22,2023-08-15T22:22:53.093Z,479,9
17,22,2023-08-15T22:23:03.093Z,21,9
12,7,2023-08-15T22:23:13.093Z,318,8
34,33,2023-08-15T22:23:13.093Z,23,7
5,17,2023-08-15T22:23:33.093Z,600,3
1,18,2023-08-15T22:24:03.093Z,979,7
17,22,2023-08-15T22:24:03.093Z,187,9
17,23,2023-08-15T22:24:13.093Z,490,9
6,10,2023-08-15T22:24:23.093Z,808,8
14,12,2023-08-15T22:24:23.093Z,73,3
17,23,2023-08-15T22:24:23.093Z,600,9
23,15,2023-08-15T22:24:23.093Z,490,14
14,17,2023-08-15T22:24:33.093Z,772,3
23,15,2023-08-15T22:24:33.093Z,600,14
10,5,2023-08-15T22:24:43.093Z,538,2
14,17,2023-08-15T22:24:43.093Z,205,3
27,34,2023-08-15T22:24:43.093Z,191,5
4,9,2023-08-15T22:24:53.093Z,48,2
6,7,2023-08-15T22:24:53.093Z,815,8
7,1,2023-08-15T22:25:03.093Z,140,1
5,17,2023-08-15T22:25:23.093Z,272,3
6,10,2023-08-15T22:25:23.093Z,7,8
14,13,2023-08-15T22:25:33.093Z,48,3
27,34,2023-08-15T22:25:33.093Z,675,5
5,19,2023-08-15T22:25:43.093Z,162,3
21,23,2023-08-15T22:25:43.093Z,187,9
4,2,2023-08-15T22:25:53.093Z,70,2
10,2,2023-08-15T22:25:53.093Z,7,2
17,22,2023-08-15T22:25:53.093Z,205,9
3,2,2023-08-15T22:24:23.093Z,211,2
12,10,2023-08-15T22:24:23.093Z,538,8
22,34,2023-08-15T22:24:23.093Z,479,6
6,10,2023-08-15T22:24:33.093Z,342,8
22,34,2023-08-15T22:24:33.093Z,21,6
5,4,2023-08-15T22:24:43.093Z,48,3
2,1,2023-08-15T22:24:53.093Z,318,1
8,5,2023-08-15T22:24:53.093Z,272,2
15,20,2023-08-15T22:24:53.093Z,490,3
27,34,2023-08-15T22:24:53.093Z,470,5
14,12,2023-08-15T22:25:03.093Z,498,3
34,18,2023-08-15T22:25:03.093Z,769,7
7,3,2023-08-15T22:25:13.093Z,815,1
34,0,2023-08-15T22:25:13.093Z,657,7
14,20,2023-08-15T22:25:23.093Z,217,3
4,2,2023-08-15T22:25:33.093Z,538,2
17,16,2023-08-15T22:25:33.093Z,772,9
12,7,2023-08-15T22:25:43.093Z,420,8
27,31,2023-08-15T22:25:43.093Z,566,5
8,5,2023-08-15T22:25:53.093Z,342,2
10,2,2023-08-15T22:24:23.093Z,318,2
27,34,2023-08-15T22:24:23.093Z,226,5
5,12,2023-08-15T22:24:33.093Z,420,3
10,2,2023-08-15T22:24:53.093Z,342,2
17,22,2023-08-15T22:24:53.093Z,650,9
17,22,2023-08-15T22:25:03.093Z,136,9
5,4,2023-08-15T22:25:13.093Z,538,3
27,31,2023-08-15T22:25:13.093Z,646,5
10,5,2023-08-15T22:25:23.093Z,162,2
18,4,2023-08-15T22:25:23.093Z,769,3
22,21,2023-08-15T22:25:23.093Z,187,6
12,7,2023-08-15T22:25:33.093Z,73,8
22,34,2023-08-15T22:25:33.093Z,650,6
4,9,2023-08-15T22:25:43.093Z,769,2
9,14,2023-08-15T22:25:43.093Z,815,13
35,30,2023-08-15T22:25:43.093Z,668,10
9,14,2023-08-15T22:25:53.093Z,769,13
14,20,2023-08-15T22:25:53.093Z,815,3
27,31,2023-08-15T22:25:53.093Z,223,5
9,8,2023-08-15T22:24:23.093Z,272,13
16,13,2023-08-15T22:24:23.093Z,217,3
29,27,2023-08-15T22:24:23.093Z,705,11
19,18,2023-08-15T22:24:33.093Z,816,7
2,1,2023-08-15T22:24:43.093Z,211,1
7,6,2023-08-15T22:24:43.093Z,7,1
7,1,2023-08-15T22:24:53.093Z,484,1
13,14,2023-08-15T22:24:53.093Z,217,13
18,12,2023-08-15T22:24:53.093Z,979,3
9,14,2023-08-15T22:25:03.093Z,48,13
18,17,2023-08-15T22:25:03.093Z,816,3
2,3,2023-08-15T22:25:13.093Z,342,1
22,25,2023-08-15T22:25:13.093Z,424,6
3,9,2023-08-15T22:25:23.093Z,342,2
3,9,2023-08-15T22:25:33.093Z,815,2
9,8,2023-08-15T22:25:33.093Z,342,13
31,32,2023-08-15T22:25:33.093Z,646,12
15,20,2023-08-15T22:25:43.093Z,600,3
32,21,2023-08-15T22:25:43.093Z,646,6
12,7,2023-08-15T22:25:53.093Z,759,8
2,1,2023-08-15T22:26:03.093Z,70,1
8,2,2023-08-15T22:26:03.093Z,929,2
21,22,2023-08-15T22:26:03.093Z,646,9
5,17,2023-08-15T22:26:13.093Z,342,3
32,34,2023-08-15T22:26:13.093Z,668,6
17,16,2023-08-15T22:26:23.093Z,272,9
7,6,2023-08-15T22:26:33.093Z,979,1
27,31,2023-08-15T22:26:33.093Z,833,5
27,34,2023-08-15T22:26:43.093Z,32,5
27,31,2023-08-15T22:26:53.093Z,183,5
27,31,2023-08-15T22:27:03.093Z,838,5
6,7,2023-08-15T22:27:13.093Z,929,8
32,34,2023-08-15T22:27:13.093Z,223,6
26,27,2023-08-15T22:27:23.093Z,75,11
35,30,2023-08-15T22:27:23.093Z,187,10
15,20,2023-08-15T22:27:33.093Z,424,3
32,21,2023-08-15T22:27:33.093Z,833,6
7,3,2023-08-15T22:26:03.093Z,73,1
17,16,2023-08-15T22:26:03.093Z,816,9
2,3,2023-08-15T22:26:13.093Z,7,1
27,31,2023-08-15T22:26:13.093Z,850,5
8,11,2023-08-15T22:26:23.093Z,48,2
3,5,2023-08-15T22:26:33.093Z,73,2
17,22,2023-08-15T22:26:33.093Z,342,9
7,1,2023-08-15T22:26:43.093Z,498,1
7,1,2023-08-15T22:26:53.093Z,48,1
24,35,2023-08-15T22:27:03.093Z,187,4
3,5,2023-08-15T22:27:13.093Z,526,2
31,32,2023-08-15T22:27:13.093Z,850,12
16,13,2023-08-15T22:27:23.093Z,816,3
32,34,2023-08-15T22:27:23.093Z,850,6
6,10,2023-08-15T22:27:33.093Z,979,8
30,32,2023-08-15T22:27:33.093Z,187,12
13,8,2023-08-15T22:26:03.093Z,48,13
30,32,2023-08-15T22:26:03.093Z,668,12
12,7,2023-08-15T22:26:13.093Z,498,8
7,1,2023-08-15T22:26:23.093Z,759,1
27,34,2023-08-15T22:26:23.093Z,133,5
14,17,2023-08-15T22:26:33.093Z,769,3
3,5,2023-08-15T22:26:43.093Z,7,2
6,7,2023-08-15T22:26:53.093Z,657,8
19,18,2023-08-15T22:27:03.093Z,679,7
1,0,2023-08-15T22:27:13.093Z,284,7
17,16,2023-08-15T22:27:13.093Z,769,9
5,4,2023-08-15T22:27:23.093Z,73,3
31,32,2023-08-15T22:27:23.093Z,833,12
4,9,2023-08-15T22:27:33.093Z,73,2
18,4,2023-08-15T22:27:33.093Z,679,3
0,6,2023-08-15T22:26:03.093Z,657,1
12,7,2023-08-15T22:26:03.093Z,979,8
25,15,2023-08-15T22:26:03.093Z,424,14
7,1,2023-08-15T22:26:13.093Z,420,1
2,6,2023-08-15T22:26:23.093Z,929,1
23,24,2023-08-15T22:26:23.093Z,187,14
11,7,2023-08-15T22:26:33.093Z,48,8
34,0,2023-08-15T22:26:33.093Z,526,7
0,3,2023-08-15T22:26:53.093Z,526,1
1,0,2023-08-15T22:27:03.093Z,325,7
31,32,2023-08-15T22:27:03.093Z,223,12
16,20,2023-08-15T22:27:13.093Z,772,3
34,33,2023-08-15T22:27:13.093Z,992,7
27,31,2023-08-15T22:27:23.093Z,545,5
1,0,2023-08-15T22:27:33.093Z,206,7
16,4,2023-08-15T22:27:33.093Z,272,3
6,7,2023-08-15T22:27:43.093Z,721,8
32,25,2023-08-15T22:27:43.093Z,187,6
13,14,2023-08-15T22:27:43.093Z,816,13
10,9,2023-08-15T22:27:53.093Z,979,2
22,25,2023-08-15T22:27:53.093Z,646,6
7,3,2023-08-15T22:28:03.093Z,929,1
9,8,2023-08-15T22:28:03.093Z,979,13
22,28,2023-08-15T22:28:03.093Z,342,6
4,5,2023-08-15T22:28:13.093Z,679,2
21,23,2023-08-15T22:28:13.093Z,838,9
27,34,2023-08-15T22:28:13.093Z,753,5
34,33,2023-08-15T22:28:13.093Z,198,7
3,5,2023-08-15T22:28:23.093Z,929,2
5,20,2023-08-15T22:28:23.093Z,7,3
8,5,2023-08-15T22:28:23.093Z,979,2
23,15,2023-08-15T22:28:23.093Z,838,14
27,34,2023-08-15T22:28:23.093Z,409,5
34,33,2023-08-15T22:28:23.093Z,774,7
1,33,2023-08-15T22:28:33.093Z,938,7
5,12,2023-08-15T22:28:33.093Z,526,3
25,15,2023-08-15T22:28:33.093Z,646,14
31,32,2023-08-15T22:28:33.093Z,545,12
5,13,2023-08-15T22:28:43.093Z,679,3
11,10,2023-08-15T22:28:43.093Z,73,8
31,32,2023-08-15T22:28:43.093Z,521,12
33,21,2023-08-15T22:28:43.093Z,933,6
6,10,2023-08-15T22:28:53.093Z,206,8
15,17,2023-08-15T22:28:53.093Z,838,3
34,33,2023-08-15T22:28:53.093Z,215,7
10,2,2023-08-15T22:29:03.093Z,73,2
12,7,2023-08-15T22:29:03.093Z,29,8
18,17,2023-08-15T22:29:03.093Z,309,3
34,18,2023-08-15T22:29:03.093Z,934,7
3,11,2023-08-15T22:29:13.093Z,284,2
11,10,2023-08-15T22:29:13.093Z,816,8
29,27,2023-08-15T22:29:13.093Z,91,11
1,18,2023-08-15T22:27:43.093Z,741,7
9,8,2023-08-15T22:27:43.093Z,73,13
31,32,2023-08-15T22:27:43.093Z,838,12
34,33,2023-08-15T22:27:43.093Z,195,7
14,4,2023-08-15T22:27:53.093Z,816,3
32,21,2023-08-15T22:27:53.093Z,838,6
8,11,2023-08-15T22:28:03.093Z,73,2
21,22,2023-08-15T22:28:03.093Z,833,9
27,31,2023-08-15T22:28:03.093Z,521,5
18,4,2023-08-15T22:28:13.093Z,741,3
22,34,2023-08-15T22:28:13.093Z,833,6
28,30,2023-08-15T22:28:13.093Z,342,10
0,6,2023-08-15T22:28:23.093Z,325,1
4,9,2023-08-15T22:28:23.093Z,816,2
7,1,2023-08-15T22:28:23.093Z,721,1
16,17,2023-08-15T22:28:23.093Z,485,3
25,15,2023-08-15T22:28:23.093Z,187,14
30,32,2023-08-15T22:28:23.093Z,342,12
0,3,2023-08-15T22:28:33.093Z,284,1
4,11,2023-08-15T22:28:33.093Z,741,2
9,8,2023-08-15T22:28:33.093Z,816,13
27,34,2023-08-15T22:28:33.093Z,969,5
0,6,2023-08-15T22:28:43.093Z,206,1
6,10,2023-08-15T22:28:43.093Z,325,8
27,31,2023-08-15T22:28:43.093Z,254,5
32,25,2023-08-15T22:28:43.093Z,545,6
34,18,2023-08-15T22:28:43.093Z,309,7
10,11,2023-08-15T22:28:53.093Z,325,2
33,28,2023-08-15T22:28:53.093Z,918,6
8,11,2023-08-15T22:29:03.093Z,816,2
11,7,2023-08-15T22:29:03.093Z,325,8
13,8,2023-08-15T22:29:03.093Z,679,13
25,15,2023-08-15T22:29:03.093Z,545,14
2,1,2023-08-15T22:29:13.093Z,73,1
10,9,2023-08-15T22:29:13.093Z,206,2
27,34,2023-08-15T22:29:13.093Z,942,5
34,0,2023-08-15T22:29:13.093Z,551,7
13,14,2023-08-15T22:29:23.093Z,299,13
22,34,2023-08-15T22:29:23.093Z,205,6
1,0,2023-08-15T22:29:33.093Z,955,7
9,14,2023-08-15T22:29:33.093Z,679,13
18,17,2023-08-15T22:29:43.093Z,881,3
0,3,2023-08-15T22:30:03.093Z,551,1
8,9,2023-08-15T22:29:23.093Z,679,2
10,2,2023-08-15T22:29:23.093Z,816,2
14,13,2023-08-15T22:29:33.093Z,206,3
33,21,2023-08-15T22:29:33.093Z,347,6
1,0,2023-08-15T22:29:43.093Z,745,7
22,25,2023-08-15T22:29:43.093Z,829,6
13,8,2023-08-15T22:29:53.093Z,206,13
27,34,2023-08-15T22:29:53.093Z,91,5
34,18,2023-08-15T22:29:53.093Z,565,7
1,33,2023-08-15T22:30:03.093Z,917,7
8,2,2023-08-15T22:30:03.093Z,206,2
34,18,2023-08-15T22:30:03.093Z,46,7
17,22,2023-08-15T22:30:13.093Z,485,9
33,21,2023-08-15T22:30:13.093Z,642,6
5,17,2023-08-15T22:30:23.093Z,973,3
17,22,2023-08-15T22:30:23.093Z,838,9
25,15,2023-08-15T22:30:23.093Z,829,14
3,5,2023-08-15T22:30:33.093Z,551,2
20,26,2023-08-15T22:30:33.093Z,490,4
33,25,2023-08-15T22:30:33.093Z,370,6
17,23,2023-08-15T22:30:43.093Z,309,9
32,34,2023-08-15T22:30:43.093Z,75,6
22,34,2023-08-15T22:30:53.093Z,485,6
27,31,2023-08-15T22:30:53.093Z,298,5
9,14,2023-08-15T22:29:23.093Z,206,13
18,17,2023-08-15T22:29:23.093Z,934,3
2,6,2023-08-15T22:29:33.093Z,816,1
27,34,2023-08-15T22:29:33.093Z,705,5
5,17,2023-08-15T22:29:43.093Z,929,3
27,31,2023-08-15T22:29:43.093Z,75,5
33,28,2023-08-15T22:29:53.093Z,298,6
18,4,2023-08-15T22:30:03.093Z,565,3
28,29,2023-08-15T22:30:03.093Z,298,10
0,6,2023-08-15T22:30:13.093Z,955,1
5,17,2023-08-15T22:30:13.093Z,539,3
20,35,2023-08-15T22:30:13.093Z,433,4
34,18,2023-08-15T22:30:13.093Z,798,7
30,32,2023-08-15T22:30:23.093Z,286,12
34,0,2023-08-15T22:30:23.093Z,828,7
26,27,2023-08-15T22:30:33.093Z,301,11
0,6,2023-08-15T22:30:43.093Z,828,1
29,27,2023-08-15T22:30:43.093Z,433,11
20,26,2023-08-15T22:30:53.093Z,600,4
32,21,2023-08-15T22:30:53.093Z,726,6
7,1,2023-08-15T22:30:03.093Z,29,1
19,33,2023-08-15T22:30:03.093Z,713,7
4,5,2023-08-15T22:30:13.093Z,565,2
29,27,2023-08-15T22:30:13.093Z,298,11
0,3,2023-08-15T22:30:23.093Z,745,1
7,1,2023-08-15T22:30:23.093Z,284,1
21,16,2023-08-15T22:30:23.093Z,347,9
35,30,2023-08-15T22:30:23.093Z,352,10
16,4,2023-08-15T22:30:33.093Z,933,3
31,32,2023-08-15T22:30:33.093Z,726,12
35,29,2023-08-15T22:30:33.093Z,433,10
18,4,2023-08-15T22:30:43.093Z,46,3
6,10,2023-08-15T22:30:53.093Z,828,8
23,15,2023-08-15T22:30:53.093Z,309,14
33,28,2023-08-15T22:30:53.093Z,386,6
11,7,2023-08-15T22:29:23.093Z,284,8
32,21,2023-08-15T22:29:23.093Z,521,6
10,5,2023-08-15T22:29:33.093Z,539,2
34,18,2023-08-15T22:29:33.093Z,881,7
21,16,2023-08-15T22:29:43.093Z,933,9
20,35,2023-08-15T22:29:53.093Z,352,4
5,17,2023-08-15T22:30:03.093Z,979,3
21,23,2023-08-15T22:30:03.093Z,521,9
33,28,2023-08-15T22:30:03.093Z,822,6
2,3,2023-08-15T22:30:13.093Z,206,1
7,7,2023-08-15T22:30:13.093Z,284,1
23,15,2023-08-15T22:30:13.093Z,521,14
20,26,2023-08-15T22:30:23.093Z,301,4
31,32,2023-08-15T22:30:23.093Z,75,12
5,20,2023-08-15T22:30:33.093Z,565,3
32,34,2023-08-15T22:30:33.093Z,286,6
20,35,2023-08-15T22:30:43.093Z,217,4
33,25,2023-08-15T22:30:43.093Z,651,6
26,27,2023-08-15T22:30:53.093Z,490,11
17,23,2023-08-15T22:31:03.093Z,368,9
22,34,2023-08-15T22:31:03.093Z,838,6
34,0,2023-08-15T22:31:03.093Z,402,7
20,26,2023-08-15T22:31:13.093Z,772,4
25,24,2023-08-15T22:31:13.093Z,370,14
31,32,2023-08-15T22:31:13.093Z,298,12
35,30,2023-08-15T22:31:23.093Z,217,10
15,12,2023-08-15T22:31:33.093Z,309,3
33,25,2023-08-15T22:31:33.093Z,692,6
26,27,2023-08-15T22:31:43.093Z,772,11
1,18,2023-08-15T22:31:53.093Z,730,7
6,10,2023-08-15T22:31:53.093Z,402,8
22,25,2023-08-15T22:31:53.093Z,23,6
29,27,2023-08-15T22:31:53.093Z,424,11
30,32,2023-08-15T22:31:53.093Z,815,12
1,33,2023-08-15T22:32:03.093Z,494,7
6,10,2023-08-15T22:32:03.093Z,894,8
8,11,2023-08-15T22:32:03.093Z,828,2
12,10,2023-08-15T22:32:03.093Z,309,8
17,16,2023-08-15T22:32:03.093Z,973,9
3,9,2023-08-15T22:31:03.093Z,94,2
17,16,2023-08-15T22:31:13.093Z,934,9
34,0,2023-08-15T22:31:13.093Z,894,7
14,20,2023-08-15T22:31:23.093Z,299,3
20,35,2023-08-15T22:31:23.093Z,424,4
25,24,2023-08-15T22:31:23.093Z,651,14
27,31,2023-08-15T22:31:23.093Z,301,5
1,18,2023-08-15T22:31:33.093Z,420,7
13,14,2023-08-15T22:31:33.093Z,829,13
21,16,2023-08-15T22:31:33.093Z,726,9
27,31,2023-08-15T22:31:33.093Z,433,5
35,30,2023-08-15T22:31:33.093Z,815,10
1,33,2023-08-15T22:31:43.093Z,343,7
20,26,2023-08-15T22:31:43.093Z,565,4
35,29,2023-08-15T22:31:43.093Z,424,10
14,4,2023-08-15T22:31:53.093Z,632,3
27,31,2023-08-15T22:31:53.093Z,490,5
32,25,2023-08-15T22:31:53.093Z,217,6
33,21,2023-08-15T22:31:53.093Z,195,6
26,27,2023-08-15T22:32:03.093Z,431,11
27,31,2023-08-15T22:32:03.093Z,600,5
34,33,2023-08-15T22:32:03.093Z,147,7
4,11,2023-08-15T22:32:13.093Z,933,2
15,13,2023-08-15T22:32:13.093Z,298,3
16,13,2023-08-15T22:32:13.093Z,347,3
18,17,2023-08-15T22:32:13.093Z,730,3
22,21,2023-08-15T22:32:13.093Z,539,6
35,29,2023-08-15T22:32:13.093Z,7,10
4,11,2023-08-15T22:32:23.093Z,46,2
10,11,2023-08-15T22:32:23.093Z,894,2
11,7,2023-08-15T22:32:23.093Z,402,8
13,14,2023-08-15T22:32:23.093Z,94,13
18,12,2023-08-15T22:32:23.093Z,524,3
19,18,2023-08-15T22:32:23.093Z,132,7
28,30,2023-08-15T22:32:23.093Z,198,10
34,33,2023-08-15T22:32:23.093Z,724,7
4,2,2023-08-15T22:32:33.093Z,798,2
14,19,2023-08-15T22:32:33.093Z,829,3
16,13,2023-08-15T22:32:33.093Z,929,3
31,32,2023-08-15T22:32:33.093Z,433,12
32,34,2023-08-15T22:32:33.093Z,301,6
33,21,2023-08-15T22:32:33.093Z,938,6
34,18,2023-08-15T22:32:33.093Z,939,7
10,9,2023-08-15T22:31:03.093Z,828,2
20,35,2023-08-15T22:31:03.093Z,815,4
33,21,2023-08-15T22:31:03.093Z,23,6
15,13,2023-08-15T22:31:13.093Z,829,3
18,4,2023-08-15T22:31:13.093Z,798,3
23,15,2023-08-15T22:31:13.093Z,368,14
28,30,2023-08-15T22:31:13.093Z,386,10
33,25,2023-08-15T22:31:13.093Z,674,6
9,8,2023-08-15T22:31:23.093Z,94,13
17,16,2023-08-15T22:31:23.093Z,929,9
24,26,2023-08-15T22:31:23.093Z,370,4
26,27,2023-08-15T22:31:23.093Z,600,11
32,25,2023-08-15T22:31:23.093Z,298,6
0,6,2023-08-15T22:31:33.093Z,402,1
9,8,2023-08-15T22:31:33.093Z,828,13
14,12,2023-08-15T22:31:33.093Z,679,3
20,35,2023-08-15T22:31:33.093Z,7,4
24,26,2023-08-15T22:31:33.093Z,651,4
30,32,2023-08-15T22:31:33.093Z,386,12
0,6,2023-08-15T22:31:43.093Z,894,1
5,17,2023-08-15T22:31:43.093Z,551,3
17,16,2023-08-15T22:31:43.093Z,979,9
18,17,2023-08-15T22:31:43.093Z,420,3
21,22,2023-08-15T22:31:43.093Z,23,9
25,24,2023-08-15T22:31:43.093Z,674,14
30,32,2023-08-15T22:31:43.093Z,217,12
32,21,2023-08-15T22:31:43.093Z,386,6
33,21,2023-08-15T22:31:43.093Z,992,6
8,5,2023-08-15T22:31:53.093Z,94,2
12,10,2023-08-15T22:31:53.093Z,679,8
15,19,2023-08-15T22:31:53.093Z,368,3
17,22,2023-08-15T22:31:53.093Z,539,9
21,22,2023-08-15T22:31:53.093Z,386,9
25,15,2023-08-15T22:31:53.093Z,298,14
26,27,2023-08-15T22:31:53.093Z,370,11
5,13,2023-08-15T22:32:03.093Z,94,3
10,11,2023-08-15T22:32:03.093Z,402,2
21,22,2023-08-15T22:32:03.093Z,992,9
25,24,2023-08-15T22:32:03.093Z,692,14
32,21,2023-08-15T22:32:03.093Z,815,6
8,9,2023-08-15T22:32:13.093Z,760,2
12,7,2023-08-15T22:32:13.093Z,522,8
17,22,2023-08-15T22:32:13.093Z,672,9
33,28,2023-08-15T22:32:13.093Z,198,6
34,18,2023-08-15T22:32:13.093Z,524,7
9,14,2023-08-15T22:32:23.093Z,760,13
15,17,2023-08-15T22:32:23.093Z,488,3
16,4,2023-08-15T22:32:23.093Z,934,3
20,26,2023-08-15T22:32:23.093Z,299,4
27,31,2023-08-15T22:32:23.093Z,772,5
31,32,2023-08-15T22:32:23.093Z,301,12
33,25,2023-08-15T22:32:23.093Z,774,6
7,1,2023-08-15T22:32:33.093Z,522,1
13,8,2023-08-15T22:32:33.093Z,298,13
22,25,2023-08-15T22:32:33.093Z,386,6
24,35,2023-08-15T22:32:33.093Z,692,4
25,24,2023-08-15T22:32:33.093Z,23,14
29,27,2023-08-15T22:32:33.093Z,7,11
2,3,2023-08-15T22:32:43.093Z,798,1
14,4,2023-08-15T22:32:43.093Z,760,3
22,28,2023-08-15T22:32:43.093Z,992,6
34,33,2023-08-15T22:32:43.093Z,941,7
14,20,2023-08-15T22:32:53.093Z,94,3
28,29,2023-08-15T22:32:53.093Z,992,10
1,18,2023-08-15T22:33:03.093Z,211,7
12,10,2023-08-15T22:33:03.093Z,524,8
25,15,2023-08-15T22:33:03.093Z,386,14
4,11,2023-08-15T22:33:13.093Z,760,2
16,12,2023-08-15T22:33:13.093Z,973,3
29,27,2023-08-15T22:33:13.093Z,412,11
8,5,2023-08-15T22:32:43.093Z,298,2
17,23,2023-08-15T22:32:43.093Z,551,9
25,15,2023-08-15T22:32:43.093Z,217,14
4,5,2023-08-15T22:32:53.093Z,632,2
17,22,2023-08-15T22:32:53.093Z,420,9
33,21,2023-08-15T22:32:53.093Z,215,6
7,1,2023-08-15T22:33:03.093Z,362,1
21,16,2023-08-15T22:33:03.093Z,195,9
32,25,2023-08-15T22:33:03.093Z,490,6
10,2,2023-08-15T22:33:13.093Z,524,2
21,16,2023-08-15T22:33:13.093Z,815,9
31,32,2023-08-15T22:33:13.093Z,772,12
34,18,2023-08-15T22:33:13.093Z,332,7
11,7,2023-08-15T22:33:23.093Z,257,8
16,16,2023-08-15T22:33:23.093Z,730,3
25,24,2023-08-15T22:33:23.093Z,490,14
32,34,2023-08-15T22:33:23.093Z,455,6
35,29,2023-08-15T22:33:23.093Z,587,10
7,3,2023-08-15T22:33:33.093Z,894,1
11,7,2023-08-15T22:33:33.093Z,309,8
22,34,2023-08-15T22:33:33.093Z,672,6
32,34,2023-08-15T22:33:33.093Z,772,6
34,18,2023-08-15T22:33:33.093Z,247,7
3,9,2023-08-15T22:33:43.093Z,524,2
7,1,2023-08-15T22:33:43.093Z,325,1
15,12,2023-08-15T22:33:43.093Z,217,3
18,17,2023-08-15T22:33:43.093Z,939,3
23,15,2023-08-15T22:33:43.093Z,938,14
33,28,2023-08-15T22:33:43.093Z,343,6
13,14,2023-08-15T22:33:53.093Z,929,13
17,23,2023-08-15T22:33:53.093Z,726,9
21,16,2023-08-15T22:33:53.093Z,215,9
33,25,2023-08-15T22:33:53.093Z,494,6
3,5,2023-08-15T22:34:03.093Z,894,2
7,1,2023-08-15T22:34:03.093Z,257,1
17,22,2023-08-15T22:34:03.093Z,132,9
20,35,2023-08-15T22:34:03.093Z,632,4
25,15,2023-08-15T22:34:03.093Z,494,14
33,25,2023-08-15T22:34:03.093Z,147,6
5,20,2023-08-15T22:34:13.093Z,798,3
12,10,2023-08-15T22:34:13.093Z,217,8
17,22,2023-08-15T22:34:13.093Z,939,9
21,16,2023-08-15T22:34:13.093Z,713,9
26,27,2023-08-15T22:34:13.093Z,299,11
7,3,2023-08-15T22:32:43.093Z,402,1
10,11,2023-08-15T22:32:43.093Z,309,2
16,17,2023-08-15T22:32:43.093Z,726,3
18,17,2023-08-15T22:32:43.093Z,132,3
24,35,2023-08-15T22:32:43.093Z,587,4
31,32,2023-08-15T22:32:43.093Z,490,12
3,9,2023-08-15T22:32:53.093Z,798,2
5,12,2023-08-15T22:32:53.093Z,298,3
16,4,2023-08-15T22:32:53.093Z,979,3
25,24,2023-08-15T22:32:53.093Z,774,14
32,21,2023-08-15T22:32:53.093Z,433,6
34,34,2023-08-15T22:32:53.093Z,700,7
4,5,2023-08-15T22:33:03.093Z,934,2
9,8,2023-08-15T22:33:03.093Z,798,13
17,16,2023-08-15T22:33:03.093Z,730,9
22,34,2023-08-15T22:33:03.093Z,62,6
29,27,2023-08-15T22:33:03.093Z,992,11
35,30,2023-08-15T22:33:03.093Z,692,10
8,5,2023-08-15T22:33:13.093Z,798,2
11,7,2023-08-15T22:33:13.093Z,894,8
20,26,2023-08-15T22:33:13.093Z,94,4
24,26,2023-08-15T22:33:13.093Z,23,4
30,32,2023-08-15T22:33:13.093Z,455,12
33,21,2023-08-15T22:33:13.093Z,917,6
2,3,2023-08-15T22:33:23.093Z,524,1
12,10,2023-08-15T22:33:23.093Z,298,8
21,16,2023-08-15T22:33:23.093Z,539,9
30,32,2023-08-15T22:33:23.093Z,692,12
34,33,2023-08-15T22:33:23.093Z,103,7
1,33,2023-08-15T22:33:33.093Z,357,7
10,11,2023-08-15T22:33:33.093Z,298,2
21,23,2023-08-15T22:33:33.093Z,938,9
29,27,2023-08-15T22:33:33.093Z,587,11
33,21,2023-08-15T22:33:33.093Z,713,6
1,18,2023-08-15T22:33:43.093Z,606,7
5,20,2023-08-15T22:33:43.093Z,632,3
11,7,2023-08-15T22:33:43.093Z,760,8
17,16,2023-08-15T22:33:43.093Z,488,9
21,22,2023-08-15T22:33:43.093Z,433,9
32,21,2023-08-15T22:33:43.093Z,692,6
11,7,2023-08-15T22:33:53.093Z,298,8
15,20,2023-08-15T22:33:53.093Z,386,3
18,12,2023-08-15T22:33:53.093Z,211,3
22,34,2023-08-15T22:33:53.093Z,433,6
34,33,2023-08-15T22:33:53.093Z,926,7
5,12,2023-08-15T22:34:03.093Z,934,3
12,7,2023-08-15T22:34:03.093Z,973,8
18,13,2023-08-15T22:34:03.093Z,332,3
21,23,2023-08-15T22:34:03.093Z,917,9
28,30,2023-08-15T22:34:03.093Z,343,10
34,0,2023-08-15T22:34:03.093Z,358,7
7,3,2023-08-15T22:34:13.093Z,309,1
14,19,2023-08-15T22:34:13.093Z,929,3
18,17,2023-08-15T22:34:13.093Z,247,3
23,15,2023-08-15T22:34:13.093Z,726,14
33,21,2023-08-15T22:34:13.093Z,724,6
5,4,2023-08-15T22:34:23.093Z,894,3
12,7,2023-08-15T22:34:23.093Z,211,8
16,20,2023-08-15T22:34:23.093Z,539,3
22,28,2023-08-15T22:34:23.093Z,132,6
30,32,2023-08-15T22:34:23.093Z,343,12
3,5,2023-08-15T22:34:33.093Z,309,2
8,5,2023-08-15T22:34:33.093Z,332,2
18,4,2023-08-15T22:34:33.093Z,606,3
26,27,2023-08-15T22:34:33.093Z,94,11
33,25,2023-08-15T22:34:33.093Z,941,6
3,2,2023-08-15T22:34:43.093Z,298,2
16,12,2023-08-15T22:34:43.093Z,488,3
24,35,2023-08-15T22:34:43.093Z,147,4
28,30,2023-08-15T22:34:43.093Z,132,10
34,33,2023-08-15T22:34:43.093Z,31,7
4,11,2023-08-15T22:34:53.093Z,606,2
20,35,2023-08-15T22:34:53.093Z,798,4
31,32,2023-08-15T22:34:53.093Z,909,12
34,18,2023-08-15T22:34:53.093Z,785,7
7,3,2023-08-15T22:35:03.093Z,211,1
7,1,2023-08-15T22:34:23.093Z,760,1
13,8,2023-08-15T22:34:23.093Z,332,13
21,22,2023-08-15T22:34:23.093Z,692,9
23,15,2023-08-15T22:34:23.093Z,917,14
35,29,2023-08-15T22:34:23.093Z,632,10
7,3,2023-08-15T22:34:33.093Z,298,1
16,17,2023-08-15T22:34:33.093Z,730,3
25,24,2023-08-15T22:34:33.093Z,147,14
32,21,2023-08-15T22:34:33.093Z,343,6
34,0,2023-08-15T22:34:33.093Z,525,7
7,1,2023-08-15T22:34:43.093Z,973,1
22,25,2023-08-15T22:34:43.093Z,939,6
26,27,2023-08-15T22:34:43.093Z,23,11
29,27,2023-08-15T22:34:43.093Z,632,11
0,3,2023-08-15T22:34:53.093Z,358,1
15,13,2023-08-15T22:34:53.093Z,938,3
21,23,2023-08-15T22:34:53.093Z,724,9
33,25,2023-08-15T22:34:53.093Z,103,6
5,20,2023-08-15T22:35:03.093Z,309,3
11,10,2023-08-15T22:35:03.093Z,606,8
12,7,2023-08-15T22:35:03.093Z,934,8
13,8,2023-08-15T22:35:03.093Z,938,13
18,17,2023-08-15T22:35:03.093Z,785,3
19,33,2023-08-15T22:35:03.093Z,564,7
20,35,2023-08-15T22:35:03.093Z,539,4
21,23,2023-08-15T22:35:03.093Z,343,9
23,15,2023-08-15T22:35:03.093Z,724,14
30,32,2023-08-15T22:35:03.093Z,132,12
32,34,2023-08-15T22:35:03.093Z,909,6
0,6,2023-08-15T22:35:13.093Z,525,1
3,11,2023-08-15T22:35:13.093Z,358,2
10,5,2023-08-15T22:35:13.093Z,606,2
11,7,2023-08-15T22:35:13.093Z,46,8
12,10,2023-08-15T22:35:13.093Z,488,8
32,25,2023-08-15T22:35:13.093Z,132,6
34,18,2023-08-15T22:35:13.093Z,614,7
35,29,2023-08-15T22:35:13.093Z,798,10
5,17,2023-08-15T22:35:23.093Z,606,3
7,6,2023-08-15T22:35:23.093Z,934,1
10,11,2023-08-15T22:35:23.093Z,488,2
11,7,2023-08-15T22:35:23.093Z,358,8
15,17,2023-08-15T22:35:23.093Z,494,3
17,16,2023-08-15T22:35:23.093Z,247,9
26,27,2023-08-15T22:35:23.093Z,598,11
34,33,2023-08-15T22:35:23.093Z,952,7
35,29,2023-08-15T22:35:23.093Z,539,10
20,35,2023-08-15T22:35:33.093Z,309,4
29,27,2023-08-15T22:35:33.093Z,798,11
34,18,2023-08-15T22:35:33.093Z,410,7
11,7,2023-08-15T22:35:43.093Z,488,8
17,23,2023-08-15T22:35:43.093Z,730,9
29,27,2023-08-15T22:35:43.093Z,709,11
6,10,2023-08-15T22:35:53.093Z,525,8
7,1,2023-08-15T22:35:53.093Z,46,1
17,16,2023-08-15T22:35:53.093Z,785,9
23,15,2023-08-15T22:35:53.093Z,730,14
25,24,2023-08-15T22:35:53.093Z,941,14
29,27,2023-08-15T22:35:53.093Z,539,11
34,0,2023-08-15T22:35:53.093Z,869,7
7,6,2023-08-15T22:36:03.093Z,358,1
12,7,2023-08-15T22:36:03.093Z,150,8
35,30,2023-08-15T22:36:03.093Z,309,10
15,4,2023-08-15T22:36:13.093Z,917,3
24,35,2023-08-15T22:36:13.093Z,941,4
6,10,2023-08-15T22:36:23.093Z,358,8
22,28,2023-08-15T22:36:23.093Z,494,6
7,3,2023-08-15T22:36:33.093Z,488,1
28,30,2023-08-15T22:36:33.093Z,494,10
5,13,2023-08-15T22:36:43.093Z,938,3
19,0,2023-08-15T22:36:43.093Z,699,7
0,6,2023-08-15T22:36:53.093Z,929,1
11,7,2023-08-15T22:36:53.093Z,917,8
32,25,2023-08-15T22:36:53.093Z,309,6
34,33,2023-08-15T22:37:03.093Z,811,7
12,7,2023-08-15T22:37:13.093Z,260,8
33,25,2023-08-15T22:37:13.093Z,357,6
16,20,2023-08-15T22:37:23.093Z,420,3
34,0,2023-08-15T22:37:23.093Z,446,7
32,21,2023-08-15T22:37:33.093Z,247,6
6,10,2023-08-15T22:36:03.093Z,934,8
15,12,2023-08-15T22:36:03.093Z,726,3
8,5,2023-08-15T22:36:13.093Z,938,2
17,22,2023-08-15T22:36:13.093Z,494,9
25,15,2023-08-15T22:36:13.093Z,423,14
11,7,2023-08-15T22:36:23.093Z,748,8
25,24,2023-08-15T22:36:23.093Z,103,14
10,5,2023-08-15T22:36:33.093Z,358,2
30,32,2023-08-15T22:36:33.093Z,309,12
7,1,2023-08-15T22:36:43.093Z,150,1
20,35,2023-08-15T22:36:43.093Z,247,4
3,2,2023-08-15T22:36:53.093Z,488,2
12,7,2023-08-15T22:36:53.093Z,526,8
34,18,2023-08-15T22:36:53.093Z,537,7
16,20,2023-08-15T22:36:03.093Z,247,3
10,5,2023-08-15T22:36:13.093Z,863,2
18,20,2023-08-15T22:36:13.093Z,614,3
34,18,2023-08-15T22:36:13.093Z,974,7
18,4,2023-08-15T22:36:23.093Z,410,3
4,11,2023-08-15T22:36:33.093Z,917,2
24,26,2023-08-15T22:36:33.093Z,103,4
35,30,2023-08-15T22:36:33.093Z,941,10
12,7,2023-08-15T22:36:43.093Z,726,8
30,32,2023-08-15T22:36:43.093Z,494,12
5,19,2023-08-15T22:36:53.093Z,863,3
20,26,2023-08-15T22:36:53.093Z,614,4
7,3,2023-08-15T22:37:03.093Z,748,1
7,3,2023-08-15T22:37:13.093Z,869,1
19,33,2023-08-15T22:37:13.093Z,368,7
7,1,2023-08-15T22:37:23.093Z,726,1
25,15,2023-08-15T22:37:23.093Z,872,14
10,9,2023-08-15T22:37:33.093Z,410,2
34,18,2023-08-15T22:37:33.093Z,686,7
10,11,2023-08-15T22:36:03.093Z,525,2
22,21,2023-08-15T22:36:03.093Z,420,6
11,7,2023-08-15T22:36:13.093Z,525,8
19,0,2023-08-15T22:36:13.093Z,929,7
0,6,2023-08-15T22:36:23.093Z,869,1
21,16,2023-08-15T22:36:23.093Z,420,9
6,7,2023-08-15T22:36:33.093Z,869,8
25,15,2023-08-15T22:36:33.093Z,132,14
4,11,2023-08-15T22:36:43.093Z,410,2
18,17,2023-08-15T22:36:43.093Z,974,3
34,33,2023-08-15T22:36:43.093Z,408,7
7,3,2023-08-15T22:36:53.093Z,525,1
30,32,2023-08-15T22:36:53.093Z,941,12
18,20,2023-08-15T22:37:03.093Z,537,3
6,10,2023-08-15T22:37:13.093Z,929,8
11,10,2023-08-15T22:37:13.093Z,410,8
13,14,2023-08-15T22:37:13.093Z,938,13
25,24,2023-08-15T22:37:13.093Z,309,14
35,30,2023-08-15T22:37:13.093Z,247,10
10,9,2023-08-15T22:37:23.093Z,929,2
20,35,2023-08-15T22:37:23.093Z,537,4
30,32,2023-08-15T22:37:23.093Z,247,12
7,6,2023-08-15T22:37:33.093Z,917,1
14,17,2023-08-15T22:37:33.093Z,938,3
33,25,2023-08-15T22:37:33.093Z,926,6
18,13,2023-08-15T22:37:43.093Z,686,3
33,28,2023-08-15T22:37:43.093Z,31,6
6,10,2023-08-15T22:37:53.093Z,917,8
28,30,2023-08-15T22:37:53.093Z,31,10
35,29,2023-08-15T22:37:53.093Z,537,10
7,1,2023-08-15T22:37:43.093Z,526,1
15,17,2023-08-15T22:37:43.093Z,724,3
2,1,2023-08-15T22:37:53.093Z,488,1
20,26,2023-08-15T22:37:53.093Z,420,4
15,20,2023-08-15T22:38:03.093Z,730,3
30,32,2023-08-15T22:38:03.093Z,31,12
34,33,2023-08-15T22:38:03.093Z,697,7
8,11,2023-08-15T22:38:13.093Z,686,2
17,23,2023-08-15T22:38:13.093Z,938,9
3,5,2023-08-15T22:38:03.093Z,869,2
6,7,2023-08-15T22:38:03.093Z,528,8
17,23,2023-08-15T22:38:03.093Z,974,9
35,30,2023-08-15T22:38:03.093Z,518,10
23,15,2023-08-15T22:38:13.093Z,974,14
34,0,2023-08-15T22:38:13.093Z,246,7
15,12,2023-08-15T22:38:23.093Z,423,3
17,22,2023-08-15T22:38:23.093Z,724,9
34,18,2023-08-15T22:38:23.093Z,202,7
11,10,2023-08-15T22:38:33.093Z,686,8
13,8,2023-08-15T22:38:33.093Z,410,13
32,34,2023-08-15T22:38:33.093Z,518,6
35,29,2023-08-15T22:38:33.093Z,769,10
7,3,2023-08-15T22:38:43.093Z,699,1
10,5,2023-08-15T22:38:43.093Z,686,2
0,6,2023-08-15T22:37:43.093Z,699,1
16,20,2023-08-15T22:37:43.093Z,769,3
0,6,2023-08-15T22:37:53.093Z,446,1
9,14,2023-08-15T22:37:53.093Z,410,13
33,21,2023-08-15T22:37:53.093Z,564,6
10,5,2023-08-15T22:38:03.093Z,917,2
29,27,2023-08-15T22:38:03.093Z,537,11
6,7,2023-08-15T22:38:13.093Z,816,8
20,35,2023-08-15T22:38:13.093Z,769,4
34,18,2023-08-15T22:38:33.093Z,186,7
9,8,2023-08-15T22:37:43.093Z,929,13
25,15,2023-08-15T22:37:43.093Z,926,14
3,9,2023-08-15T22:37:53.093Z,748,2
25,15,2023-08-15T22:37:53.093Z,357,14
7,1,2023-08-15T22:38:03.093Z,260,1
13,8,2023-08-15T22:38:03.093Z,686,13
33,25,2023-08-15T22:38:03.093Z,952,6
9,14,2023-08-15T22:38:13.093Z,748,13
26,27,2023-08-15T22:38:13.093Z,420,11
30,32,2023-08-15T22:38:13.093Z,518,12
7,1,2023-08-15T22:38:23.093Z,528,1
23,15,2023-08-15T22:38:23.093Z,938,14
5,13,2023-08-15T22:38:33.093Z,917,3
7,1,2023-08-15T22:38:33.093Z,816,1
8,5,2023-08-15T22:38:43.093Z,410,2
0,3,2023-08-15T22:38:53.093Z,246,1
15,12,2023-08-15T22:38:53.093Z,132,3
21,22,2023-08-15T22:38:53.093Z,564,9
5,4,2023-08-15T22:39:03.093Z,686,3
20,26,2023-08-15T22:39:03.093Z,13,4
15,13,2023-08-15T22:39:13.093Z,926,3
34,33,2023-08-15T22:38:53.093Z,870,7
12,7,2023-08-15T22:39:03.093Z,423,8
18,13,2023-08-15T22:39:03.093Z,202,3
33,21,2023-08-15T22:39:03.093Z,408,6
7,3,2023-08-15T22:39:13.093Z,423,1
6,7,2023-08-15T22:38:23.093Z,699,8
14,13,2023-08-15T22:38:23.093Z,410,3
32,34,2023-08-15T22:38:23.093Z,494,6
6,7,2023-08-15T22:38:33.093Z,446,8
25,15,2023-08-15T22:38:33.093Z,534,14
29,27,2023-08-15T22:38:43.093Z,769,11
5,20,2023-08-15T22:38:53.093Z,410,3
20,26,2023-08-15T22:38:53.093Z,730,4
3,11,2023-08-15T22:39:03.093Z,699,2
15,17,2023-08-15T22:39:03.093Z,872,3
34,18,2023-08-15T22:39:03.093Z,4,7
34,33,2023-08-15T22:39:13.093Z,422,7
7,3,2023-08-15T22:39:03.093Z,446,1
16,20,2023-08-15T22:39:03.093Z,195,3
26,27,2023-08-15T22:39:03.093Z,730,11
4,2,2023-08-15T22:39:13.093Z,686,2
20,26,2023-08-15T22:39:13.093Z,410,4
18,20,2023-08-15T22:39:23.093Z,186,3
17,16,2023-08-15T22:39:33.093Z,872,9
4,2,2023-08-15T22:39:43.093Z,979,2
25,15,2023-08-15T22:39:43.093Z,368,14
8,11,2023-08-15T22:39:53.093Z,929,2
31,32,2023-08-15T22:39:53.093Z,566,12
8,2,2023-08-15T22:40:03.093Z,202,2
23,15,2023-08-15T22:40:03.093Z,691,14
3,9,2023-08-15T22:40:13.093Z,686,2
23,15,2023-08-15T22:40:13.093Z,811,14
5,17,2023-08-15T22:40:23.093Z,446,3
23,24,2023-08-15T22:40:23.093Z,697,14
11,7,2023-08-15T22:40:33.093Z,872,8
24,26,2023-08-15T22:40:33.093Z,697,4
7,1,2023-08-15T22:40:43.093Z,929,1
5,12,2023-08-15T22:40:53.093Z,979,3
34,33,2023-08-15T22:40:53.093Z,445,7
12,10,2023-08-15T22:39:23.093Z,132,8
10,5,2023-08-15T22:39:33.093Z,699,2
33,25,2023-08-15T22:39:33.093Z,368,6
22,34,2023-08-15T22:39:43.093Z,233,6
6,7,2023-08-15T22:39:53.093Z,56,8
21,23,2023-08-15T22:39:53.093Z,811,9
3,5,2023-08-15T22:40:03.093Z,423,2
11,10,2023-08-15T22:39:23.093Z,699,8
33,21,2023-08-15T22:39:23.093Z,811,6
21,23,2023-08-15T22:39:33.093Z,408,9
13,8,2023-08-15T22:39:43.093Z,202,13
3,5,2023-08-15T22:39:53.093Z,446,2
16,13,2023-08-15T22:39:53.093Z,872,3
2,3,2023-08-15T22:40:03.093Z,979,1
14,17,2023-08-15T22:40:03.093Z,748,3
33,21,2023-08-15T22:40:03.093Z,422,6
13,8,2023-08-15T22:40:13.093Z,872,13
2,3,2023-08-15T22:40:23.093Z,132,1
9,14,2023-08-15T22:40:23.093Z,686,13
2,6,2023-08-15T22:40:33.093Z,202,1
15,19,2023-08-15T22:40:33.093Z,357,3
5,17,2023-08-15T22:40:43.093Z,423,3
18,13,2023-08-15T22:40:43.093Z,207,3
15,4,2023-08-15T22:40:53.093Z,938,3
2,3,2023-08-15T22:39:23.093Z,686,1
26,27,2023-08-15T22:39:23.093Z,13,11
18,20,2023-08-15T22:39:33.093Z,4,3
10,2,2023-08-15T22:39:43.093Z,132,2
33,21,2023-08-15T22:39:43.093Z,697,6
13,14,2023-08-15T22:39:53.093Z,926,13
33,28,2023-08-15T22:39:53.093Z,870,6
21,23,2023-08-15T22:40:03.093Z,697,9
34,0,2023-08-15T22:40:03.093Z,900,7
14,12,2023-08-15T22:40:13.093Z,926,3
3,5,2023-08-15T22:40:23.093Z,979,2
21,23,2023-08-15T22:40:23.093Z,422,9
7,1,2023-08-15T22:40:33.093Z,56,1
21,16,2023-08-15T22:40:33.093Z,566,9
6,10,2023-08-15T22:40:43.093Z,202,8
3,2,2023-08-15T22:40:53.093Z,525,2
16,17,2023-08-15T22:40:53.093Z,566,3
11,7,2023-08-15T22:40:03.093Z,929,8
28,30,2023-08-15T22:40:03.093Z,870,10
5,17,2023-08-15T22:40:13.093Z,699,3
32,21,2023-08-15T22:40:13.093Z,566,6
8,11,2023-08-15T22:40:23.093Z,872,2
34,18,2023-08-15T22:40:23.093Z,207,7
12,10,2023-08-15T22:40:33.093Z,926,8
3,5,2023-08-15T22:40:43.093Z,132,2
10,5,2023-08-15T22:40:43.093Z,926,2
6,7,2023-08-15T22:40:53.093Z,92,8
2,6,2023-08-15T22:41:03.093Z,525,1
7,1,2023-08-15T22:41:03.093Z,872,1
0,3,2023-08-15T22:41:13.093Z,900,1
17,23,2023-08-15T22:41:23.093Z,446,9
11,7,2023-08-15T22:41:33.093Z,979,8
20,26,2023-08-15T22:41:33.093Z,195,4
23,24,2023-08-15T22:41:33.093Z,446,14
10,11,2023-08-15T22:41:43.093Z,545,2
24,26,2023-08-15T22:41:43.093Z,446,4
30,32,2023-08-15T22:41:43.093Z,389,12
13,8,2023-08-15T22:41:53.093Z,358,13
34,33,2023-08-15T22:41:53.093Z,61,7
8,11,2023-08-15T22:42:03.093Z,358,2
28,29,2023-08-15T22:42:03.093Z,445,10
22,25,2023-08-15T22:42:13.093Z,566,6
34,33,2023-08-15T22:42:13.093Z,252,7
3,5,2023-08-15T22:42:23.093Z,545,2
5,4,2023-08-15T22:42:23.093Z,66,3
7,3,2023-08-15T22:42:23.093Z,368,1
29,27,2023-08-15T22:42:23.093Z,445,11
17,16,2023-08-15T22:41:03.093Z,748,9
12,10,2023-08-15T22:41:13.093Z,979,8
4,2,2023-08-15T22:41:23.093Z,938,2
5,13,2023-08-15T22:41:23.093Z,358,3
2,1,2023-08-15T22:41:33.093Z,938,1
12,10,2023-08-15T22:41:33.093Z,545,8
7,1,2023-08-15T22:41:43.093Z,979,1
12,7,2023-08-15T22:41:53.093Z,368,8
20,35,2023-08-15T22:41:53.093Z,186,4
6,7,2023-08-15T22:42:03.093Z,525,8
33,21,2023-08-15T22:42:03.093Z,53,6
35,29,2023-08-15T22:42:03.093Z,186,10
17,22,2023-08-15T22:42:13.093Z,534,9
35,30,2023-08-15T22:42:13.093Z,4,10
4,11,2023-08-15T22:42:33.093Z,66,2
33,21,2023-08-15T22:42:33.093Z,964,6
13,14,2023-08-15T22:41:03.093Z,207,13
34,33,2023-08-15T22:41:03.093Z,53,7
15,17,2023-08-15T22:41:13.093Z,534,3
7,1,2023-08-15T22:41:23.093Z,92,1
15,12,2023-08-15T22:41:23.093Z,368,3
15,17,2023-08-15T22:41:33.093Z,691,3
34,18,2023-08-15T22:41:33.093Z,54,7
19,33,2023-08-15T22:41:43.093Z,964,7
11,7,2023-08-15T22:41:53.093Z,545,8
17,22,2023-08-15T22:41:53.093Z,566,9
33,28,2023-08-15T22:41:53.093Z,445,6
5,13,2023-08-15T22:42:03.093Z,211,3
32,34,2023-08-15T22:42:03.093Z,389,6
7,3,2023-08-15T22:42:13.093Z,545,1
18,17,2023-08-15T22:42:13.093Z,54,3
5,4,2023-08-15T22:41:03.093Z,132,3
15,12,2023-08-15T22:41:03.093Z,545,3
5,4,2023-08-15T22:41:13.093Z,926,3
21,16,2023-08-15T22:41:13.093Z,944,9
10,11,2023-08-15T22:41:23.093Z,979,2
3,5,2023-08-15T22:41:33.093Z,211,2
28,30,2023-08-15T22:41:33.093Z,389,10
17,16,2023-08-15T22:41:43.093Z,423,9
34,0,2023-08-15T22:41:43.093Z,836,7
16,13,2023-08-15T22:41:53.093Z,748,3
22,34,2023-08-15T22:41:53.093Z,724,6
0,6,2023-08-15T22:42:03.093Z,836,1
20,35,2023-08-15T22:42:03.093Z,4,4
34,33,2023-08-15T22:42:03.093Z,290,7
11,7,2023-08-15T22:42:13.093Z,358,8
26,27,2023-08-15T22:42:13.093Z,195,11
27,31,2023-08-15T22:42:13.093Z,370,5
14,4,2023-08-15T22:42:23.093Z,207,3
16,12,2023-08-15T22:42:23.093Z,944,3
21,16,2023-08-15T22:42:23.093Z,53,9
27,34,2023-08-15T22:42:23.093Z,424,5
6,7,2023-08-15T22:42:33.093Z,836,8
16,19,2023-08-15T22:42:33.093Z,423,3
17,22,2023-08-15T22:42:33.093Z,691,9
25,24,2023-08-15T22:42:33.093Z,566,14
26,27,2023-08-15T22:42:33.093Z,446,11
27,31,2023-08-15T22:42:33.093Z,431,5
3,2,2023-08-15T22:42:43.093Z,368,2
4,9,2023-08-15T22:42:43.093Z,207,2
11,7,2023-08-15T22:42:43.093Z,66,8
13,8,2023-08-15T22:42:43.093Z,748,13
16,4,2023-08-15T22:42:43.093Z,53,3
17,23,2023-08-15T22:42:43.093Z,54,9
24,26,2023-08-15T22:42:43.093Z,566,4
29,27,2023-08-15T22:42:43.093Z,186,11
34,0,2023-08-15T22:42:43.093Z,573,7
2,6,2023-08-15T22:42:53.093Z,368,1
3,5,2023-08-15T22:42:53.093Z,402,2
8,5,2023-08-15T22:42:53.093Z,748,2
9,8,2023-08-15T22:42:53.093Z,207,13
26,27,2023-08-15T22:42:53.093Z,566,11
0,6,2023-08-15T22:43:03.093Z,573,1
12,10,2023-08-15T22:43:03.093Z,944,8
7,1,2023-08-15T22:42:43.093Z,525,1
27,31,2023-08-15T22:42:43.093Z,7,5
7,1,2023-08-15T22:42:53.093Z,657,1
21,23,2023-08-15T22:42:53.093Z,964,9
34,33,2023-08-15T22:42:53.093Z,593,7
7,1,2023-08-15T22:43:03.093Z,358,1
13,14,2023-08-15T22:43:03.093Z,211,13
17,22,2023-08-15T22:43:03.093Z,218,9
23,15,2023-08-15T22:43:03.093Z,54,14
27,34,2023-08-15T22:43:03.093Z,412,5
32,25,2023-08-15T22:43:03.093Z,797,6
34,33,2023-08-15T22:43:03.093Z,497,7
4,5,2023-08-15T22:43:13.093Z,53,2
5,17,2023-08-15T22:43:13.093Z,545,3
6,10,2023-08-15T22:43:13.093Z,368,8
7,3,2023-08-15T22:43:13.093Z,836,1
10,2,2023-08-15T22:43:13.093Z,944,2
13,14,2023-08-15T22:43:13.093Z,917,13
27,34,2023-08-15T22:43:13.093Z,587,5
31,32,2023-08-15T22:43:13.093Z,431,12
34,33,2023-08-15T22:43:13.093Z,369,7
3,11,2023-08-15T22:43:23.093Z,836,2
6,10,2023-08-15T22:43:23.093Z,573,8
7,1,2023-08-15T22:43:23.093Z,66,1
8,5,2023-08-15T22:43:23.093Z,207,2
25,15,2023-08-15T22:43:23.093Z,797,14
32,21,2023-08-15T22:43:23.093Z,431,6
11,10,2023-08-15T22:43:33.093Z,836,8
22,34,2023-08-15T22:43:33.093Z,534,6
34,18,2023-08-15T22:43:33.093Z,990,7
5,4,2023-08-15T22:43:43.093Z,748,3
9,14,2023-08-15T22:43:43.093Z,368,13
21,16,2023-08-15T22:43:43.093Z,431,9
5,12,2023-08-15T22:43:53.093Z,53,3
10,2,2023-08-15T22:43:53.093Z,202,2
21,22,2023-08-15T22:43:53.093Z,652,9
34,18,2023-08-15T22:43:53.093Z,676,7
2,6,2023-08-15T22:44:03.093Z,202,1
5,20,2023-08-15T22:44:03.093Z,207,3
14,17,2023-08-15T22:44:03.093Z,211,3
21,16,2023-08-15T22:44:03.093Z,61,9
27,31,2023-08-15T22:44:03.093Z,632,5
34,33,2023-08-15T22:44:03.093Z,967,7
0,3,2023-08-15T22:44:13.093Z,279,1
13,14,2023-08-15T22:44:13.093Z,402,13
14,20,2023-08-15T22:44:13.093Z,917,3
18,13,2023-08-15T22:44:13.093Z,676,3
27,31,2023-08-15T22:44:13.093Z,598,5
5,13,2023-08-15T22:43:23.093Z,402,3
19,18,2023-08-15T22:43:23.093Z,940,7
24,35,2023-08-15T22:43:23.093Z,674,4
27,34,2023-08-15T22:43:23.093Z,299,5
31,32,2023-08-15T22:43:23.093Z,7,12
2,1,2023-08-15T22:43:33.093Z,944,1
10,9,2023-08-15T22:43:33.093Z,368,2
12,7,2023-08-15T22:43:33.093Z,835,8
17,23,2023-08-15T22:43:33.093Z,545,9
27,34,2023-08-15T22:43:33.093Z,94,5
33,21,2023-08-15T22:43:33.093Z,61,6
10,9,2023-08-15T22:43:43.093Z,573,2
18,4,2023-08-15T22:43:43.093Z,940,3
27,31,2023-08-15T22:43:43.093Z,23,5
34,0,2023-08-15T22:43:43.093Z,279,7
7,1,2023-08-15T22:43:53.093Z,835,1
9,14,2023-08-15T22:43:53.093Z,573,13
18,17,2023-08-15T22:43:53.093Z,990,3
31,32,2023-08-15T22:43:53.093Z,23,12
32,21,2023-08-15T22:43:53.093Z,7,6
10,5,2023-08-15T22:44:03.093Z,836,2
16,12,2023-08-15T22:44:03.093Z,431,3
22,34,2023-08-15T22:44:03.093Z,691,6
23,24,2023-08-15T22:44:03.093Z,545,14
32,28,2023-08-15T22:44:03.093Z,23,6
33,28,2023-08-15T22:44:03.093Z,290,6
4,2,2023-08-15T22:44:13.093Z,748,2
5,20,2023-08-15T22:44:13.093Z,836,3
6,7,2023-08-15T22:44:13.093Z,202,8
22,25,2023-08-15T22:44:13.093Z,218,6
24,35,2023-08-15T22:44:13.093Z,545,4
33,21,2023-08-15T22:44:13.093Z,252,6
3,11,2023-08-15T22:44:23.093Z,279,2
27,31,2023-08-15T22:44:23.093Z,798,5
34,33,2023-08-15T22:44:23.093Z,204,7
17,22,2023-08-15T22:44:33.093Z,990,9
29,27,2023-08-15T22:44:33.093Z,290,11
10,9,2023-08-15T22:44:43.093Z,279,2
26,27,2023-08-15T22:44:43.093Z,103,11
14,17,2023-08-15T22:44:53.093Z,402,3
27,34,2023-08-15T22:44:53.093Z,539,5
8,9,2023-08-15T22:45:03.093Z,676,2
29,27,2023-08-15T22:45:03.093Z,545,11
2,1,2023-08-15T22:45:13.093Z,748,1
13,14,2023-08-15T22:45:13.093Z,54,13
2,6,2023-08-15T22:45:23.093Z,940,1
27,34,2023-08-15T22:45:23.093Z,420,5
7,1,2023-08-15T22:45:33.093Z,972,1
30,32,2023-08-15T22:45:33.093Z,421,12
15,13,2023-08-15T22:45:43.093Z,80,3
32,21,2023-08-15T22:45:43.093Z,421,6
0,3,2023-08-15T22:45:53.093Z,416,1
29,27,2023-08-15T22:45:53.093Z,917,11
28,29,2023-08-15T22:44:13.093Z,23,10
4,2,2023-08-15T22:44:23.093Z,940,2
28,29,2023-08-15T22:44:23.093Z,290,10
11,10,2023-08-15T22:44:33.093Z,279,8
20,35,2023-08-15T22:44:33.093Z,836,4
32,21,2023-08-15T22:44:33.093Z,632,6
13,8,2023-08-15T22:44:43.093Z,676,13
34,33,2023-08-15T22:44:43.093Z,361,7
15,19,2023-08-15T22:44:53.093Z,797,3
31,32,2023-08-15T22:44:53.093Z,598,12
12,7,2023-08-15T22:45:03.093Z,972,8
30,32,2023-08-15T22:45:03.093Z,674,12
4,5,2023-08-15T22:45:13.093Z,218,2
20,35,2023-08-15T22:45:13.093Z,917,4
5,13,2023-08-15T22:45:23.093Z,218,3
28,30,2023-08-15T22:45:23.093Z,421,10
14,4,2023-08-15T22:45:33.093Z,676,3
32,21,2023-08-15T22:45:33.093Z,798,6
18,20,2023-08-15T22:45:43.093Z,847,3
33,25,2023-08-15T22:45:43.093Z,967,6
13,14,2023-08-15T22:45:53.093Z,218,13
33,28,2023-08-15T22:45:53.093Z,360,6
7,1,2023-08-15T22:44:23.093Z,202,1
31,32,2023-08-15T22:44:23.093Z,632,12
14,20,2023-08-15T22:44:33.093Z,573,3
25,15,2023-08-15T22:44:33.093Z,218,14
33,21,2023-08-15T22:44:33.093Z,497,6
15,12,2023-08-15T22:44:43.093Z,972,3
35,30,2023-08-15T22:44:43.093Z,674,10
17,22,2023-08-15T22:44:53.093Z,211,9
34,18,2023-08-15T22:44:53.093Z,847,7
15,4,2023-08-15T22:45:03.093Z,218,3
31,32,2023-08-15T22:45:03.093Z,798,12
7,1,2023-08-15T22:45:13.093Z,431,1
28,30,2023-08-15T22:45:13.093Z,990,10
13,14,2023-08-15T22:45:23.093Z,665,13
32,25,2023-08-15T22:45:23.093Z,674,6
19,33,2023-08-15T22:45:33.093Z,19,7
34,33,2023-08-15T22:45:33.093Z,995,7
22,34,2023-08-15T22:45:43.093Z,211,6
34,18,2023-08-15T22:45:43.093Z,647,7
25,15,2023-08-15T22:45:53.093Z,674,14
34,18,2023-08-15T22:45:53.093Z,278,7
34,33,2023-08-15T22:44:13.093Z,360,7
14,17,2023-08-15T22:44:23.093Z,368,3
33,21,2023-08-15T22:44:23.093Z,593,6
15,13,2023-08-15T22:44:33.093Z,54,3
27,34,2023-08-15T22:44:33.093Z,709,5
34,18,2023-08-15T22:44:33.093Z,665,7
22,34,2023-08-15T22:44:43.093Z,652,6
12,7,2023-08-15T22:44:53.093Z,431,8
18,13,2023-08-15T22:44:53.093Z,665,3
35,29,2023-08-15T22:44:53.093Z,545,10
22,28,2023-08-15T22:45:03.093Z,990,6
32,21,2023-08-15T22:45:03.093Z,598,6
9,14,2023-08-15T22:45:13.093Z,676,13
33,25,2023-08-15T22:45:13.093Z,369,6
20,26,2023-08-15T22:45:23.093Z,573,4
34,0,2023-08-15T22:45:23.093Z,416,7
27,34,2023-08-15T22:45:33.093Z,769,5
4,2,2023-08-15T22:45:43.093Z,676,2
27,31,2023-08-15T22:45:43.093Z,730,5
35,29,2023-08-15T22:45:43.093Z,917,10
26,27,2023-08-15T22:45:53.093Z,573,11
18,4,2023-08-15T22:46:03.093Z,647,3
26,27,2023-08-15T22:46:03.093Z,269,11
28,29,2023-08-15T22:46:03.093Z,360,10
24,35,2023-08-15T22:46:13.093Z,967,4
33,25,2023-08-15T22:46:13.093Z,361,6
9,14,2023-08-15T22:46:23.093Z,647,13
14,12,2023-08-15T22:46:03.093Z,54,3
34,18,2023-08-15T22:46:03.093Z,594,7
4,9,2023-08-15T22:46:13.093Z,647,2
18,4,2023-08-15T22:46:13.093Z,278,3
3,9,2023-08-15T22:46:23.093Z,416,2
25,24,2023-08-15T22:46:03.093Z,967,14
27,31,2023-08-15T22:46:03.093Z,13,5
33,21,2023-08-15T22:46:03.093Z,204,6
17,16,2023-08-15T22:46:13.093Z,402,9
29,27,2023-08-15T22:46:13.093Z,360,11
4,5,2023-08-15T22:46:23.093Z,610,2
14,20,2023-08-15T22:46:23.093Z,218,3
19,18,2023-08-15T22:46:23.093Z,863,7
34,33,2023-08-15T22:46:23.093Z,391,7
3,5,2023-08-15T22:46:33.093Z,676,2
15,13,2023-08-15T22:46:33.093Z,674,3
21,16,2023-08-15T22:46:33.093Z,7,9
27,31,2023-08-15T22:46:33.093Z,445,5
5,13,2023-08-15T22:46:43.093Z,610,3
13,14,2023-08-15T22:46:43.093Z,80,13
21,22,2023-08-15T22:46:43.093Z,252,9
27,31,2023-08-15T22:46:43.093Z,446,5
5,17,2023-08-15T22:46:53.093Z,676,3
27,31,2023-08-15T22:46:53.093Z,186,5
14,20,2023-08-15T22:47:03.093Z,647,3
2,3,2023-08-15T22:46:13.093Z,676,1
19,0,2023-08-15T22:46:13.093Z,353,7
34,18,2023-08-15T22:46:13.093Z,296,7
12,10,2023-08-15T22:46:23.093Z,54,8
17,22,2023-08-15T22:46:23.093Z,149,9
27,31,2023-08-15T22:46:23.093Z,195,5
0,3,2023-08-15T22:46:33.093Z,353,1
6,7,2023-08-15T22:46:33.093Z,940,8
18,17,2023-08-15T22:46:33.093Z,594,3
25,24,2023-08-15T22:46:33.093Z,361,14
34,0,2023-08-15T22:46:33.093Z,867,7
9,8,2023-08-15T22:46:43.093Z,416,13
16,20,2023-08-15T22:46:43.093Z,402,3
25,15,2023-08-15T22:46:43.093Z,47,14
33,28,2023-08-15T22:46:43.093Z,19,6
11,7,2023-08-15T22:46:53.093Z,828,8
32,34,2023-08-15T22:46:53.093Z,730,6
22,28,2023-08-15T22:47:03.093Z,252,6
34,33,2023-08-15T22:47:03.093Z,393,7
0,3,2023-08-15T22:47:13.093Z,867,1
18,13,2023-08-15T22:47:13.093Z,863,3
3,2,2023-08-15T22:47:23.093Z,353,2
18,12,2023-08-15T22:47:23.093Z,162,3
29,27,2023-08-15T22:47:23.093Z,403,11
34,33,2023-08-15T22:46:43.093Z,193,7
19,18,2023-08-15T22:46:53.093Z,162,7
31,32,2023-08-15T22:46:53.093Z,13,12
34,33,2023-08-15T22:46:53.093Z,579,7
32,34,2023-08-15T22:47:03.093Z,13,6
21,16,2023-08-15T22:47:13.093Z,632,9
29,27,2023-08-15T22:47:13.093Z,19,11
35,30,2023-08-15T22:47:13.093Z,516,10
7,1,2023-08-15T22:47:23.093Z,828,1
21,22,2023-08-15T22:47:23.093Z,497,9
34,0,2023-08-15T22:47:23.093Z,758,7
3,5,2023-08-15T22:47:33.093Z,900,2
20,26,2023-08-15T22:47:33.093Z,402,4
17,22,2023-08-15T22:47:33.093Z,594,9
30,32,2023-08-15T22:47:33.093Z,516,12
21,23,2023-08-15T22:47:03.093Z,593,9
28,29,2023-08-15T22:47:03.093Z,19,10
35,29,2023-08-15T22:47:03.093Z,403,10
14,20,2023-08-15T22:47:13.093Z,80,3
23,15,2023-08-15T22:47:13.093Z,593,14
5,17,2023-08-15T22:47:23.093Z,416,3
25,24,2023-08-15T22:47:23.093Z,391,14
31,32,2023-08-15T22:46:43.093Z,730,12
7,3,2023-08-15T22:46:53.093Z,940,1
22,34,2023-08-15T22:46:53.093Z,149,6
33,21,2023-08-15T22:46:53.093Z,995,6
18,4,2023-08-15T22:47:03.093Z,296,3
8,5,2023-08-15T22:47:13.093Z,416,2
24,35,2023-08-15T22:47:13.093Z,361,4
33,25,2023-08-15T22:47:13.093Z,391,6
4,11,2023-08-15T22:47:23.093Z,296,2
20,35,2023-08-15T22:47:23.093Z,218,4
27,34,2023-08-15T22:47:23.093Z,566,5
2,6,2023-08-15T22:47:33.093Z,353,1
15,20,2023-08-15T22:47:33.093Z,47,3
35,30,2023-08-15T22:47:33.093Z,361,10
21,16,2023-08-15T22:47:33.093Z,598,9
0,6,2023-08-15T22:47:43.093Z,758,1
3,5,2023-08-15T22:47:43.093Z,940,2
10,5,2023-08-15T22:47:43.093Z,217,2
12,10,2023-08-15T22:47:43.093Z,162,8
13,14,2023-08-15T22:47:43.093Z,674,13
20,35,2023-08-15T22:47:43.093Z,647,4
21,16,2023-08-15T22:47:43.093Z,798,9
24,35,2023-08-15T22:47:43.093Z,391,4
26,27,2023-08-15T22:47:43.093Z,402,11
30,32,2023-08-15T22:47:43.093Z,361,12
31,32,2023-08-15T22:47:43.093Z,195,12
32,34,2023-08-15T22:47:43.093Z,516,6
33,25,2023-08-15T22:47:43.093Z,193,6
34,18,2023-08-15T22:47:43.093Z,427,7
2,6,2023-08-15T22:47:53.093Z,500,1
5,20,2023-08-15T22:47:53.093Z,900,3
6,10,2023-08-15T22:47:53.093Z,353,8
11,7,2023-08-15T22:47:53.093Z,296,8
13,8,2023-08-15T22:47:53.093Z,610,13
17,23,2023-08-15T22:47:53.093Z,416,9
20,35,2023-08-15T22:47:53.093Z,80,4
21,23,2023-08-15T22:47:53.093Z,421,9
24,35,2023-08-15T22:47:53.093Z,774,4
25,15,2023-08-15T22:47:53.093Z,925,14
32,21,2023-08-15T22:47:53.093Z,361,6
33,25,2023-08-15T22:47:53.093Z,579,6
35,30,2023-08-15T22:47:53.093Z,218,10
3,5,2023-08-15T22:48:03.093Z,159,2
6,7,2023-08-15T22:48:03.093Z,758,8
8,11,2023-08-15T22:48:03.093Z,610,2
9,14,2023-08-15T22:48:03.093Z,486,13
10,9,2023-08-15T22:48:03.093Z,353,2
13,8,2023-08-15T22:48:03.093Z,863,13
15,13,2023-08-15T22:48:03.093Z,593,3
20,35,2023-08-15T22:48:03.093Z,47,4
21,16,2023-08-15T22:48:03.093Z,204,9
23,24,2023-08-15T22:48:03.093Z,416,14
30,32,2023-08-15T22:48:03.093Z,218,12
31,32,2023-08-15T22:48:03.093Z,446,12
33,25,2023-08-15T22:48:03.093Z,393,6
34,18,2023-08-15T22:48:03.093Z,468,7
3,9,2023-08-15T22:48:13.093Z,867,2
5,13,2023-08-15T22:48:13.093Z,940,3
6,7,2023-08-15T22:48:13.093Z,500,8
7,3,2023-08-15T22:48:13.093Z,296,1
9,14,2023-08-15T22:48:13.093Z,353,13
11,7,2023-08-15T22:48:13.093Z,610,8
20,35,2023-08-15T22:48:13.093Z,900,4
23,15,2023-08-15T22:48:13.093Z,421,14
25,24,2023-08-15T22:48:13.093Z,193,14
31,32,2023-08-15T22:48:13.093Z,186,12
32,25,2023-08-15T22:48:13.093Z,195,6
34,33,2023-08-15T22:48:13.093Z,880,7
1,18,2023-08-15T22:48:23.093Z,29,7
3,2,2023-08-15T22:48:23.093Z,296,2
5,4,2023-08-15T22:48:23.093Z,217,3
8,9,2023-08-15T22:48:23.093Z,863,2
9,14,2023-08-15T22:48:23.093Z,867,13
13,14,2023-08-15T22:48:23.093Z,593,13
14,4,2023-08-15T22:48:23.093Z,674,3
18,17,2023-08-15T22:48:23.093Z,427,3
23,15,2023-08-15T22:48:23.093Z,911,14
24,26,2023-08-15T22:48:23.093Z,193,4
25,24,2023-08-15T22:48:23.093Z,579,14
32,34,2023-08-15T22:48:23.093Z,218,6
34,18,2023-08-15T22:48:23.093Z,1,7
35,29,2023-08-15T22:48:23.093Z,647,10
5,12,2023-08-15T22:48:33.093Z,159,3
7,3,2023-08-15T22:48:33.093Z,758,1
9,14,2023-08-15T22:48:33.093Z,863,13
14,19,2023-08-15T22:48:33.093Z,486,3
18,4,2023-08-15T22:48:33.093Z,468,3
24,26,2023-08-15T22:48:33.093Z,579,4
25,24,2023-08-15T22:48:33.093Z,393,14
29,27,2023-08-15T22:48:33.093Z,647,11
32,25,2023-08-15T22:48:33.093Z,446,6
35,30,2023-08-15T22:48:33.093Z,391,10
1,33,2023-08-15T22:48:43.093Z,73,7
2,6,2023-08-15T22:48:43.093Z,296,1
3,5,2023-08-15T22:48:43.093Z,206,2
14,13,2023-08-15T22:48:43.093Z,353,3
18,12,2023-08-15T22:48:43.093Z,29,3
30,32,2023-08-15T22:48:43.093Z,391,12
32,21,2023-08-15T22:48:43.093Z,186,6
33,25,2023-08-15T22:48:43.093Z,880,6
34,18,2023-08-15T22:48:43.093Z,616,7
1,18,2023-08-15T22:48:53.093Z,319,7
3,11,2023-08-15T22:48:53.093Z,758,2
4,9,2023-08-15T22:48:53.093Z,217,2
13,8,2023-08-15T22:48:53.093Z,940,13
18,17,2023-08-15T22:48:53.093Z,1,3
24,35,2023-08-15T22:48:53.093Z,393,4
32,28,2023-08-15T22:48:53.093Z,391,6
4,5,2023-08-15T22:49:03.093Z,674,2
9,14,2023-08-15T22:49:03.093Z,217,13
12,7,2023-08-15T22:49:03.093Z,159,8
21,23,2023-08-15T22:49:03.093Z,186,9
25,15,2023-08-15T22:49:03.093Z,446,14
28,29,2023-08-15T22:49:03.093Z,391,10
34,18,2023-08-15T22:49:03.093Z,78,7
3,2,2023-08-15T22:49:13.093Z,610,2
6,10,2023-08-15T22:49:13.093Z,296,8
8,9,2023-08-15T22:49:13.093Z,940,2
14,17,2023-08-15T22:49:13.093Z,593,3
18,13,2023-08-15T22:49:13.093Z,319,3
30,32,2023-08-15T22:49:13.093Z,774,12
34,33,2023-08-15T22:49:13.093Z,812,7
7,1,2023-08-15T22:48:53.093Z,500,1
14,20,2023-08-15T22:48:53.093Z,867,3
22,25,2023-08-15T22:48:53.093Z,497,6
25,15,2023-08-15T22:48:53.093Z,195,14
35,29,2023-08-15T22:48:53.093Z,80,10
7,3,2023-08-15T22:49:03.093Z,610,1
11,10,2023-08-15T22:49:03.093Z,758,8
18,12,2023-08-15T22:49:03.093Z,616,3
22,25,2023-08-15T22:49:03.093Z,594,6
26,27,2023-08-15T22:49:03.093Z,579,11
29,27,2023-08-15T22:49:03.093Z,80,11
35,30,2023-08-15T22:49:03.093Z,774,10
5,20,2023-08-15T22:49:13.093Z,206,3
7,6,2023-08-15T22:49:13.093Z,159,1
10,5,2023-08-15T22:49:13.093Z,758,2
17,23,2023-08-15T22:49:13.093Z,427,9
23,15,2023-08-15T22:49:13.093Z,186,14
33,25,2023-08-15T22:49:13.093Z,73,6
1,33,2023-08-15T22:49:23.093Z,294,7
6,10,2023-08-15T22:49:23.093Z,159,8
10,9,2023-08-15T22:49:23.093Z,296,2
14,4,2023-08-15T22:49:23.093Z,863,3
17,23,2023-08-15T22:49:23.093Z,1,9
18,13,2023-08-15T22:49:23.093Z,78,3
23,24,2023-08-15T22:49:23.093Z,427,14
35,30,2023-08-15T22:49:23.093Z,47,10
0,3,2023-08-15T22:49:33.093Z,219,1
10,9,2023-08-15T22:49:33.093Z,159,2
13,14,2023-08-15T22:49:33.093Z,319,13
25,15,2023-08-15T22:49:33.093Z,497,14
0,3,2023-08-15T22:49:43.093Z,432,1
5,17,2023-08-15T22:49:43.093Z,674,3
9,8,2023-08-15T22:49:43.093Z,159,13
19,33,2023-08-15T22:49:43.093Z,423,7
24,35,2023-08-15T22:49:43.093Z,427,4
29,27,2023-08-15T22:49:43.093Z,900,11
33,21,2023-08-15T22:49:43.093Z,812,6
35,29,2023-08-15T22:49:43.093Z,393,10
5,13,2023-08-15T22:49:53.093Z,758,3
7,6,2023-08-15T22:49:53.093Z,35,1
25,15,2023-08-15T22:49:53.093Z,73,14
35,30,2023-08-15T22:49:53.093Z,206,10
3,11,2023-08-15T22:50:03.093Z,219,2
10,9,2023-08-15T22:50:03.093Z,610,2
14,19,2023-08-15T22:50:03.093Z,217,3
21,23,2023-08-15T22:50:03.093Z,812,9
30,32,2023-08-15T22:50:03.093Z,206,12
2,1,2023-08-15T22:50:13.093Z,159,1
9,14,2023-08-15T22:50:13.093Z,610,13
11,10,2023-08-15T22:50:13.093Z,219,8
15,4,2023-08-15T22:50:13.093Z,187,3
18,17,2023-08-15T22:50:13.093Z,734,3
32,34,2023-08-15T22:50:13.093Z,47,6
9,14,2023-08-15T22:49:23.093Z,940,13
20,26,2023-08-15T22:49:23.093Z,867,4
25,24,2023-08-15T22:49:23.093Z,880,14
32,21,2023-08-15T22:49:23.093Z,774,6
34,0,2023-08-15T22:49:23.093Z,219,7
1,0,2023-08-15T22:49:33.093Z,432,7
12,7,2023-08-15T22:49:33.093Z,616,8
20,35,2023-08-15T22:49:33.093Z,206,4
35,29,2023-08-15T22:49:33.093Z,900,10
2,6,2023-08-15T22:49:43.093Z,610,1
7,3,2023-08-15T22:49:43.093Z,616,1
13,14,2023-08-15T22:49:43.093Z,78,13
21,22,2023-08-15T22:49:43.093Z,774,9
25,15,2023-08-15T22:49:43.093Z,594,14
30,32,2023-08-15T22:49:43.093Z,47,12
34,33,2023-08-15T22:49:43.093Z,331,7
4,11,2023-08-15T22:49:53.093Z,863,2
6,10,2023-08-15T22:49:53.093Z,610,8
8,2,2023-08-15T22:49:53.093Z,159,2
34,33,2023-08-15T22:49:53.093Z,569,7
1,18,2023-08-15T22:50:03.093Z,734,7
6,10,2023-08-15T22:50:03.093Z,35,8
11,7,2023-08-15T22:50:03.093Z,863,8
15,13,2023-08-15T22:50:03.093Z,925,3
22,34,2023-08-15T22:50:03.093Z,774,6
34,33,2023-08-15T22:50:03.093Z,454,7
7,6,2023-08-15T22:50:13.093Z,863,1
10,5,2023-08-15T22:50:13.093Z,35,2
13,14,2023-08-15T22:50:13.093Z,758,13
16,17,2023-08-15T22:50:13.093Z,7,3
23,24,2023-08-15T22:50:13.093Z,812,14
3,11,2023-08-15T22:50:23.093Z,432,2
6,10,2023-08-15T22:50:23.093Z,863,8
14,17,2023-08-15T22:50:23.093Z,940,3
16,12,2023-08-15T22:50:23.093Z,632,3
32,21,2023-08-15T22:50:23.093Z,206,6
3,2,2023-08-15T22:50:33.093Z,616,2
9,14,2023-08-15T22:50:33.093Z,219,13
14,12,2023-08-15T22:50:33.093Z,319,3
35,30,2023-08-15T22:50:33.093Z,427,10
1,33,2023-08-15T22:50:53.093Z,12,7
14,17,2023-08-15T22:50:53.093Z,610,3
30,32,2023-08-15T22:50:53.093Z,427,12
15,12,2023-08-15T22:50:33.093Z,911,3
7,6,2023-08-15T22:50:43.093Z,432,1
14,20,2023-08-15T22:50:43.093Z,78,3
21,16,2023-08-15T22:50:43.093Z,206,9
2,6,2023-08-15T22:50:53.093Z,616,1
6,10,2023-08-15T22:50:53.093Z,432,8
35,29,2023-08-15T22:50:53.093Z,836,10
10,9,2023-08-15T22:50:23.093Z,219,2
15,20,2023-08-15T22:50:23.093Z,421,3
24,26,2023-08-15T22:50:23.093Z,812,4
34,18,2023-08-15T22:50:23.093Z,130,7
5,19,2023-08-15T22:50:33.093Z,35,3
11,7,2023-08-15T22:50:33.093Z,432,8
34,33,2023-08-15T22:50:33.093Z,281,7
34,33,2023-08-15T22:50:43.093Z,95,7
12,7,2023-08-15T22:50:53.093Z,632,8
16,13,2023-08-15T22:50:53.093Z,598,3
33,21,2023-08-15T22:50:53.093Z,423,6
26,27,2023-08-15T22:50:33.093Z,812,11
13,14,2023-08-15T22:50:43.093Z,925,13
18,12,2023-08-15T22:50:43.093Z,130,3
33,28,2023-08-15T22:50:43.093Z,294,6
4,9,2023-08-15T22:50:53.093Z,187,2
34,33,2023-08-15T22:50:53.093Z,401,7
1,18,2023-08-15T22:51:03.093Z,128,7
10,5,2023-08-15T22:51:03.093Z,631,2
12,7,2023-08-15T22:51:03.093Z,319,8
13,14,2023-08-15T22:51:03.093Z,598,13
14,17,2023-08-15T22:51:03.093Z,758,3
17,16,2023-08-15T22:51:03.093Z,674,9
20,35,2023-08-15T22:51:03.093Z,421,4
29,27,2023-08-15T22:51:03.093Z,836,11
33,21,2023-08-15T22:51:03.093Z,331,6
34,33,2023-08-15T22:51:03.093Z,905,7
9,14,2023-08-15T22:51:13.093Z,187,13
12,7,2023-08-15T22:51:13.093Z,911,8
18,17,2023-08-15T22:51:13.093Z,128,3
20,35,2023-08-15T22:51:13.093Z,78,4
28,30,2023-08-15T22:51:13.093Z,294,10
33,28,2023-08-15T22:51:13.093Z,569,6
5,13,2023-08-15T22:51:23.093Z,631,3
7,6,2023-08-15T22:51:23.093Z,632,1
12,7,2023-08-15T22:51:23.093Z,130,8
15,19,2023-08-15T22:51:23.093Z,195,3
21,22,2023-08-15T22:51:23.093Z,423,9
34,33,2023-08-15T22:51:23.093Z,365,7
7,3,2023-08-15T22:51:33.093Z,319,1
14,17,2023-08-15T22:51:33.093Z,925,3
16,17,2023-08-15T22:51:33.093Z,206,3
28,30,2023-08-15T22:51:33.093Z,569,10
35,29,2023-08-15T22:51:33.093Z,421,10
13,14,2023-08-15T22:51:43.093Z,631,13
16,20,2023-08-15T22:51:43.093Z,674,3
21,22,2023-08-15T22:51:43.093Z,331,9
30,32,2023-08-15T22:51:43.093Z,252,12
1,0,2023-08-15T22:51:53.093Z,806,7
6,10,2023-08-15T22:51:53.093Z,632,8
13,8,2023-08-15T22:51:53.093Z,446,13
29,27,2023-08-15T22:51:53.093Z,421,11
34,0,2023-08-15T22:51:53.093Z,208,7
3,11,2023-08-15T22:52:03.093Z,130,2
10,2,2023-08-15T22:52:03.093Z,632,2
14,13,2023-08-15T22:52:03.093Z,187,3
21,16,2023-08-15T22:52:03.093Z,554,9
26,27,2023-08-15T22:52:03.093Z,317,11
0,3,2023-08-15T22:52:13.093Z,806,1
10,2,2023-08-15T22:52:13.093Z,319,2
30,32,2023-08-15T22:52:13.093Z,870,12
3,2,2023-08-15T22:52:23.093Z,806,2
15,12,2023-08-15T22:52:23.093Z,521,3
1,0,2023-08-15T22:52:33.093Z,628,7
12,7,2023-08-15T22:52:33.093Z,521,8
25,15,2023-08-15T22:51:03.093Z,531,14
30,32,2023-08-15T22:51:03.093Z,4,12
1,33,2023-08-15T22:51:13.093Z,673,7
10,2,2023-08-15T22:51:13.093Z,669,2
16,13,2023-08-15T22:51:13.093Z,204,3
19,33,2023-08-15T22:51:13.093Z,555,7
22,21,2023-08-15T22:51:13.093Z,554,6
32,34,2023-08-15T22:51:13.093Z,4,6
34,33,2023-08-15T22:51:13.093Z,451,7
6,10,2023-08-15T22:51:23.093Z,616,8
10,9,2023-08-15T22:51:23.093Z,432,2
13,14,2023-08-15T22:51:23.093Z,204,13
16,17,2023-08-15T22:51:23.093Z,815,3
28,30,2023-08-15T22:51:23.093Z,252,10
2,6,2023-08-15T22:51:33.093Z,669,1
10,11,2023-08-15T22:51:33.093Z,616,2
15,13,2023-08-15T22:51:33.093Z,446,3
26,27,2023-08-15T22:51:33.093Z,614,11
30,32,2023-08-15T22:51:33.093Z,294,12
7,1,2023-08-15T22:51:43.093Z,911,1
14,19,2023-08-15T22:51:43.093Z,598,3
20,26,2023-08-15T22:51:43.093Z,317,4
28,30,2023-08-15T22:51:43.093Z,267,10
35,30,2023-08-15T22:51:43.093Z,78,10
3,11,2023-08-15T22:51:53.093Z,319,2
7,3,2023-08-15T22:51:53.093Z,130,1
15,12,2023-08-15T22:51:53.093Z,497,3
30,32,2023-08-15T22:51:53.093Z,569,12
2,1,2023-08-15T22:52:03.093Z,336,1
6,7,2023-08-15T22:52:03.093Z,669,8
11,10,2023-08-15T22:52:03.093Z,319,8
15,4,2023-08-15T22:52:03.093Z,594,3
22,25,2023-08-15T22:52:03.093Z,423,6
34,33,2023-08-15T22:52:03.093Z,112,7
2,1,2023-08-15T22:52:13.093Z,632,1
14,4,2023-08-15T22:52:13.093Z,204,3
0,3,2023-08-15T22:52:23.093Z,208,1
11,7,2023-08-15T22:52:23.093Z,567,8
30,32,2023-08-15T22:52:23.093Z,267,12
4,2,2023-08-15T22:52:33.093Z,594,2
16,17,2023-08-15T22:52:33.093Z,554,3
25,15,2023-08-15T22:52:33.093Z,552,14
34,33,2023-08-15T22:52:33.093Z,641,7
32,21,2023-08-15T22:52:23.093Z,294,6
10,9,2023-08-15T22:52:33.093Z,497,2
14,19,2023-08-15T22:52:33.093Z,631,3
32,25,2023-08-15T22:52:33.093Z,252,6
30,32,2023-08-15T22:52:33.093Z,78,12
12,10,2023-08-15T22:52:23.093Z,497,8
33,25,2023-08-15T22:52:23.093Z,454,6
11,10,2023-08-15T22:52:33.093Z,130,8
15,12,2023-08-15T22:52:33.093Z,531,3
33,28,2023-08-15T22:52:33.093Z,281,6
2,6,2023-08-15T22:52:43.093Z,319,1
7,3,2023-08-15T22:52:43.093Z,669,1
12,7,2023-08-15T22:52:43.093Z,531,8
28,30,2023-08-15T22:52:43.093Z,281,10
33,28,2023-08-15T22:52:43.093Z,95,6
2,6,2023-08-15T22:52:53.093Z,806,1
4,5,2023-08-15T22:52:53.093Z,204,2
9,14,2023-08-15T22:52:53.093Z,497,13
10,9,2023-08-15T22:52:53.093Z,130,2
13,8,2023-08-15T22:52:53.093Z,187,13
28,30,2023-08-15T22:52:53.093Z,95,10
2,3,2023-08-15T22:53:03.093Z,594,1
4,5,2023-08-15T22:53:03.093Z,468,2
7,6,2023-08-15T22:53:03.093Z,567,1
9,14,2023-08-15T22:53:03.093Z,130,13
25,15,2023-08-15T22:53:03.093Z,252,14
26,27,2023-08-15T22:53:03.093Z,674,11
33,25,2023-08-15T22:53:03.093Z,12,6
34,0,2023-08-15T22:53:03.093Z,556,7
4,5,2023-08-15T22:52:43.093Z,272,2
10,5,2023-08-15T22:52:43.093Z,682,2
20,26,2023-08-15T22:52:43.093Z,674,4
30,32,2023-08-15T22:52:43.093Z,44,12
32,25,2023-08-15T22:52:43.093Z,569,6
34,33,2023-08-15T22:52:43.093Z,251,7
7,1,2023-08-15T22:52:53.093Z,55,1
20,26,2023-08-15T22:52:53.093Z,611,4
25,24,2023-08-15T22:52:53.093Z,454,14
1,18,2023-08-15T22:53:03.093Z,498,7
3,5,2023-08-15T22:53:03.093Z,669,2
8,2,2023-08-15T22:53:03.093Z,187,2
32,21,2023-08-15T22:53:03.093Z,870,6
0,3,2023-08-15T22:53:13.093Z,628,1
3,5,2023-08-15T22:53:13.093Z,594,2
7,3,2023-08-15T22:53:13.093Z,521,1
19,0,2023-08-15T22:53:13.093Z,217,7
32,34,2023-08-15T22:53:13.093Z,267,6
3,11,2023-08-15T22:53:23.093Z,628,2
32,21,2023-08-15T22:53:23.093Z,78,6
18,13,2023-08-15T22:53:33.093Z,498,3
26,27,2023-08-15T22:53:33.093Z,651,11
34,33,2023-08-15T22:53:33.093Z,271,7
32,25,2023-08-15T22:53:43.093Z,95,6
19,18,2023-08-15T22:53:53.093Z,216,7
34,33,2023-08-15T22:53:53.093Z,888,7
26,27,2023-08-15T22:54:03.093Z,569,11
6,10,2023-08-15T22:54:13.093Z,556,8
28,29,2023-08-15T22:54:13.093Z,451,10
33,25,2023-08-15T22:53:13.093Z,401,6
4,5,2023-08-15T22:53:23.093Z,894,2
33,28,2023-08-15T22:53:23.093Z,905,6
20,35,2023-08-15T22:53:33.093Z,272,4
32,21,2023-08-15T22:53:33.093Z,44,6
3,2,2023-08-15T22:53:43.093Z,521,2
15,20,2023-08-15T22:53:43.093Z,552,3
25,15,2023-08-15T22:53:43.093Z,12,14
2,1,2023-08-15T22:53:53.093Z,521,1
18,4,2023-08-15T22:53:53.093Z,63,3
4,11,2023-08-15T22:54:03.093Z,63,2
6,10,2023-08-15T22:54:03.093Z,567,8
10,9,2023-08-15T22:54:13.093Z,567,2
2,3,2023-08-15T22:53:13.093Z,538,1
5,20,2023-08-15T22:53:13.093Z,272,3
14,17,2023-08-15T22:53:13.093Z,497,3
25,15,2023-08-15T22:53:13.093Z,369,14
1,33,2023-08-15T22:53:23.093Z,362,7
30,32,2023-08-15T22:53:23.093Z,95,12
5,17,2023-08-15T22:53:33.093Z,204,3
25,24,2023-08-15T22:53:33.093Z,569,14
33,25,2023-08-15T22:53:33.093Z,673,6
12,7,2023-08-15T22:53:43.093Z,846,8
14,13,2023-08-15T22:53:43.093Z,130,3
30,32,2023-08-15T22:53:43.093Z,905,12
5,20,2023-08-15T22:53:53.093Z,669,3
33,25,2023-08-15T22:53:53.093Z,555,6
25,15,2023-08-15T22:54:03.093Z,401,14
33,28,2023-08-15T22:54:03.093Z,451,6
5,13,2023-08-15T22:54:13.093Z,594,3
26,27,2023-08-15T22:53:13.093Z,611,11
0,6,2023-08-15T22:53:23.093Z,556,1
5,19,2023-08-15T22:53:23.093Z,682,3
3,5,2023-08-15T22:53:33.093Z,538,2
28,30,2023-08-15T22:53:33.093Z,905,10
2,6,2023-08-15T22:53:43.093Z,187,1
7,1,2023-08-15T22:53:43.093Z,531,1
24,26,2023-08-15T22:53:43.093Z,569,4
34,18,2023-08-15T22:53:43.093Z,63,7
7,1,2023-08-15T22:53:53.093Z,846,1
35,29,2023-08-15T22:53:53.093Z,272,10
5,13,2023-08-15T22:54:03.093Z,468,3
18,13,2023-08-15T22:54:03.093Z,216,3
33,21,2023-08-15T22:54:13.093Z,365,6
29,27,2023-08-15T22:54:23.093Z,272,11
8,5,2023-08-15T22:54:33.093Z,130,2
20,26,2023-08-15T22:54:33.093Z,552,4
1,18,2023-08-15T22:54:43.093Z,962,7
20,26,2023-08-15T22:54:43.093Z,669,4
13,8,2023-08-15T22:54:53.093Z,216,13
1,0,2023-08-15T22:55:03.093Z,284,7
5,13,2023-08-15T22:55:03.093Z,556,3
21,16,2023-08-15T22:55:03.093Z,294,9
27,31,2023-08-15T22:55:03.093Z,573,5
13,14,2023-08-15T22:55:13.093Z,498,13
19,18,2023-08-15T22:55:13.093Z,195,7
25,24,2023-08-15T22:55:13.093Z,95,14
3,5,2023-08-15T22:55:23.093Z,553,2
6,10,2023-08-15T22:55:23.093Z,217,8
24,26,2023-08-15T22:55:23.093Z,95,4
4,2,2023-08-15T22:55:33.093Z,567,2
15,12,2023-08-15T22:55:33.093Z,12,3
27,31,2023-08-15T22:55:33.093Z,360,5
34,18,2023-08-15T22:55:33.093Z,465,7
14,20,2023-08-15T22:55:43.093Z,498,3
33,25,2023-08-15T22:55:43.093Z,362,6
8,9,2023-08-15T22:55:53.093Z,932,2
33,25,2023-08-15T22:55:53.093Z,271,6
5,17,2023-08-15T22:54:23.093Z,894,3
27,31,2023-08-15T22:54:23.093Z,290,5
6,10,2023-08-15T22:54:33.093Z,187,8
27,34,2023-08-15T22:54:33.093Z,103,5
10,5,2023-08-15T22:54:43.093Z,187,2
29,27,2023-08-15T22:54:43.093Z,451,11
26,27,2023-08-15T22:54:53.093Z,552,11
2,1,2023-08-15T22:55:03.093Z,177,1
20,26,2023-08-15T22:55:03.093Z,538,4
3,2,2023-08-15T22:55:13.093Z,627,2
18,17,2023-08-15T22:55:13.093Z,387,3
4,11,2023-08-15T22:55:23.093Z,369,2
18,12,2023-08-15T22:55:23.093Z,962,3
0,6,2023-08-15T22:54:23.093Z,217,1
9,14,2023-08-15T22:54:23.093Z,567,13
13,8,2023-08-15T22:54:23.093Z,130,13
5,20,2023-08-15T22:54:33.093Z,538,3
29,29,2023-08-15T22:54:33.093Z,451,11
13,14,2023-08-15T22:54:43.093Z,468,13
1,18,2023-08-15T22:54:53.093Z,484,7
27,34,2023-08-15T22:54:53.093Z,545,5
14,4,2023-08-15T22:55:03.093Z,567,3
5,20,2023-08-15T22:55:13.093Z,130,3
27,34,2023-08-15T22:55:13.093Z,917,5
1,18,2023-08-15T22:55:23.093Z,119,7
5,20,2023-08-15T22:55:23.093Z,187,3
21,22,2023-08-15T22:55:23.093Z,870,9
33,25,2023-08-15T22:55:23.093Z,641,6
11,7,2023-08-15T22:55:33.093Z,369,8
18,20,2023-08-15T22:55:33.093Z,484,3
33,28,2023-08-15T22:55:33.093Z,251,6
8,11,2023-08-15T22:55:43.093Z,556,2
27,31,2023-08-15T22:55:43.093Z,19,5
7,1,2023-08-15T22:55:53.093Z,369,1
27,34,2023-08-15T22:55:53.093Z,403,5
35,29,2023-08-15T22:55:53.093Z,869,10
10,5,2023-08-15T22:54:23.093Z,556,2
33,25,2023-08-15T22:54:23.093Z,112,6
15,13,2023-08-15T22:54:33.093Z,252,3
34,18,2023-08-15T22:54:33.093Z,387,7
15,4,2023-08-15T22:54:43.093Z,369,3
5,20,2023-08-15T22:54:53.093Z,869,3
31,32,2023-08-15T22:54:53.093Z,290,12
13,8,2023-08-15T22:55:03.093Z,594,13
26,27,2023-08-15T22:55:03.093Z,669,11
8,5,2023-08-15T22:55:13.093Z,216,2
31,32,2023-08-15T22:55:13.093Z,573,12
13,14,2023-08-15T22:55:23.093Z,252,13
27,34,2023-08-15T22:55:23.093Z,269,5
32,21,2023-08-15T22:55:23.093Z,573,6
2,1,2023-08-15T22:55:33.093Z,627,1
14,17,2023-08-15T22:55:33.093Z,468,3
26,27,2023-08-15T22:55:33.093Z,538,11
2,3,2023-08-15T22:55:43.093Z,567,1
21,22,2023-08-15T22:55:43.093Z,78,9
34,33,2023-08-15T22:55:43.093Z,685,7
3,5,2023-08-15T22:55:53.093Z,567,2
11,7,2023-08-15T22:55:53.093Z,556,8
19,0,2023-08-15T22:55:53.093Z,311,7
22,28,2023-08-15T22:55:53.093Z,78,6
1,33,2023-08-15T22:55:33.093Z,721,7
13,8,2023-08-15T22:55:33.093Z,556,13
25,15,2023-08-15T22:55:33.093Z,555,14
0,6,2023-08-15T22:55:43.093Z,284,1
20,35,2023-08-15T22:55:43.093Z,869,4
22,34,2023-08-15T22:55:43.093Z,870,6
1,18,2023-08-15T22:55:53.093Z,471,7
6,10,2023-08-15T22:55:53.093Z,284,8
15,17,2023-08-15T22:55:53.093Z,401,3
20,26,2023-08-15T22:55:53.093Z,130,4
25,15,2023-08-15T22:55:53.093Z,112,14
7,3,2023-08-15T22:56:03.093Z,556,1
10,11,2023-08-15T22:56:03.093Z,284,2
12,7,2023-08-15T22:56:03.093Z,962,8
14,20,2023-08-15T22:56:03.093Z,252,3
15,20,2023-08-15T22:56:03.093Z,974,3
16,12,2023-08-15T22:56:03.093Z,294,3
20,26,2023-08-15T22:56:03.093Z,187,4
27,31,2023-08-15T22:56:03.093Z,992,5
29,27,2023-08-15T22:56:03.093Z,869,11
3,9,2023-08-15T22:56:13.093Z,556,2
5,17,2023-08-15T22:56:13.093Z,216,3
11,7,2023-08-15T22:56:13.093Z,284,8
18,13,2023-08-15T22:56:13.093Z,195,3
20,26,2023-08-15T22:56:13.093Z,484,4
26,27,2023-08-15T22:56:13.093Z,130,11
5,17,2023-08-15T22:56:23.093Z,553,3
27,31,2023-08-15T22:56:23.093Z,647,5
34,18,2023-08-15T22:56:23.093Z,249,7
25,24,2023-08-15T22:56:33.093Z,271,14
4,9,2023-08-15T22:56:43.093Z,555,2
21,22,2023-08-15T22:56:43.093Z,573,9
31,32,2023-08-15T22:56:43.093Z,992,12
15,17,2023-08-15T22:56:53.093Z,112,3
21,16,2023-08-15T22:56:03.093Z,44,9
28,29,2023-08-15T22:56:03.093Z,78,10
34,18,2023-08-15T22:56:03.093Z,242,7
1,18,2023-08-15T22:56:13.093Z,701,7
9,14,2023-08-15T22:56:13.093Z,932,13
15,12,2023-08-15T22:56:13.093Z,638,3
25,15,2023-08-15T22:56:13.093Z,641,14
1,33,2023-08-15T22:56:23.093Z,264,7
25,15,2023-08-15T22:56:23.093Z,362,14
33,28,2023-08-15T22:56:23.093Z,888,6
18,20,2023-08-15T22:56:33.093Z,465,3
34,18,2023-08-15T22:56:33.093Z,11,7
18,4,2023-08-15T22:56:43.093Z,471,3
32,25,2023-08-15T22:56:43.093Z,19,6
3,5,2023-08-15T22:56:53.093Z,792,2
4,9,2023-08-15T22:56:53.093Z,471,2
16,20,2023-08-15T22:56:53.093Z,44,3
34,18,2023-08-15T22:56:53.093Z,52,7
19,18,2023-08-15T22:57:03.093Z,289,7
1,18,2023-08-15T22:57:13.093Z,690,7
8,5,2023-08-15T22:57:13.093Z,555,2
21,16,2023-08-15T22:56:13.093Z,995,9
31,32,2023-08-15T22:56:13.093Z,360,12
9,8,2023-08-15T22:56:23.093Z,279,13
18,13,2023-08-15T22:56:23.093Z,119,3
12,10,2023-08-15T22:57:23.093Z,294,8
10,5,2023-08-15T22:57:33.093Z,294,2
16,4,2023-08-15T22:57:33.093Z,256,3
27,34,2023-08-15T22:57:33.093Z,836,5
19,33,2023-08-15T22:56:23.093Z,598,7
5,17,2023-08-15T22:56:33.093Z,567,3
15,4,2023-08-15T22:56:33.093Z,555,3
27,31,2023-08-15T22:56:33.093Z,579,5
31,32,2023-08-15T22:56:33.093Z,19,12
15,20,2023-08-15T22:56:43.093Z,858,3
27,31,2023-08-15T22:56:43.093Z,80,5
2,6,2023-08-15T22:56:53.093Z,279,1
14,12,2023-08-15T22:56:53.093Z,932,3
32,34,2023-08-15T22:56:53.093Z,992,6
9,8,2023-08-15T22:57:03.093Z,555,13
27,34,2023-08-15T22:57:03.093Z,900,5
18,4,2023-08-15T22:57:13.093Z,242,3
32,25,2023-08-15T22:57:13.093Z,888,6
6,7,2023-08-15T22:57:23.093Z,279,8
28,30,2023-08-15T22:57:23.093Z,721,10
32,25,2023-08-15T22:57:23.093Z,647,6
18,17,2023-08-15T22:57:33.093Z,249,3
33,21,2023-08-15T22:56:53.093Z,685,6
16,12,2023-08-15T22:57:03.093Z,995,3
31,32,2023-08-15T22:57:03.093Z,647,12
6,7,2023-08-15T22:57:13.093Z,22,8
9,8,2023-08-15T22:57:13.093Z,471,13
27,34,2023-08-15T22:56:13.093Z,402,5
34,33,2023-08-15T22:56:13.093Z,536,7
34,33,2023-08-15T22:57:13.093Z,807,7
18,13,2023-08-15T22:57:23.093Z,701,3
26,27,2023-08-15T22:57:23.093Z,187,11
33,28,2023-08-15T22:57:23.093Z,264,6
1,0,2023-08-15T22:57:33.093Z,739,7
12,7,2023-08-15T22:57:33.093Z,660,8
21,23,2023-08-15T22:57:33.093Z,685,9
34,0,2023-08-15T22:57:33.093Z,405,7
32,25,2023-08-15T22:56:23.093Z,360,6
7,6,2023-08-15T22:56:33.093Z,962,1
21,16,2023-08-15T22:56:33.093Z,365,9
28,30,2023-08-15T22:56:33.093Z,888,10
8,2,2023-08-15T22:56:43.093Z,279,2
25,15,2023-08-15T22:56:43.093Z,360,14
33,28,2023-08-15T22:56:43.093Z,721,6
6,10,2023-08-15T22:56:53.093Z,962,8
22,28,2023-08-15T22:56:53.093Z,573,6
1,0,2023-08-15T22:57:03.093Z,837,7
25,15,2023-08-15T22:57:03.093Z,19,14
30,32,2023-08-15T22:57:03.093Z,888,12
31,32,2023-08-15T22:57:13.093Z,579,12
33,25,2023-08-15T22:57:13.093Z,536,6
16,4,2023-08-15T22:57:23.093Z,365,3
31,32,2023-08-15T22:57:23.093Z,80,12
5,12,2023-08-15T22:57:33.093Z,792,3
32,28,2023-08-15T22:57:33.093Z,579,6
0,6,2023-08-15T22:57:43.093Z,311,1
3,2,2023-08-15T22:57:43.093Z,246,2
4,11,2023-08-15T22:57:43.093Z,242,2
5,17,2023-08-15T22:57:43.093Z,555,3
7,1,2023-08-15T22:57:43.093Z,22,1
12,10,2023-08-15T22:57:43.093Z,638,8
23,24,2023-08-15T22:57:43.093Z,685,14
26,27,2023-08-15T22:57:43.093Z,484,11
28,29,2023-08-15T22:57:43.093Z,232,10
30,32,2023-08-15T22:57:43.093Z,721,12
32,34,2023-08-15T22:57:43.093Z,80,6
34,18,2023-08-15T22:57:43.093Z,315,7
0,6,2023-08-15T22:57:53.093Z,837,1
1,18,2023-08-15T22:57:53.093Z,67,7
4,2,2023-08-15T22:57:53.093Z,365,2
7,1,2023-08-15T22:57:53.093Z,279,1
10,5,2023-08-15T22:57:53.093Z,638,2
11,10,2023-08-15T22:57:53.093Z,242,8
12,10,2023-08-15T22:57:53.093Z,932,8
13,8,2023-08-15T22:57:53.093Z,195,13
18,20,2023-08-15T22:57:53.093Z,11,3
25,24,2023-08-15T22:57:53.093Z,888,14
26,27,2023-08-15T22:57:53.093Z,565,11
27,34,2023-08-15T22:57:53.093Z,614,5
28,29,2023-08-15T22:57:53.093Z,264,10
29,27,2023-08-15T22:57:53.093Z,232,11
30,32,2023-08-15T22:57:53.093Z,990,12
4,2,2023-08-15T22:58:03.093Z,256,2
7,6,2023-08-15T22:58:03.093Z,660,1
10,2,2023-08-15T22:58:03.093Z,242,2
12,7,2023-08-15T22:58:03.093Z,995,8
13,8,2023-08-15T22:58:03.093Z,608,13
18,20,2023-08-15T22:58:03.093Z,52,3
20,35,2023-08-15T22:58:03.093Z,498,4
24,35,2023-08-15T22:58:03.093Z,685,4
27,34,2023-08-15T22:58:03.093Z,615,5
32,25,2023-08-15T22:58:03.093Z,721,6
34,18,2023-08-15T22:58:03.093Z,293,7
0,6,2023-08-15T22:58:13.093Z,739,1
6,10,2023-08-15T22:58:13.093Z,311,8
10,5,2023-08-15T22:58:13.093Z,932,2
13,8,2023-08-15T22:58:13.093Z,119,13
18,4,2023-08-15T22:58:13.093Z,289,3
20,35,2023-08-15T22:58:13.093Z,252,4
24,35,2023-08-15T22:58:13.093Z,888,4
25,15,2023-08-15T22:58:13.093Z,536,14
27,34,2023-08-15T22:58:13.093Z,421,5
31,32,2023-08-15T22:58:13.093Z,559,12
32,25,2023-08-15T22:58:13.093Z,990,6
34,18,2023-08-15T22:58:13.093Z,727,7
0,6,2023-08-15T22:58:23.093Z,405,1
1,0,2023-08-15T22:58:23.093Z,582,7
6,10,2023-08-15T22:58:23.093Z,837,8
7,3,2023-08-15T22:58:23.093Z,995,1
10,5,2023-08-15T22:58:23.093Z,863,2
12,7,2023-08-15T22:58:23.093Z,792,8
18,12,2023-08-15T22:58:23.093Z,690,3
20,26,2023-08-15T22:58:23.093Z,974,4
23,15,2023-08-15T22:58:23.093Z,422,14
25,15,2023-08-15T22:58:23.093Z,647,14
27,31,2023-08-15T22:58:23.093Z,317,5
29,27,2023-08-15T22:58:23.093Z,264,11
32,21,2023-08-15T22:58:23.093Z,559,6
34,33,2023-08-15T22:58:23.093Z,788,7
1,18,2023-08-15T22:58:33.093Z,58,7
2,1,2023-08-15T22:58:33.093Z,246,1
3,9,2023-08-15T22:58:33.093Z,995,2
4,5,2023-08-15T22:58:33.093Z,289,2
7,1,2023-08-15T22:58:33.093Z,792,1
8,5,2023-08-15T22:58:33.093Z,195,2
13,14,2023-08-15T22:58:33.093Z,701,13
18,12,2023-08-15T22:58:33.093Z,315,3
20,26,2023-08-15T22:58:33.093Z,465,4
26,27,2023-08-15T22:58:33.093Z,974,11
27,34,2023-08-15T22:58:33.093Z,674,5
28,29,2023-08-15T22:58:33.093Z,822,10
35,29,2023-08-15T22:58:33.093Z,498,10
2,3,2023-08-15T22:58:43.093Z,365,1
6,10,2023-08-15T22:58:43.093Z,660,8
9,14,2023-08-15T22:58:43.093Z,995,13
10,11,2023-08-15T22:58:43.093Z,837,2
12,10,2023-08-15T22:58:43.093Z,690,8
14,17,2023-08-15T22:58:43.093Z,701,3
27,34,2023-08-15T22:58:43.093Z,611,5
31,32,2023-08-15T22:58:43.093Z,317,12
2,3,2023-08-15T22:58:53.093Z,256,1
6,10,2023-08-15T22:58:53.093Z,739,8
10,5,2023-08-15T22:58:53.093Z,962,2
27,34,2023-08-15T22:58:53.093Z,651,5
35,29,2023-08-15T22:58:53.093Z,252,10
2,6,2023-08-15T22:59:03.093Z,242,1
8,5,2023-08-15T22:59:03.093Z,608,2
18,17,2023-08-15T22:59:03.093Z,293,3
21,16,2023-08-15T22:59:03.093Z,559,9
25,15,2023-08-15T22:59:03.093Z,990,14
29,27,2023-08-15T22:59:03.093Z,498,11
1,33,2023-08-15T22:59:13.093Z,318,7
5,13,2023-08-15T22:59:13.093Z,294,3
7,3,2023-08-15T22:59:13.093Z,405,1
11,7,2023-08-15T22:59:13.093Z,365,8
18,17,2023-08-15T22:59:13.093Z,727,3
28,29,2023-08-15T22:59:13.093Z,579,10
34,33,2023-08-15T22:59:13.093Z,898,7
18,17,2023-08-15T22:58:43.093Z,67,3
29,27,2023-08-15T22:58:43.093Z,822,11
35,29,2023-08-15T22:58:43.093Z,685,10
3,11,2023-08-15T22:58:53.093Z,365,2
8,5,2023-08-15T22:58:53.093Z,602,2
25,15,2023-08-15T22:58:53.093Z,721,14
32,21,2023-08-15T22:58:53.093Z,317,6
0,3,2023-08-15T22:59:03.093Z,582,1
6,7,2023-08-15T22:59:03.093Z,405,8
10,5,2023-08-15T22:59:03.093Z,660,2
20,35,2023-08-15T22:59:03.093Z,858,4
24,35,2023-08-15T22:59:03.093Z,513,4
26,27,2023-08-15T22:59:03.093Z,465,11
35,29,2023-08-15T22:59:03.093Z,888,10
3,5,2023-08-15T22:59:13.093Z,256,2
6,7,2023-08-15T22:59:13.093Z,242,8
8,5,2023-08-15T22:59:13.093Z,119,2
14,13,2023-08-15T22:59:13.093Z,995,3
20,35,2023-08-15T22:59:13.093Z,44,4
29,27,2023-08-15T22:59:13.093Z,685,11
3,5,2023-08-15T22:59:23.093Z,582,2
9,8,2023-08-15T22:59:33.093Z,690,13
20,35,2023-08-15T22:59:33.093Z,52,4
27,31,2023-08-15T22:59:33.093Z,451,5
18,17,2023-08-15T22:59:23.093Z,58,3
21,16,2023-08-15T22:59:23.093Z,317,9
29,27,2023-08-15T22:59:23.093Z,252,11
35,30,2023-08-15T22:59:23.093Z,858,10
5,19,2023-08-15T22:59:33.093Z,638,3
31,32,2023-08-15T22:59:33.093Z,272,12
1,0,2023-08-15T22:59:43.093Z,500,7
27,34,2023-08-15T22:59:43.093Z,552,5
5,13,2023-08-15T22:59:53.093Z,863,3
9,8,2023-08-15T22:59:53.093Z,739,13
1,0,2023-08-15T22:59:23.093Z,325,7
10,9,2023-08-15T22:59:23.093Z,690,2
1,0,2023-08-15T22:59:33.093Z,92,7
3,11,2023-08-15T22:59:33.093Z,405,2
7,3,2023-08-15T22:59:33.093Z,242,1
34,33,2023-08-15T22:59:43.093Z,148,7
0,3,2023-08-15T22:59:53.093Z,325,1
34,33,2023-08-15T22:59:33.093Z,385,7
5,19,2023-08-15T22:59:43.093Z,932,3
8,2,2023-08-15T22:59:43.093Z,690,2
11,10,2023-08-15T22:59:43.093Z,405,8
16,13,2023-08-15T22:59:43.093Z,559,3
29,27,2023-08-15T22:59:43.093Z,579,11
20,35,2023-08-15T22:59:23.093Z,11,4
27,31,2023-08-15T22:59:23.093Z,272,5
34,18,2023-08-15T22:59:23.093Z,578,7
30,32,2023-08-15T22:59:33.093Z,858,12
3,5,2023-08-15T22:59:43.093Z,242,2
10,9,2023-08-15T22:59:43.093Z,739,2
24,35,2023-08-15T22:59:43.093Z,71,4
32,34,2023-08-15T22:59:43.093Z,858,6
1,18,2023-08-15T22:59:53.093Z,260,7
2,3,2023-08-15T22:59:53.093Z,690,1
18,12,2023-08-15T22:59:53.093Z,578,3
27,34,2023-08-15T22:59:53.093Z,669,5
0,6,2023-08-15T23:00:03.093Z,92,1
8,2,2023-08-15T23:00:03.093Z,739,2
32,34,2023-08-15T23:00:03.093Z,427,6
5,13,2023-08-15T23:00:13.093Z,289,3
27,34,2023-08-15T23:00:13.093Z,869,5
30,32,2023-08-15T23:00:13.093Z,513,12
34,18,2023-08-15T23:00:13.093Z,16,7
35,30,2023-08-15T23:00:13.093Z,11,10
18,4,2023-08-15T23:00:23.093Z,626,3
29,27,2023-08-15T23:00:23.093Z,44,11
32,34,2023-08-15T23:00:23.093Z,451,6
8,2,2023-08-15T23:00:43.093Z,325,2
29,27,2023-08-15T23:00:43.093Z,71,11
34,18,2023-08-15T23:00:43.093Z,24,7
15,17,2023-08-15T23:00:53.093Z,641,3
17,22,2023-08-15T23:00:53.093Z,610,9
32,28,2023-08-15T23:00:53.093Z,11,6
30,32,2023-08-15T22:59:53.093Z,281,12
7,6,2023-08-15T23:00:03.093Z,365,1
34,18,2023-08-15T23:00:03.093Z,626,7
0,3,2023-08-15T23:00:13.093Z,500,1
3,11,2023-08-15T23:00:13.093Z,690,2
11,10,2023-08-15T23:00:13.093Z,325,8
18,13,2023-08-15T23:00:13.093Z,260,3
6,10,2023-08-15T23:00:23.093Z,365,8
10,9,2023-08-15T23:00:23.093Z,325,2
17,22,2023-08-15T23:00:23.093Z,7,9
13,14,2023-08-15T23:00:33.093Z,863,13
35,29,2023-08-15T23:00:33.093Z,71,10
1,0,2023-08-15T23:00:53.093Z,875,7
14,17,2023-08-15T23:00:53.093Z,559,3
21,16,2023-08-15T23:00:53.093Z,281,9
32,21,2023-08-15T22:59:53.093Z,272,6
35,30,2023-08-15T22:59:53.093Z,513,10
3,11,2023-08-15T23:00:03.093Z,325,2
16,12,2023-08-15T23:00:03.093Z,317,3
27,34,2023-08-15T23:00:03.093Z,538,5
32,21,2023-08-15T23:00:13.093Z,281,6
13,14,2023-08-15T23:00:23.093Z,559,13
27,31,2023-08-15T23:00:23.093Z,130,5
30,32,2023-08-15T23:00:23.093Z,11,12
34,0,2023-08-15T23:00:23.093Z,700,7
3,5,2023-08-15T23:00:33.093Z,500,2
9,8,2023-08-15T23:00:33.093Z,325,13
17,22,2023-08-15T23:00:33.093Z,734,9
17,22,2023-08-15T23:00:43.093Z,940,9
32,21,2023-08-15T23:00:43.093Z,513,6
13,8,2023-08-15T23:00:53.093Z,289,13
16,13,2023-08-15T23:00:53.093Z,272,3
27,34,2023-08-15T23:00:53.093Z,187,5
10,9,2023-08-15T22:59:53.093Z,405,2
31,32,2023-08-15T22:59:53.093Z,451,12
9,8,2023-08-15T23:00:03.093Z,405,13
35,29,2023-08-15T23:00:03.093Z,44,10
1,18,2023-08-15T23:00:13.093Z,525,7
8,5,2023-08-15T23:00:13.093Z,405,2
13,8,2023-08-15T23:00:13.093Z,995,13
5,4,2023-08-15T23:00:23.093Z,195,3
8,2,2023-08-15T23:00:23.093Z,995,2
11,7,2023-08-15T23:00:23.093Z,690,8
10,5,2023-08-15T23:00:33.093Z,365,2
21,16,2023-08-15T23:00:33.093Z,272,9
2,6,2023-08-15T23:00:43.093Z,995,1
6,10,2023-08-15T23:00:53.093Z,995,8
18,13,2023-08-15T23:00:53.093Z,525,3
0,6,2023-08-15T23:01:03.093Z,700,1
8,9,2023-08-15T23:01:03.093Z,289,2
18,13,2023-08-15T23:01:03.093Z,16,3
1,18,2023-08-15T23:01:13.093Z,150,7
11,10,2023-08-15T23:01:13.093Z,195,8
21,22,2023-08-15T23:01:13.093Z,513,9
0,6,2023-08-15T23:01:23.093Z,875,1
10,9,2023-08-15T23:01:23.093Z,195,2
20,35,2023-08-15T23:01:23.093Z,602,4
6,7,2023-08-15T23:01:33.093Z,325,8
17,22,2023-08-15T23:01:33.093Z,128,9
3,2,2023-08-15T23:01:43.093Z,317,2
15,20,2023-08-15T23:01:43.093Z,536,3
30,32,2023-08-15T23:01:43.093Z,602,12
5,12,2023-08-15T23:01:53.093Z,256,3
17,16,2023-08-15T23:01:53.093Z,925,9
27,34,2023-08-15T23:01:53.093Z,822,5
9,8,2023-08-15T23:02:03.093Z,863,13
27,31,2023-08-15T23:02:03.093Z,465,5
8,2,2023-08-15T23:02:13.093Z,863,2
15,12,2023-08-15T23:02:13.093Z,721,3
5,20,2023-08-15T23:02:23.093Z,582,3
15,17,2023-08-15T23:02:23.093Z,73,3
27,34,2023-08-15T23:02:23.093Z,498,5
8,2,2023-08-15T23:02:33.093Z,24,2
18,20,2023-08-15T23:02:33.093Z,98,3
31,32,2023-08-15T23:02:33.093Z,264,12
5,20,2023-08-15T23:01:03.093Z,602,3
14,4,2023-08-15T23:01:03.093Z,863,3
34,33,2023-08-15T23:01:03.093Z,258,7
5,17,2023-08-15T23:01:13.093Z,962,3
15,12,2023-08-15T23:01:13.093Z,362,3
31,32,2023-08-15T23:01:13.093Z,130,12
5,19,2023-08-15T23:01:23.093Z,608,3
18,4,2023-08-15T23:01:23.093Z,24,3
4,11,2023-08-15T23:01:03.093Z,195,2
13,14,2023-08-15T23:01:03.093Z,260,13
28,29,2023-08-15T23:01:03.093Z,11,10
4,5,2023-08-15T23:01:13.093Z,626,2
13,14,2023-08-15T23:01:13.093Z,272,13
28,29,2023-08-15T23:01:13.093Z,573,10
4,9,2023-08-15T23:01:23.093Z,863,2
17,22,2023-08-15T23:01:23.093Z,758,9
29,27,2023-08-15T23:01:23.093Z,573,11
14,12,2023-08-15T23:01:33.093Z,272,3
27,31,2023-08-15T23:01:33.093Z,264,5
5,17,2023-08-15T23:01:43.093Z,660,3
18,20,2023-08-15T23:01:43.093Z,150,3
34,0,2023-08-15T23:01:43.093Z,295,7
12,7,2023-08-15T23:01:53.093Z,362,8
19,33,2023-08-15T23:01:53.093Z,357,7
34,18,2023-08-15T23:01:53.093Z,98,7
17,22,2023-08-15T23:02:03.093Z,206,9
0,6,2023-08-15T23:02:13.093Z,295,1
12,7,2023-08-15T23:02:13.093Z,315,8
21,16,2023-08-15T23:02:13.093Z,940,9
12,7,2023-08-15T23:02:23.093Z,272,8
20,26,2023-08-15T23:02:23.093Z,281,4
2,1,2023-08-15T23:02:33.093Z,863,1
15,20,2023-08-15T23:02:33.093Z,990,3
27,31,2023-08-15T23:02:33.093Z,685,5
1,33,2023-08-15T23:01:03.093Z,979,7
10,5,2023-08-15T23:01:03.093Z,995,2
27,31,2023-08-15T23:01:03.093Z,484,5
2,6,2023-08-15T23:01:13.093Z,325,1
12,7,2023-08-15T23:01:13.093Z,317,8
27,34,2023-08-15T23:01:13.093Z,565,5
1,18,2023-08-15T23:01:23.093Z,431,7
14,12,2023-08-15T23:01:23.093Z,260,3
27,34,2023-08-15T23:01:23.093Z,232,5
1,18,2023-08-15T23:01:33.093Z,938,7
16,20,2023-08-15T23:01:33.093Z,281,3
35,30,2023-08-15T23:01:33.093Z,602,10
11,7,2023-08-15T23:01:43.093Z,837,8
27,34,2023-08-15T23:01:43.093Z,974,5
2,1,2023-08-15T23:01:53.093Z,317,1
15,13,2023-08-15T23:01:53.093Z,422,3
22,21,2023-08-15T23:01:53.093Z,940,6
7,1,2023-08-15T23:02:03.093Z,837,1
22,25,2023-08-15T23:02:03.093Z,610,6
5,4,2023-08-15T23:02:13.093Z,119,3
14,17,2023-08-15T23:02:13.093Z,289,3
34,18,2023-08-15T23:02:13.093Z,786,7
13,8,2023-08-15T23:02:23.093Z,525,13
23,15,2023-08-15T23:02:23.093Z,554,14
7,1,2023-08-15T23:02:33.093Z,315,1
16,12,2023-08-15T23:02:33.093Z,925,3
28,29,2023-08-15T23:02:33.093Z,126,10
7,3,2023-08-15T23:01:33.093Z,317,1
22,28,2023-08-15T23:01:33.093Z,734,6
4,9,2023-08-15T23:01:43.093Z,24,2
17,22,2023-08-15T23:01:43.093Z,815,9
31,32,2023-08-15T23:01:43.093Z,484,12
9,14,2023-08-15T23:01:53.093Z,289,13
18,13,2023-08-15T23:01:53.093Z,431,3
32,21,2023-08-15T23:01:53.093Z,602,6
15,13,2023-08-15T23:02:03.093Z,647,3
32,25,2023-08-15T23:02:03.093Z,484,6
9,14,2023-08-15T23:02:13.093Z,195,13
17,23,2023-08-15T23:02:13.093Z,554,9
9,8,2023-08-15T23:02:23.093Z,24,13
18,4,2023-08-15T23:02:23.093Z,938,3
34,18,2023-08-15T23:02:23.093Z,714,7
12,7,2023-08-15T23:02:33.093Z,256,8
20,35,2023-08-15T23:02:33.093Z,536,4
34,33,2023-08-15T23:02:33.093Z,400,7
7,1,2023-08-15T23:02:43.093Z,272,1
20,26,2023-08-15T23:02:43.093Z,150,4
29,27,2023-08-15T23:02:43.093Z,126,11
6,10,2023-08-15T23:02:53.093Z,227,8
13,14,2023-08-15T23:02:53.093Z,431,13
23,24,2023-08-15T23:02:53.093Z,497,14
5,4,2023-08-15T23:03:03.093Z,500,3
14,20,2023-08-15T23:03:03.093Z,422,3
21,16,2023-08-15T23:03:03.093Z,602,9
34,33,2023-08-15T23:03:03.093Z,634,7
7,1,2023-08-15T23:03:13.093Z,256,1
11,7,2023-08-15T23:03:13.093Z,227,8
20,35,2023-08-15T23:03:13.093Z,990,4
5,20,2023-08-15T23:03:23.093Z,995,3
12,10,2023-08-15T23:03:23.093Z,786,8
21,23,2023-08-15T23:03:23.093Z,264,9
4,9,2023-08-15T23:02:43.093Z,119,2
13,14,2023-08-15T23:02:43.093Z,422,13
26,27,2023-08-15T23:02:43.093Z,281,11
2,6,2023-08-15T23:02:53.093Z,24,1
9,14,2023-08-15T23:02:53.093Z,119,13
17,22,2023-08-15T23:02:53.093Z,204,9
31,32,2023-08-15T23:02:53.093Z,465,12
10,11,2023-08-15T23:03:03.093Z,227,2
17,22,2023-08-15T23:03:03.093Z,894,9
31,32,2023-08-15T23:03:03.093Z,685,12
5,20,2023-08-15T23:03:13.093Z,365,3
9,8,2023-08-15T23:03:13.093Z,938,13
14,12,2023-08-15T23:03:13.093Z,119,3
32,28,2023-08-15T23:03:13.093Z,685,6
9,8,2023-08-15T23:03:23.093Z,500,13
16,12,2023-08-15T23:03:23.093Z,602,3
25,15,2023-08-15T23:03:23.093Z,465,14
27,34,2023-08-15T23:03:23.093Z,573,5
1,33,2023-08-15T23:03:33.093Z,759,7
5,20,2023-08-15T23:03:33.093Z,626,3
7,1,2023-08-15T23:03:33.093Z,241,1
9,8,2023-08-15T23:03:33.093Z,295,13
15,20,2023-08-15T23:03:33.093Z,610,3
22,21,2023-08-15T23:03:33.093Z,758,6
31,32,2023-08-15T23:03:33.093Z,370,12
7,3,2023-08-15T23:03:43.093Z,227,1
10,11,2023-08-15T23:03:43.093Z,24,2
17,23,2023-08-15T23:03:43.093Z,216,9
20,35,2023-08-15T23:03:43.093Z,422,4
23,24,2023-08-15T23:03:43.093Z,401,14
32,21,2023-08-15T23:03:43.093Z,370,6
3,11,2023-08-15T23:03:53.093Z,647,2
7,1,2023-08-15T23:03:53.093Z,925,1
11,7,2023-08-15T23:03:53.093Z,295,8
24,26,2023-08-15T23:03:53.093Z,401,4
34,33,2023-08-15T23:03:53.093Z,109,7
3,5,2023-08-15T23:04:03.093Z,227,2
11,7,2023-08-15T23:04:03.093Z,24,8
15,12,2023-08-15T23:04:03.093Z,264,3
21,16,2023-08-15T23:04:03.093Z,758,9
26,27,2023-08-15T23:04:03.093Z,401,11
34,33,2023-08-15T23:04:03.093Z,843,7
1,18,2023-08-15T23:04:13.093Z,358,7
5,4,2023-08-15T23:04:13.093Z,217,3
11,10,2023-08-15T23:04:13.093Z,647,8
13,14,2023-08-15T23:04:13.093Z,465,13
20,35,2023-08-15T23:04:13.093Z,554,4
25,15,2023-08-15T23:04:13.093Z,952,14
32,34,2023-08-15T23:04:13.093Z,126,6
35,29,2023-08-15T23:04:13.093Z,422,10
5,17,2023-08-15T23:02:43.093Z,242,3
8,5,2023-08-15T23:02:43.093Z,525,2
17,23,2023-08-15T23:02:43.093Z,497,9
25,15,2023-08-15T23:02:43.093Z,610,14
27,34,2023-08-15T23:02:43.093Z,252,5
34,33,2023-08-15T23:02:43.093Z,382,7
4,9,2023-08-15T23:02:53.093Z,938,2
7,1,2023-08-15T23:02:53.093Z,284,1
12,7,2023-08-15T23:02:53.093Z,721,8
14,17,2023-08-15T23:02:53.093Z,195,3
18,12,2023-08-15T23:02:53.093Z,786,3
27,34,2023-08-15T23:02:53.093Z,579,5
32,21,2023-08-15T23:02:53.093Z,264,6
6,7,2023-08-15T23:03:03.093Z,241,8
13,8,2023-08-15T23:03:03.093Z,647,13
15,20,2023-08-15T23:03:03.093Z,554,3
18,12,2023-08-15T23:03:03.093Z,714,3
27,34,2023-08-15T23:03:03.093Z,44,5
32,25,2023-08-15T23:03:03.093Z,465,6
4,9,2023-08-15T23:03:13.093Z,500,2
6,10,2023-08-15T23:03:13.093Z,295,8
8,2,2023-08-15T23:03:13.093Z,647,2
10,5,2023-08-15T23:03:13.093Z,217,2
12,7,2023-08-15T23:03:13.093Z,925,8
17,16,2023-08-15T23:03:13.093Z,387,9
27,34,2023-08-15T23:03:13.093Z,71,5
1,18,2023-08-15T23:03:23.093Z,257,7
7,6,2023-08-15T23:03:23.093Z,721,1
10,9,2023-08-15T23:03:23.093Z,295,2
14,20,2023-08-15T23:03:23.093Z,431,3
17,22,2023-08-15T23:03:23.093Z,468,9
22,34,2023-08-15T23:03:23.093Z,513,6
26,27,2023-08-15T23:03:23.093Z,150,11
34,0,2023-08-15T23:03:23.093Z,791,7
2,3,2023-08-15T23:03:33.093Z,647,1
6,10,2023-08-15T23:03:33.093Z,24,8
8,2,2023-08-15T23:03:33.093Z,500,2
10,2,2023-08-15T23:03:33.093Z,786,2
17,23,2023-08-15T23:03:33.093Z,401,9
23,15,2023-08-15T23:03:33.093Z,264,14
34,33,2023-08-15T23:03:33.093Z,97,7
8,11,2023-08-15T23:03:43.093Z,295,2
15,13,2023-08-15T23:03:43.093Z,465,3
18,12,2023-08-15T23:03:43.093Z,257,3
22,21,2023-08-15T23:03:43.093Z,128,6
27,34,2023-08-15T23:03:43.093Z,281,5
2,3,2023-08-15T23:03:53.093Z,786,1
5,4,2023-08-15T23:03:53.093Z,525,3
10,5,2023-08-15T23:03:53.093Z,832,2
16,20,2023-08-15T23:03:53.093Z,387,3
27,31,2023-08-15T23:03:53.093Z,126,5
0,6,2023-08-15T23:04:03.093Z,791,1
7,3,2023-08-15T23:04:03.093Z,295,1
12,7,2023-08-15T23:04:03.093Z,714,8
19,33,2023-08-15T23:04:03.093Z,829,7
22,34,2023-08-15T23:04:03.093Z,815,6
31,32,2023-08-15T23:04:03.093Z,126,12
35,29,2023-08-15T23:04:03.093Z,990,10
3,11,2023-08-15T23:04:13.093Z,194,2
8,11,2023-08-15T23:04:13.093Z,471,2
12,10,2023-08-15T23:04:13.093Z,119,8
17,16,2023-08-15T23:04:13.093Z,553,9
22,34,2023-08-15T23:04:13.093Z,206,6
29,27,2023-08-15T23:04:13.093Z,990,11
34,18,2023-08-15T23:04:13.093Z,463,7
4,11,2023-08-15T23:04:23.093Z,525,2
10,5,2023-08-15T23:04:23.093Z,647,2
12,10,2023-08-15T23:04:23.093Z,602,8
14,17,2023-08-15T23:04:23.093Z,465,3
17,22,2023-08-15T23:04:23.093Z,567,9
21,23,2023-08-15T23:04:23.093Z,128,9
29,27,2023-08-15T23:04:23.093Z,393,11
35,30,2023-08-15T23:04:23.093Z,536,10
1,0,2023-08-15T23:04:33.093Z,584,7
10,2,2023-08-15T23:04:33.093Z,119,2
11,7,2023-08-15T23:04:33.093Z,194,8
16,4,2023-08-15T23:04:33.093Z,553,3
17,23,2023-08-15T23:04:33.093Z,112,9
18,17,2023-08-15T23:04:33.093Z,358,3
20,26,2023-08-15T23:04:33.093Z,365,4
23,15,2023-08-15T23:04:33.093Z,128,14
28,29,2023-08-15T23:04:33.093Z,734,10
29,27,2023-08-15T23:04:33.093Z,422,11
30,32,2023-08-15T23:04:33.093Z,536,12
1,33,2023-08-15T23:04:43.093Z,760,7
3,9,2023-08-15T23:04:43.093Z,786,2
5,19,2023-08-15T23:04:43.093Z,832,3
7,3,2023-08-15T23:04:43.093Z,24,1
10,2,2023-08-15T23:04:43.093Z,602,2
11,7,2023-08-15T23:04:43.093Z,471,8
12,7,2023-08-15T23:04:43.093Z,257,8
17,22,2023-08-15T23:04:43.093Z,249,9
21,22,2023-08-15T23:04:43.093Z,370,9
23,24,2023-08-15T23:04:43.093Z,112,14
25,15,2023-08-15T23:04:43.093Z,423,14
34,18,2023-08-15T23:04:43.093Z,945,7
0,6,2023-08-15T23:04:53.093Z,584,1
3,5,2023-08-15T23:04:53.093Z,295,2
4,9,2023-08-15T23:04:53.093Z,217,2
5,13,2023-08-15T23:04:53.093Z,227,3
7,6,2023-08-15T23:04:53.093Z,714,1
9,14,2023-08-15T23:04:53.093Z,786,13
11,7,2023-08-15T23:04:53.093Z,525,8
18,17,2023-08-15T23:04:53.093Z,463,3
20,35,2023-08-15T23:04:53.093Z,995,4
22,25,2023-08-15T23:04:53.093Z,204,6
26,27,2023-08-15T23:04:53.093Z,365,11
29,27,2023-08-15T23:04:53.093Z,734,11
32,34,2023-08-15T23:04:53.093Z,536,6
3,5,2023-08-15T23:05:03.093Z,24,2
4,2,2023-08-15T23:05:03.093Z,553,2
7,1,2023-08-15T23:05:03.093Z,690,1
12,7,2023-08-15T23:05:03.093Z,957,8
20,26,2023-08-15T23:05:03.093Z,431,4
22,21,2023-08-15T23:05:03.093Z,894,6
25,24,2023-08-15T23:05:03.093Z,204,14
27,31,2023-08-15T23:05:03.093Z,150,5
34,18,2023-08-15T23:05:03.093Z,801,7
1,18,2023-08-15T23:05:13.093Z,846,7
2,1,2023-08-15T23:05:13.093Z,602,1
5,20,2023-08-15T23:05:13.093Z,295,3
6,10,2023-08-15T23:05:13.093Z,714,8
9,14,2023-08-15T23:05:13.093Z,217,13
13,14,2023-08-15T23:05:13.093Z,227,13
14,20,2023-08-15T23:05:13.093Z,786,3
15,13,2023-08-15T23:05:13.093Z,952,3
17,16,2023-08-15T23:05:13.093Z,606,9
18,13,2023-08-15T23:05:13.093Z,945,3
19,0,2023-08-15T23:05:13.093Z,682,7
20,26,2023-08-15T23:05:13.093Z,626,4
22,34,2023-08-15T23:05:13.093Z,468,6
24,35,2023-08-15T23:05:13.093Z,204,4
27,34,2023-08-15T23:05:13.093Z,812,5
34,18,2023-08-15T23:05:13.093Z,563,7
35,30,2023-08-15T23:05:13.093Z,554,10
2,1,2023-08-15T23:05:23.093Z,553,1
7,1,2023-08-15T23:05:23.093Z,194,1
10,5,2023-08-15T23:05:23.093Z,714,2
13,14,2023-08-15T23:05:23.093Z,952,13
16,20,2023-08-15T23:05:23.093Z,606,3
17,22,2023-08-15T23:05:23.093Z,701,9
18,20,2023-08-15T23:05:23.093Z,801,3
20,26,2023-08-15T23:05:23.093Z,610,4
22,25,2023-08-15T23:05:23.093Z,567,6
27,31,2023-08-15T23:05:23.093Z,401,5
30,32,2023-08-15T23:05:23.093Z,554,12
35,30,2023-08-15T23:05:23.093Z,995,10
0,6,2023-08-15T23:05:33.093Z,682,1
2,6,2023-08-15T23:05:33.093Z,298,1
15,17,2023-08-15T23:05:33.093Z,19,3
18,12,2023-08-15T23:05:33.093Z,846,3
21,16,2023-08-15T23:05:33.093Z,894,9
27,34,2023-08-15T23:05:33.093Z,990,5
30,32,2023-08-15T23:05:33.093Z,995,12
32,34,2023-08-15T23:05:33.093Z,554,6
34,0,2023-08-15T23:05:33.093Z,350,7
5,20,2023-08-15T23:05:43.093Z,24,3
6,7,2023-08-15T23:05:43.093Z,682,8
7,1,2023-08-15T23:05:43.093Z,471,1
13,8,2023-08-15T23:05:43.093Z,945,13
15,12,2023-08-15T23:05:43.093Z,423,3
17,23,2023-08-15T23:05:43.093Z,67,9
18,17,2023-08-15T23:05:43.093Z,563,3
20,26,2023-08-15T23:05:43.093Z,295,4
22,34,2023-08-15T23:05:43.093Z,370,6
27,34,2023-08-15T23:05:43.093Z,393,5
32,34,2023-08-15T23:05:43.093Z,995,6
34,18,2023-08-15T23:05:43.093Z,307,7
0,6,2023-08-15T23:05:53.093Z,350,1
5,13,2023-08-15T23:05:53.093Z,714,3
6,7,2023-08-15T23:05:53.093Z,298,8
7,6,2023-08-15T23:05:53.093Z,257,1
8,5,2023-08-15T23:05:53.093Z,945,2
17,22,2023-08-15T23:05:53.093Z,293,9
20,35,2023-08-15T23:05:53.093Z,786,4
27,34,2023-08-15T23:05:53.093Z,422,5
5,17,2023-08-15T23:06:03.093Z,945,3
6,10,2023-08-15T23:06:03.093Z,350,8
7,3,2023-08-15T23:06:03.093Z,525,1
20,26,2023-08-15T23:06:03.093Z,606,4
23,15,2023-08-15T23:06:03.093Z,67,14
26,27,2023-08-15T23:06:03.093Z,626,11
27,31,2023-08-15T23:06:03.093Z,365,5
31,32,2023-08-15T23:06:03.093Z,150,12
16,13,2023-08-15T23:06:13.093Z,894,3
17,23,2023-08-15T23:06:13.093Z,727,9
18,17,2023-08-15T23:06:13.093Z,307,3
20,35,2023-08-15T23:06:13.093Z,801,4
22,28,2023-08-15T23:06:13.093Z,701,6
26,27,2023-08-15T23:06:13.093Z,610,11
27,34,2023-08-15T23:06:13.093Z,734,5
32,25,2023-08-15T23:06:13.093Z,150,6
34,33,2023-08-15T23:06:13.093Z,982,7
35,30,2023-08-15T23:06:13.093Z,786,10
7,1,2023-08-15T23:06:23.093Z,957,1
12,7,2023-08-15T23:06:23.093Z,423,8
20,26,2023-08-15T23:06:23.093Z,24,4
26,27,2023-08-15T23:06:23.093Z,295,11
27,31,2023-08-15T23:06:23.093Z,626,5
28,29,2023-08-15T23:06:23.093Z,701,10
33,25,2023-08-15T23:06:23.093Z,598,6
1,33,2023-08-15T23:06:33.093Z,944,7
7,3,2023-08-15T23:06:33.093Z,682,1
10,9,2023-08-15T23:06:33.093Z,350,2
17,22,2023-08-15T23:06:33.093Z,559,9
22,25,2023-08-15T23:06:33.093Z,293,6
23,15,2023-08-15T23:06:33.093Z,727,14
25,15,2023-08-15T23:06:33.093Z,567,14
26,27,2023-08-15T23:06:33.093Z,606,11
29,27,2023-08-15T23:06:33.093Z,701,11
30,32,2023-08-15T23:06:33.093Z,786,12
33,21,2023-08-15T23:06:33.093Z,807,6
35,30,2023-08-15T23:06:33.093Z,801,10
6,10,2023-08-15T23:06:43.093Z,257,8
7,1,2023-08-15T23:06:43.093Z,298,1
9,14,2023-08-15T23:06:43.093Z,350,13
13,8,2023-08-15T23:06:43.093Z,714,13
14,19,2023-08-15T23:06:43.093Z,217,3
17,23,2023-08-15T23:06:43.093Z,641,9
21,22,2023-08-15T23:06:43.093Z,807,9
22,25,2023-08-15T23:06:43.093Z,564,6
26,27,2023-08-15T23:06:43.093Z,867,11
31,32,2023-08-15T23:06:43.093Z,365,12
33,21,2023-08-15T23:06:43.093Z,788,6
1,18,2023-08-15T23:06:53.093Z,521,7
3,11,2023-08-15T23:06:53.093Z,682,2
7,3,2023-08-15T23:06:53.093Z,423,1
8,9,2023-08-15T23:06:53.093Z,714,2
10,11,2023-08-15T23:06:53.093Z,257,2
13,14,2023-08-15T23:06:53.093Z,894,13
14,19,2023-08-15T23:06:53.093Z,227,3
15,12,2023-08-15T23:06:53.093Z,67,3
17,16,2023-08-15T23:06:53.093Z,962,9
23,24,2023-08-15T23:06:53.093Z,641,14
25,15,2023-08-15T23:06:53.093Z,150,14
26,27,2023-08-15T23:06:53.093Z,410,11
27,34,2023-08-15T23:06:53.093Z,610,5
31,32,2023-08-15T23:06:53.093Z,626,12
32,28,2023-08-15T23:06:53.093Z,365,6
33,21,2023-08-15T23:06:53.093Z,318,6
1,18,2023-08-15T23:07:03.093Z,636,7
6,7,2023-08-15T23:07:03.093Z,806,8
9,14,2023-08-15T23:07:03.093Z,714,13
11,10,2023-08-15T23:07:03.093Z,682,8
14,12,2023-08-15T23:07:03.093Z,952,3
33,21,2023-08-15T23:07:03.093Z,898,6
34,33,2023-08-15T23:07:03.093Z,189,7
3,5,2023-08-15T23:07:13.093Z,423,2
14,17,2023-08-15T23:07:13.093Z,350,3
15,20,2023-08-15T23:07:13.093Z,727,3
17,22,2023-08-15T23:07:13.093Z,660,9
18,17,2023-08-15T23:07:13.093Z,521,3
21,22,2023-08-15T23:07:13.093Z,788,9
22,25,2023-08-15T23:07:13.093Z,559,6
27,31,2023-08-15T23:07:13.093Z,295,5
33,25,2023-08-15T23:07:13.093Z,385,6
34,0,2023-08-15T23:07:13.093Z,324,7
5,17,2023-08-15T23:07:23.093Z,423,3
14,19,2023-08-15T23:07:23.093Z,894,3
15,19,2023-08-15T23:07:23.093Z,567,3
17,23,2023-08-15T23:07:23.093Z,289,9
24,35,2023-08-15T23:07:23.093Z,641,4
25,24,2023-08-15T23:07:23.093Z,598,14
33,21,2023-08-15T23:07:23.093Z,148,6
1,33,2023-08-15T23:07:33.093Z,46,7
12,10,2023-08-15T23:07:33.093Z,67,8
17,22,2023-08-15T23:07:33.093Z,73,9
18,12,2023-08-15T23:07:33.093Z,636,3
21,16,2023-08-15T23:07:33.093Z,318,9
24,26,2023-08-15T23:07:33.093Z,598,4
27,31,2023-08-15T23:07:33.093Z,606,5
31,32,2023-08-15T23:07:33.093Z,295,12
32,25,2023-08-15T23:07:33.093Z,626,6
33,21,2023-08-15T23:07:33.093Z,979,6
1,33,2023-08-15T23:07:43.093Z,897,7
7,1,2023-08-15T23:07:43.093Z,806,1
14,17,2023-08-15T23:07:43.093Z,714,3
17,16,2023-08-15T23:07:43.093Z,242,9
25,24,2023-08-15T23:07:43.093Z,293,14
27,31,2023-08-15T23:07:43.093Z,701,5
31,32,2023-08-15T23:07:43.093Z,606,12
32,28,2023-08-15T23:07:43.093Z,295,6
33,28,2023-08-15T23:07:43.093Z,258,6
12,7,2023-08-15T23:07:53.093Z,952,8
25,15,2023-08-15T23:07:53.093Z,564,14
24,35,2023-08-15T23:08:03.093Z,293,4
25,15,2023-08-15T23:08:13.093Z,385,14
28,30,2023-08-15T23:08:13.093Z,357,10
32,21,2023-08-15T23:08:23.093Z,701,6
34,18,2023-08-15T23:08:23.093Z,188,7
25,15,2023-08-15T23:08:33.093Z,626,14
30,32,2023-08-15T23:08:33.093Z,641,12
33,25,2023-08-15T23:08:33.093Z,759,6
34,33,2023-08-15T23:07:43.093Z,121,7
10,9,2023-08-15T23:07:53.093Z,67,2
21,22,2023-08-15T23:07:53.093Z,148,9
26,27,2023-08-15T23:07:53.093Z,24,11
27,31,2023-08-15T23:07:53.093Z,867,5
28,30,2023-08-15T23:07:53.093Z,295,10
31,32,2023-08-15T23:07:53.093Z,401,12
33,28,2023-08-15T23:07:53.093Z,357,6
7,1,2023-08-15T23:08:03.093Z,952,1
9,8,2023-08-15T23:08:03.093Z,67,13
17,22,2023-08-15T23:08:03.093Z,195,9
25,15,2023-08-15T23:08:03.093Z,559,14
27,34,2023-08-15T23:08:03.093Z,410,5
28,30,2023-08-15T23:08:03.093Z,258,10
31,32,2023-08-15T23:08:03.093Z,701,12
32,25,2023-08-15T23:08:03.093Z,606,6
15,4,2023-08-15T23:08:13.093Z,150,3
26,27,2023-08-15T23:08:13.093Z,164,11
3,9,2023-08-15T23:08:23.093Z,324,2
33,28,2023-08-15T23:08:23.093Z,634,6
22,28,2023-08-15T23:08:33.093Z,788,6
27,31,2023-08-15T23:08:33.093Z,24,5
31,32,2023-08-15T23:08:33.093Z,867,12
9,14,2023-08-15T23:08:43.093Z,324,13
18,17,2023-08-15T23:08:43.093Z,188,3
30,32,2023-08-15T23:08:43.093Z,357,12
17,16,2023-08-15T23:08:53.093Z,19,9
28,29,2023-08-15T23:08:53.093Z,97,10
33,28,2023-08-15T23:08:53.093Z,109,6
14,13,2023-08-15T23:09:03.093Z,324,3
25,15,2023-08-15T23:09:03.093Z,401,14
33,21,2023-08-15T23:09:03.093Z,829,6
0,6,2023-08-15T23:09:13.093Z,113,1
16,19,2023-08-15T23:09:13.093Z,962,3
25,15,2023-08-15T23:09:13.093Z,382,14
29,27,2023-08-15T23:09:13.093Z,204,11
32,25,2023-08-15T23:09:13.093Z,634,6
33,25,2023-08-15T23:08:03.093Z,400,6
35,30,2023-08-15T23:08:03.093Z,641,10
8,5,2023-08-15T23:08:13.093Z,67,2
27,34,2023-08-15T23:08:13.093Z,569,5
33,25,2023-08-15T23:08:13.093Z,382,6
17,16,2023-08-15T23:08:33.093Z,358,9
34,18,2023-08-15T23:08:33.093Z,871,7
22,21,2023-08-15T23:08:43.093Z,73,6
18,20,2023-08-15T23:08:53.093Z,871,3
32,25,2023-08-15T23:08:53.093Z,867,6
17,23,2023-08-15T23:09:03.093Z,563,9
24,26,2023-08-15T23:09:03.093Z,400,4
35,29,2023-08-15T23:09:03.093Z,204,10
23,24,2023-08-15T23:09:13.093Z,563,14
33,21,2023-08-15T23:09:13.093Z,843,6
5,4,2023-08-15T23:08:43.093Z,67,3
17,16,2023-08-15T23:08:43.093Z,463,9
25,15,2023-08-15T23:08:43.093Z,606,14
33,28,2023-08-15T23:08:43.093Z,97,6
19,33,2023-08-15T23:08:53.093Z,118,7
30,32,2023-08-15T23:08:53.093Z,634,12
35,30,2023-08-15T23:08:53.093Z,293,10
21,16,2023-08-15T23:09:03.093Z,979,9
32,25,2023-08-15T23:09:03.093Z,357,6
34,18,2023-08-15T23:09:03.093Z,79,7
11,10,2023-08-15T23:09:13.093Z,150,8
21,16,2023-08-15T23:09:13.093Z,701,9
28,29,2023-08-15T23:09:13.093Z,109,10
31,32,2023-08-15T23:09:13.093Z,24,12
34,33,2023-08-15T23:09:13.093Z,750,7
34,33,2023-08-15T23:08:03.093Z,728,7
0,3,2023-08-15T23:08:13.093Z,324,1
17,16,2023-08-15T23:08:13.093Z,465,9
32,25,2023-08-15T23:08:13.093Z,401,6
22,34,2023-08-15T23:08:23.093Z,660,6
28,30,2023-08-15T23:08:33.093Z,634,10
15,13,2023-08-15T23:08:43.093Z,564,3
4,11,2023-08-15T23:08:53.093Z,150,2
25,24,2023-08-15T23:08:53.093Z,400,14
34,0,2023-08-15T23:08:53.093Z,113,7
22,28,2023-08-15T23:09:03.093Z,195,6
27,34,2023-08-15T23:09:03.093Z,164,5
13,14,2023-08-15T23:09:13.093Z,564,13
30,32,2023-08-15T23:09:13.093Z,293,12
13,14,2023-08-15T23:11:03.093Z,626,13
16,19,2023-08-15T23:11:13.093Z,423,3
26,27,2023-08-15T23:11:13.093Z,947,11
25,15,2023-08-15T23:11:23.093Z,121,14
6,10,2023-08-15T23:11:33.093Z,894,8
14,12,2023-08-15T23:11:33.093Z,626,3
8,5,2023-08-15T23:11:43.093Z,150,2
7,3,2023-08-15T23:12:03.093Z,860,1
22,25,2023-08-15T23:12:13.093Z,331,6
17,22,2023-08-15T23:12:33.093Z,867,9
24,35,2023-08-15T23:12:33.093Z,979,4
28,29,2023-08-15T23:12:33.093Z,540,10
33,21,2023-08-15T23:12:33.093Z,255,6
34,33,2023-08-15T23:12:33.093Z,612,7
3,9,2023-08-15T23:11:03.093Z,358,2
11,10,2023-08-15T23:11:03.093Z,701,8
25,15,2023-08-15T23:11:03.093Z,897,14
18,12,2023-08-15T23:11:13.093Z,690,3
15,20,2023-08-15T23:11:23.093Z,401,3
34,33,2023-08-15T23:11:23.093Z,84,7
34,33,2023-08-15T23:11:33.093Z,210,7
4,2,2023-08-15T23:11:43.093Z,960,2
13,14,2023-08-15T23:11:43.093Z,73,13
34,33,2023-08-15T23:11:43.093Z,255,7
17,22,2023-08-15T23:11:53.093Z,676,9
34,33,2023-08-15T23:12:03.093Z,322,7
19,0,2023-08-15T23:12:13.093Z,217,7
27,31,2023-08-15T23:12:13.093Z,944,5
3,5,2023-08-15T23:12:23.093Z,860,2
14,4,2023-08-15T23:12:23.093Z,358,3
21,16,2023-08-15T23:12:23.093Z,998,9
21,23,2023-08-15T23:12:33.093Z,84,9
19,0,2023-08-15T23:11:13.093Z,853,7
9,8,2023-08-15T23:11:03.093Z,150,13
8,5,2023-08-15T23:11:03.093Z,979,2
34,0,2023-08-15T23:11:03.093Z,383,7
14,20,2023-08-15T23:11:13.093Z,19,3
34,33,2023-08-15T23:11:13.093Z,15,7
21,16,2023-08-15T23:11:33.093Z,46,9
16,17,2023-08-15T23:11:43.093Z,465,3
2,3,2023-08-15T23:11:53.093Z,960,1
27,31,2023-08-15T23:11:53.093Z,195,5
15,17,2023-08-15T23:12:03.093Z,867,3
27,31,2023-08-15T23:12:03.093Z,820,5
6,7,2023-08-15T23:12:13.093Z,853,8
9,14,2023-08-15T23:12:13.093Z,606,13
25,15,2023-08-15T23:12:23.093Z,324,14
28,30,2023-08-15T23:12:23.093Z,15,10
3,5,2023-08-15T23:12:33.093Z,894,2
14,12,2023-08-15T23:12:33.093Z,73,3
33,21,2023-08-15T23:11:03.093Z,750,6
0,6,2023-08-15T23:11:13.093Z,894,1
15,4,2023-08-15T23:11:13.093Z,606,3
17,16,2023-08-15T23:11:13.093Z,385,9
33,21,2023-08-15T23:11:13.093Z,998,6
16,20,2023-08-15T23:11:23.093Z,895,3
10,11,2023-08-15T23:11:43.093Z,894,2
15,12,2023-08-15T23:11:43.093Z,382,3
33,25,2023-08-15T23:11:23.093Z,418,6
0,6,2023-08-15T23:11:33.093Z,860,1
9,14,2023-08-15T23:11:33.093Z,358,13
17,22,2023-08-15T23:11:33.093Z,324,9
25,15,2023-08-15T23:11:33.093Z,118,14
0,3,2023-08-15T23:11:43.093Z,383,1
6,7,2023-08-15T23:11:43.093Z,860,8
23,15,2023-08-15T23:11:43.093Z,216,14
15,12,2023-08-15T23:11:53.093Z,759,3
4,9,2023-08-15T23:12:03.093Z,606,2
27,31,2023-08-15T23:09:23.093Z,204,5
21,16,2023-08-15T23:09:33.093Z,73,9
25,15,2023-08-15T23:09:33.093Z,867,14
34,18,2023-08-15T23:09:33.093Z,102,7
18,4,2023-08-15T23:09:43.093Z,79,3
26,27,2023-08-15T23:09:43.093Z,563,11
17,22,2023-08-15T23:09:53.093Z,350,9
23,24,2023-08-15T23:10:03.093Z,307,14
8,5,2023-08-15T23:10:13.093Z,324,2
33,25,2023-08-15T23:10:13.093Z,897,6
16,13,2023-08-15T23:10:23.093Z,19,3
28,29,2023-08-15T23:10:23.093Z,944,10
28,29,2023-08-15T23:10:33.093Z,189,10
34,18,2023-08-15T23:10:33.093Z,960,7
32,28,2023-08-15T23:09:43.093Z,293,6
34,33,2023-08-15T23:09:43.093Z,418,7
16,12,2023-08-15T23:10:13.093Z,463,3
17,16,2023-08-15T23:10:13.093Z,423,9
19,0,2023-08-15T23:10:33.093Z,894,7
29,27,2023-08-15T23:09:43.093Z,195,11
32,21,2023-08-15T23:09:53.093Z,24,6
16,12,2023-08-15T23:10:03.093Z,358,3
15,19,2023-08-15T23:10:33.093Z,559,3
15,17,2023-08-15T23:10:43.093Z,385,3
5,17,2023-08-15T23:10:53.093Z,324,3
20,35,2023-08-15T23:09:53.093Z,871,4
21,22,2023-08-15T23:09:53.093Z,829,9
4,5,2023-08-15T23:10:03.093Z,79,2
22,25,2023-08-15T23:10:03.093Z,350,6
23,15,2023-08-15T23:10:13.093Z,521,14
2,3,2023-08-15T23:10:23.093Z,150,1
21,22,2023-08-15T23:10:23.093Z,24,9
34,0,2023-08-15T23:10:23.093Z,755,7
16,4,2023-08-15T23:10:43.093Z,701,3
25,15,2023-08-15T23:10:53.093Z,350,14
33,28,2023-08-15T23:09:43.093Z,944,6
10,9,2023-08-15T23:09:53.093Z,113,2
33,28,2023-08-15T23:09:53.093Z,189,6
18,20,2023-08-15T23:10:03.093Z,102,3
33,21,2023-08-15T23:10:03.093Z,46,6
24,35,2023-08-15T23:10:13.093Z,307,4
32,34,2023-08-15T23:10:13.093Z,204,6
17,16,2023-08-15T23:10:23.093Z,714,9
25,15,2023-08-15T23:10:23.093Z,634,14
16,13,2023-08-15T23:10:33.093Z,979,3
5,12,2023-08-15T23:10:43.093Z,79,3
28,29,2023-08-15T23:10:43.093Z,728,10
1,18,2023-08-15T23:10:53.093Z,690,7
13,8,2023-08-15T23:09:53.093Z,324,13
28,29,2023-08-15T23:09:53.093Z,293,10
17,23,2023-08-15T23:10:03.093Z,521,9
27,31,2023-08-15T23:10:03.093Z,563,5
12,7,2023-08-15T23:10:23.093Z,358,8
33,25,2023-08-15T23:10:23.093Z,121,6
20,26,2023-08-15T23:10:33.093Z,102,4
33,28,2023-08-15T23:10:33.093Z,728,6
7,3,2023-08-15T23:10:43.093Z,358,1
4,11,2023-08-15T23:10:53.093Z,701,2
16,13,2023-08-15T23:10:53.093Z,73,3
26,27,2023-08-15T23:10:53.093Z,102,11
25,15,2023-08-15T23:10:33.093Z,760,14
0,6,2023-08-15T23:10:43.093Z,755,1
1,0,2023-08-15T23:10:43.093Z,860,7
13,14,2023-08-15T23:10:43.093Z,19,13
15,13,2023-08-15T23:10:53.093Z,626,3
17,22,2023-08-15T23:10:33.093Z,188,9
29,27,2023-08-15T23:10:33.093Z,944,11
3,9,2023-08-15T23:10:43.093Z,150,2
25,15,2023-08-15T23:10:43.093Z,982,14
33,25,2023-08-15T23:10:43.093Z,118,6
13,8,2023-08-15T23:10:53.093Z,979,13
18,4,2023-08-15T23:10:53.093Z,960,3
22,28,2023-08-15T23:10:53.093Z,24,6
10,9,2023-08-15T23:19:23.093Z,690,2
35,30,2023-08-15T23:19:23.093Z,309,10
12,10,2023-08-15T23:19:33.093Z,626,8
16,4,2023-08-15T23:19:33.093Z,753,3
3,9,2023-08-15T23:19:43.093Z,284,2
5,4,2023-08-15T23:19:43.093Z,808,3
12,7,2023-08-15T23:19:43.093Z,382,8
17,23,2023-08-15T23:12:03.093Z,979,9
3,11,2023-08-15T23:12:13.093Z,960,2
16,12,2023-08-15T23:12:13.093Z,385,3
23,24,2023-08-15T23:12:13.093Z,979,14
11,10,2023-08-15T23:12:23.093Z,960,8
22,34,2023-08-15T23:12:23.093Z,676,6
33,21,2023-08-15T23:12:23.093Z,210,6
10,9,2023-08-15T23:12:33.093Z,960,2
5,17,2023-08-15T23:11:23.093Z,979,3
0,6,2023-08-15T23:11:53.093Z,853,1
22,25,2023-08-15T23:11:53.093Z,324,6
11,7,2023-08-15T23:12:03.093Z,894,8
33,28,2023-08-15T23:12:03.093Z,15,6
7,3,2023-08-15T23:12:13.093Z,894,1
21,23,2023-08-15T23:12:13.093Z,750,9
33,21,2023-08-15T23:12:13.093Z,84,6
17,22,2023-08-15T23:12:23.093Z,465,9
27,31,2023-08-15T23:12:23.093Z,102,5
15,20,2023-08-15T23:12:33.093Z,634,3
20,35,2023-08-15T23:12:33.093Z,19,4
23,24,2023-08-15T23:12:33.093Z,750,14
27,34,2023-08-15T23:12:33.093Z,947,5
30,32,2023-08-15T23:12:33.093Z,15,12
4,11,2023-08-15T23:14:23.093Z,544,2
15,12,2023-08-15T23:14:23.093Z,331,3
28,30,2023-08-15T23:14:23.093Z,255,10
34,18,2023-08-15T23:14:23.093Z,338,7
11,10,2023-08-15T23:14:33.093Z,544,8
14,17,2023-08-15T23:14:33.093Z,121,3
20,35,2023-08-15T23:14:33.093Z,216,4
22,25,2023-08-15T23:14:33.093Z,15,6
28,30,2023-08-15T23:14:33.093Z,268,10
32,25,2023-08-15T23:14:33.093Z,979,6
34,33,2023-08-15T23:14:33.093Z,261,7
10,2,2023-08-15T23:14:43.093Z,544,2
15,17,2023-08-15T23:14:43.093Z,350,3
18,17,2023-08-15T23:14:43.093Z,338,3
25,24,2023-08-15T23:14:43.093Z,139,14
32,34,2023-08-15T23:14:43.093Z,820,6
2,3,2023-08-15T23:14:53.093Z,544,1
7,6,2023-08-15T23:14:53.093Z,932,1
21,16,2023-08-15T23:14:53.093Z,195,9
25,15,2023-08-15T23:14:53.093Z,15,14
31,32,2023-08-15T23:14:53.093Z,760,12
34,0,2023-08-15T23:14:53.093Z,887,7
0,6,2023-08-15T23:15:03.093Z,501,1
17,16,2023-08-15T23:15:03.093Z,945,9
26,27,2023-08-15T23:15:03.093Z,758,11
32,21,2023-08-15T23:15:03.093Z,944,6
0,3,2023-08-15T23:15:13.093Z,887,1
6,10,2023-08-15T23:15:13.093Z,932,8
20,26,2023-08-15T23:15:13.093Z,754,4
22,25,2023-08-15T23:15:13.093Z,322,6
34,18,2023-08-15T23:15:13.093Z,716,7
18,12,2023-08-15T23:15:23.093Z,664,3
34,0,2023-08-15T23:15:23.093Z,99,7
27,34,2023-08-15T23:15:33.093Z,967,5
18,13,2023-08-15T23:15:43.093Z,716,3
5,20,2023-08-15T23:14:23.093Z,754,3
18,20,2023-08-15T23:14:23.093Z,931,3
27,31,2023-08-15T23:14:23.093Z,760,5
30,32,2023-08-15T23:14:23.093Z,871,12
4,11,2023-08-15T23:14:33.093Z,932,2
13,14,2023-08-15T23:14:33.093Z,787,13
15,19,2023-08-15T23:14:33.093Z,465,3
21,22,2023-08-15T23:14:33.093Z,322,9
27,34,2023-08-15T23:14:33.093Z,401,5
30,32,2023-08-15T23:14:33.093Z,255,12
33,21,2023-08-15T23:14:33.093Z,423,6
2,6,2023-08-15T23:14:43.093Z,381,1
11,7,2023-08-15T23:14:43.093Z,932,8
17,22,2023-08-15T23:14:43.093Z,998,9
21,22,2023-08-15T23:14:43.093Z,19,9
27,31,2023-08-15T23:14:43.093Z,612,5
35,30,2023-08-15T23:14:43.093Z,216,10
6,10,2023-08-15T23:14:53.093Z,381,8
20,26,2023-08-15T23:14:53.093Z,242,4
24,35,2023-08-15T23:14:53.093Z,139,4
30,32,2023-08-15T23:14:53.093Z,216,12
32,34,2023-08-15T23:14:53.093Z,895,6
35,29,2023-08-15T23:14:53.093Z,967,10
21,22,2023-08-15T23:13:23.093Z,255,9
30,32,2023-08-15T23:13:23.093Z,19,12
31,32,2023-08-15T23:13:23.093Z,195,12
34,18,2023-08-15T23:13:23.093Z,479,7
35,29,2023-08-15T23:13:23.093Z,401,10
10,5,2023-08-15T23:13:33.093Z,358,2
11,10,2023-08-15T23:13:33.093Z,860,8
16,17,2023-08-15T23:13:33.093Z,998,3
26,27,2023-08-15T23:13:33.093Z,760,11
27,34,2023-08-15T23:13:33.093Z,540,5
29,27,2023-08-15T23:13:33.093Z,401,11
30,32,2023-08-15T23:13:33.093Z,979,12
32,21,2023-08-15T23:13:33.093Z,19,6
34,0,2023-08-15T23:13:33.093Z,381,7
35,30,2023-08-15T23:13:33.093Z,750,10
5,12,2023-08-15T23:13:43.093Z,606,3
10,9,2023-08-15T23:13:43.093Z,860,2
13,14,2023-08-15T23:13:43.093Z,544,13
16,20,2023-08-15T23:13:43.093Z,758,3
19,18,2023-08-15T23:13:43.093Z,932,7
28,29,2023-08-15T23:13:43.093Z,612,10
31,32,2023-08-15T23:13:43.093Z,820,12
34,33,2023-08-15T23:13:43.093Z,139,7
35,30,2023-08-15T23:13:43.093Z,895,10
0,3,2023-08-15T23:13:53.093Z,381,1
4,5,2023-08-15T23:13:53.093Z,754,2
5,17,2023-08-15T23:13:53.093Z,853,3
13,14,2023-08-15T23:13:53.093Z,121,13
15,20,2023-08-15T23:13:53.093Z,216,3
18,17,2023-08-15T23:13:53.093Z,479,3
19,33,2023-08-15T23:13:53.093Z,423,7
29,27,2023-08-15T23:13:53.093Z,612,11
30,32,2023-08-15T23:13:53.093Z,895,12
34,18,2023-08-15T23:13:53.093Z,787,7
14,4,2023-08-15T23:14:03.093Z,544,3
18,4,2023-08-15T23:14:03.093Z,932,3
21,22,2023-08-15T23:14:03.093Z,15,9
22,28,2023-08-15T23:14:03.093Z,255,6
31,32,2023-08-15T23:14:03.093Z,944,12
33,28,2023-08-15T23:14:03.093Z,268,6
34,18,2023-08-15T23:14:03.093Z,931,7
3,2,2023-08-15T23:14:13.093Z,381,2
16,20,2023-08-15T23:14:13.093Z,242,3
18,13,2023-08-15T23:14:13.093Z,787,3
20,26,2023-08-15T23:14:13.093Z,758,4
32,21,2023-08-15T23:14:13.093Z,195,6
33,25,2023-08-15T23:14:13.093Z,139,6
34,0,2023-08-15T23:14:13.093Z,501,7
35,30,2023-08-15T23:14:13.093Z,871,10
3,9,2023-08-16T04:34:43.093Z,5,2
4,11,2023-08-16T04:34:43.093Z,974,2
6,7,2023-08-16T04:34:43.093Z,388,8
0,3,2023-08-16T04:34:53.093Z,383,1
9,14,2023-08-16T04:34:53.093Z,5,13
11,7,2023-08-16T04:34:53.093Z,974,8
17,22,2023-08-16T04:34:53.093Z,787,9
27,31,2023-08-16T04:34:53.093Z,4,5
31,32,2023-08-16T04:34:53.093Z,497,12
32,34,2023-08-16T04:34:53.093Z,352,6
34,18,2023-08-16T04:34:53.093Z,698,7
1,33,2023-08-16T04:35:03.093Z,194,7
7,1,2023-08-16T04:35:03.093Z,388,1
12,10,2023-08-16T04:35:03.093Z,315,8
14,17,2023-08-16T04:35:03.093Z,93,3
16,13,2023-08-16T04:35:03.093Z,929,3
19,33,2023-08-16T04:35:03.093Z,672,7
1,18,2023-08-16T04:35:13.093Z,828,7
9,14,2023-08-16T04:35:13.093Z,279,13
10,2,2023-08-16T04:35:13.093Z,315,2
18,13,2023-08-16T04:35:13.093Z,698,3
22,28,2023-08-16T04:35:13.093Z,787,6
27,31,2023-08-16T04:35:13.093Z,158,5
32,34,2023-08-16T04:35:13.093Z,725,6
7,3,2023-08-16T04:35:23.093Z,974,1
27,34,2023-08-16T04:35:23.093Z,166,5
31,32,2023-08-16T04:35:23.093Z,4,12
1,33,2023-08-16T04:35:33.093Z,262,7
13,8,2023-08-16T04:35:33.093Z,698,13
20,26,2023-08-16T04:35:33.093Z,133,4
31,32,2023-08-16T04:35:33.093Z,158,12
34,18,2023-08-16T04:35:33.093Z,169,7
2,1,2023-08-16T04:35:43.093Z,315,1
14,12,2023-08-16T04:35:43.093Z,279,3
3,5,2023-08-15T23:15:03.093Z,544,2
25,15,2023-08-15T23:15:03.093Z,979,14
29,27,2023-08-15T23:15:03.093Z,967,11
34,18,2023-08-15T23:15:03.093Z,664,7
5,12,2023-08-15T23:15:13.093Z,544,3
17,16,2023-08-15T23:15:13.093Z,853,9
21,22,2023-08-15T23:15:13.093Z,423,9
32,34,2023-08-15T23:15:13.093Z,871,6
6,10,2023-08-15T23:15:23.093Z,501,8
25,24,2023-08-15T23:15:23.093Z,322,14
24,26,2023-08-15T23:15:33.093Z,322,4
32,25,2023-08-15T23:15:33.093Z,255,6
1,33,2023-08-15T23:15:53.093Z,298,7
17,16,2023-08-15T23:15:53.093Z,350,9
22,34,2023-08-15T23:15:23.093Z,148,6
27,34,2023-08-15T23:15:23.093Z,758,5
33,21,2023-08-15T23:15:33.093Z,261,6
10,9,2023-08-15T23:15:43.093Z,932,2
10,5,2023-08-15T23:15:53.093Z,501,2
32,21,2023-08-15T23:15:53.093Z,216,6
22,25,2023-08-15T23:15:43.093Z,19,6
15,12,2023-08-15T23:15:53.093Z,15,3
23,24,2023-08-15T23:15:53.093Z,121,14
26,27,2023-08-15T23:15:23.093Z,242,11
17,23,2023-08-15T23:15:33.093Z,121,9
0,3,2023-08-15T23:15:43.093Z,99,1
9,14,2023-08-15T23:15:53.093Z,932,13
22,25,2023-08-15T23:15:53.093Z,423,6
1,0,2023-08-15T23:16:03.093Z,202,7
15,4,2023-08-15T23:16:03.093Z,979,3
24,35,2023-08-15T23:16:03.093Z,121,4
1,18,2023-08-15T23:16:13.093Z,284,7
11,7,2023-08-15T23:16:13.093Z,257,8
25,15,2023-08-15T23:16:13.093Z,255,14
10,2,2023-08-15T23:16:03.093Z,682,2
17,16,2023-08-15T23:16:03.093Z,338,9
32,21,2023-08-15T23:16:03.093Z,760,6
2,6,2023-08-15T23:16:13.093Z,682,1
13,14,2023-08-15T23:16:13.093Z,716,13
27,31,2023-08-15T23:16:13.093Z,242,5
3,5,2023-08-15T23:16:23.093Z,99,2
6,7,2023-08-15T23:16:23.093Z,682,8
14,13,2023-08-15T23:16:23.093Z,932,3
25,24,2023-08-15T23:16:23.093Z,19,14
35,29,2023-08-15T23:16:23.093Z,121,10
1,0,2023-08-15T23:16:33.093Z,806,7
4,5,2023-08-15T23:16:33.093Z,278,2
7,1,2023-08-15T23:16:33.093Z,257,1
14,20,2023-08-15T23:16:33.093Z,716,3
16,4,2023-08-15T23:16:33.093Z,945,3
18,4,2023-08-15T23:16:33.093Z,284,3
21,16,2023-08-15T23:16:33.093Z,216,9
29,27,2023-08-15T23:16:33.093Z,121,11
33,28,2023-08-15T23:16:33.093Z,298,6
0,6,2023-08-15T23:16:43.093Z,202,1
1,0,2023-08-15T23:16:43.093Z,48,7
5,17,2023-08-15T23:16:43.093Z,99,3
16,13,2023-08-15T23:16:43.093Z,853,3
21,16,2023-08-15T23:16:43.093Z,760,9
24,26,2023-08-15T23:16:43.093Z,19,4
28,29,2023-08-15T23:16:43.093Z,298,10
34,33,2023-08-15T23:16:43.093Z,753,7
6,10,2023-08-15T23:16:53.093Z,202,8
7,1,2023-08-15T23:16:53.093Z,682,1
13,8,2023-08-15T23:16:53.093Z,932,13
16,20,2023-08-15T23:16:53.093Z,350,3
27,31,2023-08-15T23:16:53.093Z,121,5
29,27,2023-08-15T23:16:53.093Z,298,11
34,33,2023-08-15T23:16:53.093Z,780,7
5,20,2023-08-15T23:17:03.093Z,278,3
13,14,2023-08-15T23:17:03.093Z,853,13
20,35,2023-08-15T23:17:03.093Z,716,4
31,32,2023-08-15T23:17:03.093Z,242,12
0,6,2023-08-15T23:17:13.093Z,806,1
4,5,2023-08-15T23:17:13.093Z,945,2
7,1,2023-08-15T23:17:13.093Z,362,1
15,20,2023-08-15T23:17:13.093Z,255,3
16,13,2023-08-15T23:17:13.093Z,216,3
22,34,2023-08-15T23:17:13.093Z,829,6
27,31,2023-08-15T23:17:13.093Z,298,5
32,21,2023-08-15T23:17:13.093Z,242,6
33,21,2023-08-15T23:17:13.093Z,753,6
34,33,2023-08-15T23:17:13.093Z,409,7
0,6,2023-08-15T23:17:23.093Z,48,1
16,12,2023-08-15T23:17:23.093Z,760,3
17,23,2023-08-15T23:17:23.093Z,99,9
20,26,2023-08-15T23:17:23.093Z,350,4
23,15,2023-08-15T23:17:23.093Z,408,14
26,27,2023-08-15T23:17:23.093Z,19,11
32,34,2023-08-15T23:17:23.093Z,666,6
35,30,2023-08-15T23:17:23.093Z,716,10
4,5,2023-08-15T23:17:33.093Z,284,2
5,13,2023-08-15T23:17:33.093Z,945,3
10,2,2023-08-15T23:17:33.093Z,381,2
15,13,2023-08-15T23:17:33.093Z,186,3
20,35,2023-08-15T23:17:33.093Z,278,4
23,15,2023-08-15T23:17:33.093Z,99,14
26,27,2023-08-15T23:17:33.093Z,350,11
30,32,2023-08-15T23:17:33.093Z,716,12
2,1,2023-08-15T23:17:43.093Z,381,1
5,12,2023-08-15T23:17:43.093Z,332,3
21,23,2023-08-15T23:17:43.093Z,242,9
31,32,2023-08-15T23:17:43.093Z,298,12
1,33,2023-08-15T23:17:53.093Z,828,7
5,13,2023-08-15T23:17:53.093Z,284,3
13,14,2023-08-15T23:17:53.093Z,216,13
22,25,2023-08-15T23:17:53.093Z,807,6
32,21,2023-08-15T23:17:53.093Z,716,6
35,29,2023-08-15T23:17:53.093Z,278,10
6,10,2023-08-15T23:18:03.093Z,48,8
21,16,2023-08-15T23:18:03.093Z,753,9
23,15,2023-08-15T23:18:03.093Z,242,14
25,15,2023-08-15T23:18:03.093Z,807,14
27,34,2023-08-15T23:18:03.093Z,19,5
29,27,2023-08-15T23:18:03.093Z,278,11
32,25,2023-08-15T23:18:03.093Z,512,6
33,28,2023-08-15T23:18:03.093Z,780,6
34,33,2023-08-15T23:18:03.093Z,892,7
10,2,2023-08-15T23:18:13.093Z,48,2
14,4,2023-08-15T23:18:13.093Z,216,3
21,23,2023-08-15T23:18:13.093Z,716,9
25,15,2023-08-15T23:18:13.093Z,423,14
27,34,2023-08-15T23:18:13.093Z,350,5
28,30,2023-08-15T23:18:13.093Z,780,10
32,25,2023-08-15T23:18:13.093Z,298,6
33,21,2023-08-15T23:18:13.093Z,409,6
4,2,2023-08-15T23:18:23.093Z,216,2
6,7,2023-08-15T23:18:23.093Z,721,8
25,15,2023-08-15T23:18:23.093Z,512,14
10,5,2023-08-15T23:18:33.093Z,808,2
13,14,2023-08-15T23:18:33.093Z,945,13
20,26,2023-08-15T23:18:33.093Z,255,4
21,22,2023-08-15T23:18:33.093Z,409,9
25,15,2023-08-15T23:18:33.093Z,298,14
27,34,2023-08-15T23:18:33.093Z,278,5
30,32,2023-08-15T23:18:33.093Z,780,12
33,25,2023-08-15T23:18:33.093Z,828,6
2,3,2023-08-15T23:18:43.093Z,216,1
9,14,2023-08-15T23:18:43.093Z,296,13
13,14,2023-08-15T23:18:43.093Z,186,13
15,17,2023-08-15T23:18:43.093Z,408,3
24,35,2023-08-15T23:18:43.093Z,880,4
30,32,2023-08-15T23:18:43.093Z,801,12
33,28,2023-08-15T23:18:43.093Z,892,6
3,5,2023-08-15T23:18:53.093Z,216,2
12,10,2023-08-15T23:18:53.093Z,463,8
22,28,2023-08-15T23:18:53.093Z,409,6
25,15,2023-08-15T23:18:53.093Z,828,14
26,27,2023-08-15T23:18:53.093Z,255,11
35,30,2023-08-15T23:18:53.093Z,880,10
1,18,2023-08-15T23:19:03.093Z,526,7
7,1,2023-08-15T23:19:03.093Z,721,1
10,9,2023-08-15T23:19:03.093Z,463,2
13,8,2023-08-15T23:19:03.093Z,284,13
24,35,2023-08-15T23:19:03.093Z,309,4
30,32,2023-08-15T23:19:03.093Z,880,12
8,2,2023-08-15T23:19:13.093Z,284,2
9,14,2023-08-15T23:19:13.093Z,463,13
12,10,2023-08-15T23:19:13.093Z,690,8
14,12,2023-08-15T23:19:13.093Z,945,3
17,16,2023-08-15T23:19:13.093Z,408,9
32,34,2023-08-15T23:19:13.093Z,801,6
8,2,2023-08-15T23:54:23.093Z,276,2
9,14,2023-08-15T23:54:23.093Z,167,13
11,10,2023-08-15T23:54:23.093Z,828,8
17,16,2023-08-15T23:54:23.093Z,932,9
18,20,2023-08-15T23:54:23.093Z,534,3
24,35,2023-08-15T23:54:23.093Z,112,4
25,15,2023-08-15T23:54:23.093Z,150,14
28,29,2023-08-15T23:54:23.093Z,892,10
32,25,2023-08-15T23:54:23.093Z,433,6
33,25,2023-08-15T23:54:23.093Z,154,6
1,0,2023-08-15T23:54:33.093Z,602,7
10,9,2023-08-15T23:54:33.093Z,828,2
25,24,2023-08-15T23:54:33.093Z,246,14
29,27,2023-08-15T23:54:33.093Z,892,11
33,21,2023-08-15T23:54:33.093Z,553,6
34,0,2023-08-15T23:54:33.093Z,16,7
2,3,2023-08-15T23:54:43.093Z,276,1
6,7,2023-08-15T23:54:43.093Z,812,8
10,5,2023-08-15T23:54:43.093Z,381,2
16,12,2023-08-15T23:54:43.093Z,932,3
33,28,2023-08-15T23:54:43.093Z,281,6
3,5,2023-08-15T23:54:53.093Z,276,2
4,11,2023-08-15T23:54:53.093Z,498,2
7,3,2023-08-15T23:54:53.093Z,812,1
9,14,2023-08-15T23:54:53.093Z,828,13
22,34,2023-08-15T23:54:53.093Z,414,6
23,15,2023-08-15T23:54:53.093Z,216,14
24,35,2023-08-15T23:54:53.093Z,246,4
25,24,2023-08-15T23:54:53.093Z,410,14
26,27,2023-08-15T23:54:53.093Z,4,11
33,28,2023-08-15T23:54:53.093Z,375,6
35,29,2023-08-15T23:54:53.093Z,112,10
0,6,2023-08-15T23:55:03.093Z,602,1
4,2,2023-08-15T23:55:03.093Z,894,2
12,7,2023-08-15T23:55:03.093Z,932,8
15,4,2023-08-15T23:55:03.093Z,299,3
24,26,2023-08-15T23:55:03.093Z,410,4
28,30,2023-08-15T23:55:03.093Z,281,10
33,25,2023-08-15T23:55:03.093Z,148,6
11,10,2023-08-15T23:55:13.093Z,498,8
14,20,2023-08-15T23:55:13.093Z,828,3
15,17,2023-08-15T23:55:13.093Z,29,3
25,15,2023-08-15T23:55:13.093Z,183,14
28,29,2023-08-15T23:55:13.093Z,375,10
29,27,2023-08-15T23:55:13.093Z,112,11
33,25,2023-08-15T23:55:13.093Z,451,6
34,33,2023-08-15T23:55:13.093Z,705,7
0,3,2023-08-15T23:55:23.093Z,16,1
2,3,2023-08-15T23:55:23.093Z,894,1
3,11,2023-08-15T23:55:23.093Z,812,2
7,1,2023-08-15T23:55:23.093Z,932,1
10,5,2023-08-15T23:55:23.093Z,498,2
15,4,2023-08-15T23:55:23.093Z,56,3
25,24,2023-08-15T23:55:23.093Z,809,14
34,18,2023-08-15T23:55:23.093Z,342,7
11,10,2023-08-15T23:55:33.093Z,626,8
14,17,2023-08-15T23:55:33.093Z,321,3
15,13,2023-08-15T23:55:33.093Z,361,3
18,17,2023-08-15T23:55:33.093Z,342,3
27,31,2023-08-15T23:55:33.093Z,892,5
29,27,2023-08-15T23:55:33.093Z,375,11
34,33,2023-08-15T23:55:33.093Z,233,7
3,5,2023-08-15T23:55:43.093Z,16,2
10,2,2023-08-15T23:55:43.093Z,626,2
11,10,2023-08-15T23:55:43.093Z,812,8
20,26,2023-08-15T23:55:43.093Z,534,4
24,26,2023-08-15T23:55:43.093Z,809,4
25,24,2023-08-15T23:55:43.093Z,154,14
27,31,2023-08-15T23:55:43.093Z,4,5
33,21,2023-08-15T23:55:43.093Z,705,6
35,29,2023-08-15T23:55:43.093Z,246,10
8,5,2023-08-15T23:57:03.093Z,29,2
20,35,2023-08-15T23:57:23.093Z,342,4
31,32,2023-08-15T23:57:23.093Z,534,12
17,16,2023-08-15T23:55:53.093Z,29,9
4,5,2023-08-15T23:56:03.093Z,299,2
31,32,2023-08-15T23:56:03.093Z,892,12
3,5,2023-08-15T23:56:13.093Z,424,2
18,12,2023-08-15T23:19:43.093Z,526,3
25,15,2023-08-15T23:19:43.093Z,880,14
4,11,2023-08-15T23:19:53.093Z,753,2
5,19,2023-08-15T23:19:53.093Z,216,3
10,2,2023-08-15T23:19:53.093Z,626,2
9,14,2023-08-15T23:20:03.093Z,284,13
6,10,2023-08-15T23:20:13.093Z,382,8
20,35,2023-08-15T23:20:13.093Z,463,4
19,18,2023-08-15T23:20:23.093Z,601,7
24,35,2023-08-15T23:20:23.093Z,454,4
14,12,2023-08-15T23:20:33.093Z,284,3
15,12,2023-08-15T23:20:43.093Z,423,3
34,34,2023-08-15T23:20:43.093Z,974,7
1,18,2023-08-15T23:20:53.093Z,257,7
14,17,2023-08-15T23:19:43.093Z,186,3
7,6,2023-08-15T23:19:53.093Z,382,1
32,21,2023-08-15T23:19:53.093Z,309,6
14,4,2023-08-15T23:19:23.093Z,296,3
32,25,2023-08-15T23:19:23.093Z,880,6
